69869 40980 39161 36094 36102 35953 35441 35268 32671 32320 32145 29314 29465 29800 29111 29099 29249 28576 28494 28699 29241 29822 30258 30743 31229 31558 32003 32345 32852 33390 33900 34321 34833 35193 35525 35848 36200 36679 37113 37698 38346 39065 39714 40293 40754 40983 41170 41578 41755 42273 42890 43129 43012 43191 43865 44293 44577 44802 45016 45388 45818 45883 46151 46394 46839 47229 47232 47411 47600 47988
68893 40597 38786 35773 35791 35443 34905 34766 32350 31938 31907 29139 29282 29312 28713 28877 28970 28184 28283 28556 28942 29465 29883 30371 30676 31099 31494 32020 32602 33199 33686 34175 34717 35066 35487 35920 36242 36653 37087 37761 38417 39130 39654 40185 40490 40721 40915 41186 41516 41933 42591 42535 42683 43184 43456 43889 44344 44493 44736 45090 45362 45641 45915 45957 46353 46713 47010 47156 47340 47652
68199 40308 38433 35443 35504 34998 34518 34529 32204 31857 31751 29013 29153 29176 28611 28735 28880 28088 28140 28386 28639 29130 29574 29854 30310 30669 31195 31729 32305 32906 33425 33938 34494 34949 35488 35996 36530 37240 37893 38685 39457 39964 40218 40345 40602 40656 40892 41239 41408 41833 42122 42396 42681 42960 43315 43707 44164 44390 44605 44914 45226 45460 45742 45890 46360 46719 46915 47036 47271 47513
67812 40053 38232 35261 35468 34796 34326 34256 32128 31618 31546 28947 29174 29018 28503 28750 28689 28012 28179 28309 28590 29090 29331 29764 30161 30716 31311 31922 32527 33141 33682 34261 34886 35383 35937 36451 36988 37748 38489 39197 39169 39529 39688 40138 40298 40481 40784 41031 41321 41515 42040 42405 42607 43082 43398 43778 44344 44441 44746 45023 45375 45522 45900 46161 46806 47353 47501 47573 48004 48117
67103 39514 37874 34915 34908 34342 33807 34065 31832 31341 31263 28744 28831 28884 28173 28228 28321 27757 27816 28050 28318 28589 28924 29315 29873 30463 31069 31674 32294 32925 33512 34127 34810 35401 36101 36762 37393 38117 38233 38299 38630 39001 39524 39892 40180 40431 40627 40945 41061 41586 42082 42269 42605 42838 43200 43623 44012 44344 44480 44727 45016 45308 45724 45990 46647 47032 47209 47352 47560 48007
66583 39015 37532 34547 34543 34050 33541 33551 31626 30955 30899 28509 28557 28495 27939 28151 28072 27536 27565 27785 27855 28304 28704 29248 29860 30475 31119 31789 32533 33299 33967 34612 35289 35830 36432 36953 37457 37697 37607 37966 38326 38847 39240 39675 39955 40208 40455 40711 40966 41451 41810 42218 42444 42805 43225 43625 44074 44258 44495 44829 45188 45455 45731 45914 46465 46882 47056 47217 47523 47885
66060 38674 37277 34324 34242 33777 33250 33241 31459 30703 30749 28411 28316 28555 27800 27875 27870 27402 27548 27495 27718 28139 28598 29173 29804 30434 31081 31790 32552 33398 34149 34834 35570 36104 36692 37078 37084 37088 37331 37699 38202 38719 39191 39590 39942 40111 40323 40619 41056 41210 41835 42248 42647 42946 43473 43750 44227 44529 44884 45202 45622 45966 46316 46527 47194 47396 47365 47614 47839 48245
65500 38306 37041 33905 33646 33419 32855 32566 31203 30218 30223 28201 28300 28244 27493 27682 27714 27190 27185 27402 27850 28335 28722 29328 29943 30657 31389 31896 32661 33343 33959 34623 35265 35696 36191 36417 36272 36592 36953 37481 37991 38546 38959 39393 39656 39870 40111 40356 40640 41086 41725 42129 42456 42889 43325 43821 44345 44604 44877 45260 45624 45914 46271 46397 46835 47136 47349 47546 47835 48150
64880 37989 36778 33615 33280 33009 32508 32271 31058 30099 29994 28086 28202 28102 27409 27536 27580 27101 26987 27324 27567 27982 28522 29092 29838 30537 31021 31725 32363 33075 33741 34333 34955 35441 35790 35790 36094 36505 36893 37452 38064 38726 39290 39710 40104 40067 40320 40695 41130 42005 43090 43703 44094 44727 45319 45933 46603 46936 47382 47970 48484 48970 49426 48974 49241 49403 49537 49530 49554 49867
64215 37646 36288 33267 32968 32709 32218 32061 30919 29815 29900 27891 27903 27795 27274 27432 27355 26945 26928 27053 27209 27817 28361 29160 29902 30288 30989 31576 32267 33072 33793 34507 35034 35242 35359 35702 36000 36460 36967 37720 38513 39103 39162 39627 39669 39829 40099 40575 41316 42102 43301 43999 44485 45285 46060 46742 47650 48048 48666 48908 49240 49812 49809 48702 48959 49156 49225 49241 49398 49641
63333 37339 35741 32690 32349 32071 31624 31680 30601 29578 29562 27609 27673 27521 27029 27029 27405 26738 26611 26636 26998 27536 28235 28925 29346 29993 30547 31153 31892 32752 33504 34012 34449 34592 35108 35561 36091 36772 37299 37724 38239 38560 38993 39216 39511 39676 40102 40812 41423 42208 43364 44067 44645 45231 45975 46767 47577 48073 48175 48587 49139 49180 49269 48349 48711 48857 48841 49039 49115 49570
62734 37080 35331 32274 31843 31632 31225 31173 30313 29275 29266 27405 27504 27201 26728 27013 27038 26508 26348 26511 26839 27580 28152 28546 29250 29759 30387 31054 31950 32765 33309 33728 34026 34537 35054 35598 36079 36653 36896 37382 37686 38295 38481 38945 39298 39561 40097 40690 41328 42200 43365 44136 44585 45379 46142 46691 47563 47645 47937 48569 48633 48787 48725 48001 48293 48413 48668 48725 49358 49417
62031 36459 34557 31540 31038 31069 30655 30721 29849 28965 28917 26957 26952 27233 26420 26514 26538 26215 25937 26246 26647 27208 27521 28188 28788 29378 30003 30786 31539 32237 32701 32988 33677 34184 34819 35347 35804 36126 36387 36724 37317 37793 38282 38865 39456 39828 40328 40941 41656 42642 43743 44337 44536 45347 46032 46581 47111 47378 47889 48064 48056 48085 48035 47565 47987 48194 48230 48726 48743 49494
60892 35801 33672 30729 30353 30233 29916 30030 29178 28261 28263 26338 26360 26478 25880 25980 26115 25634 25507 25750 26094 26418 27025 27546 28150 28730 29513 30201 30870 31479 31856 32523 33215 33834 34580 35195 35621 36028 36293 36689 37153 37679 38145 38656 39127 39512 40019 40613 41197 41996 42996 43680 44251 44812 45400 46036 46663 46997 47086 47262 47287 47217 47313 46960 47321 47646 47959 48206 48554 48948
60307 35438 33301 30368 29904 29858 29605 29661 28934 27907 27880 26103 26142 26260 25689 25881 25974 25425 25326 25514 25625 26204 26647 27189 27830 28570 29239 29816 30367 30853 31553 32191 32947 33620 34374 34901 35314 35745 36127 36593 37145 37687 38159 38677 39171 39564 40076 40619 41243 42149 43230 44066 44554 45262 46035 46685 47101 46681 46751 46863 46871 46940 46959 46783 47256 47685 47896 48295 48645 49213
59668 34950 32789 29865 29406 29476 29190 29108 28583 27477 27510 25790 25935 25847 25426 25662 25658 25178 25082 25189 25560 26008 26489 27067 27828 28474 29021 29511 29951 30759 31419 32139 32989 33628 34278 34766 35199 35729 36187 36699 37293 37998 38467 38963 39482 39885 40519 41152 41901 42886 44148 45087 45544 45803 46243 46403 46698 46282 46351 46697 46436 46441 46637 46471 47134 47640 48037 48514 49021 49537
58933 34508 32216 29330 28803 28803 28596 28624 28149 27132 27114 25460 25587 25506 25086 25106 25118 24892 24739 25027 25236 25684 26177 26878 27574 28075 28558 28909 29675 30475 31248 32094 32920 33592 34179 34644 35066 35597 35896 36429 37141 37823 38233 38904 39511 39994 40730 41466 42195 43453 44822 45084 44888 45267 45431 45571 45911 45652 45851 45978 45736 45935 46056 46405 47086 47668 48180 48740 49259 49923
58129 33847 31326 28559 28116 28197 28005 28138 27588 26648 26713 24905 24940 25067 24683 24497 24504 24484 24358 24507 24650 25181 25858 26505 27075 27521 27871 28551 29326 30260 31190 32014 32851 33444 34015 34480 34927 35347 35676 36273 36955 37523 38132 38856 39497 40011 40672 41396 42180 43316 43963 44364 44243 44400 44601 44793 44959 45267 45123 45213 45098 45236 45869 46219 47027 47639 48078 48660 49121 49633
57318 33318 30647 27888 27492 27597 27435 27638 27059 26168 26243 24432 24468 24622 24293 24005 24137 24087 23966 23897 24191 24876 25475 25972 26467 26772 27454 28141 29035 30087 30960 31768 32537 33108 33714 34281 34729 35184 35653 36231 36816 37576 38416 39394 40174 40438 40939 41703 42374 42573 43295 43655 43520 43642 43823 43998 44684 44643 44466 44538 44574 45186 45801 46220 47262 47954 48296 48826 48957 49567
56429 32838 30009 27153 26745 26737 26701 27217 26415 25658 25669 23968 23969 24360 23707 23456 23797 23580 23373 23446 23935 24542 24975 25420 25763 26396 27125 27944 28980 29939 30773 31522 32282 32937 33575 34056 34434 34942 35302 35806 36565 37566 38461 39444 39856 40219 40839 41605 41432 41828 42557 42653 42862 42718 42828 43505 43860 43808 43682 43843 44389 44978 45631 46232 47113 47728 48173 48412 48843 49503
55697 32320 29260 26378 26043 26168 26227 26675 25779 24931 24993 23355 23472 23788 23072 23102 23320 22975 22797 22958 23356 23864 24321 24633 25358 26040 26927 27881 28835 29746 30545 31264 32015 32631 33126 33466 33827 34274 34623 35294 36304 37248 38141 38768 39334 39839 40417 40347 40432 40948 41523 42079 41871 41881 42384 42811 42994 42950 43031 43779 44252 44855 45668 46139 46883 47416 47692 48280 48739 49214
55054 31857 28694 25860 25538 25728 25842 25947 25227 24138 24283 22810 22948 23136 22519 22665 22825 22518 22325 22591 22990 23484 23764 24397 25071 25945 26941 27898 28802 29701 30476 31241 31987 32503 32911 33239 33539 33955 34403 35164 36136 37059 37570 38213 38926 39448 39450 39378 39646 40246 40953 41251 41048 41330 41706 42009 42236 42291 42920 43637 44185 44857 45580 45952 46455 47178 47591 48249 48540 48850
54224 31383 28004 25237 24977 25225 25316 25252 24713 23523 23615 22253 22408 22632 22048 22190 22345 22148 21856 22186 22519 22872 23483 24071 24923 25902 26869 27779 28683 29591 30417 31195 31919 32421 32872 33250 33547 33939 34346 35061 35954 36595 37129 37975 38688 38674 38657 38672 39008 39650 40182 40387 40357 40578 40891 41145 41553 42111 42683 43487 44022 44605 45356 45577 46278 47058 47518 48048 48106 48328
53263 30798 27285 24580 24373 24617 24691 24501 24150 22907 22833 21665 21841 22054 21526 21650 21712 21810 21333 21586 21779 22473 23054 23827 24780 25726 26664 27580 28502 29450 30280 31023 31752 32311 32823 33228 33617 34113 34539 35018 35647 36263 36966 37774 38541 37881 37967 38091 38368 38846 39246 39764 39534 39697 39886 40381 41266 41808 42462 43230 43724 44292 44931 45300 46060 46892 47233 47562 47516 47799
52479 30345 26695 24108 23965 24158 24384 23891 23670 22320 22243 21230 21353 21773 21093 21130 21416 21546 20996 21046 21562 22192 22932 23811 24754 25667 26615 27525 28489 29457 30332 31163 32012 32713 33235 33570 33851 34129 34369 34778 35398 36160 36854 37671 38234 37169 37290 37510 37622 37941 38684 38940 38832 38856 39272 40255 41154 41729 42340 43053 43608 44176 44794 45230 46053 46768 46951 47057 47144 47511
51789 29924 26196 23604 23490 23852 23934 23155 23166 21806 21703 20851 21157 21373 20642 20842 21194 21132 20572 20891 21330 22098 22984 23931 24974 26109 27079 28213 29280 30365 31230 31514 32027 32552 32942 33222 33399 33729 33954 34455 35239 36020 36721 37440 37593 36554 36707 36850 36894 37474 37951 38153 38118 38371 39248 40213 41086 41728 42380 43237 43812 44577 45395 45899 46484 46830 46550 46717 46950 47137
50921 29335 25361 22999 22997 23252 23389 22482 22485 21032 20899 20179 20476 20586 20049 20309 20572 20605 20074 20344 20897 21850 22781 23734 24879 25826 27004 28061 29184 30220 30643 31210 31912 32418 32770 32902 33016 33274 33409 33900 34684 35505 36104 36616 36390 35580 35796 35823 35979 36451 36841 37326 37294 38012 38840 39778 40864 41426 42040 42971 43678 44421 45199 45646 45871 45913 45903 46286 46349 46517
50239 28783 24665 22482 22504 22804 23045 21891 21999 20416 20200 19618 19929 20006 19574 19773 20166 20249 19625 20043 20762 21710 22617 23669 24654 25804 26886 27967 29015 29601 30278 31021 31702 32154 32344 32420 32471 32685 32853 33444 34303 35062 35464 35683 35407 34825 34942 35101 35199 35579 36191 36555 37075 37778 38595 39657 40679 41251 41943 42973 43699 44364 45102 45211 45162 45375 45611 45696 45889 46265
49408 28391 24030 22088 22134 22515 22702 21559 21732 19985 19639 19137 19467 19441 19223 19526 19885 19914 19254 19666 20327 21287 22272 23182 24365 25412 26526 27559 28180 29052 29957 30696 31399 31786 31980 32106 32072 32204 32372 33078 33805 34442 34625 34704 34561 34180 34342 34454 34563 35116 35765 36586 37145 37819 38793 39995 41059 41652 42367 43464 44195 44931 45311 44732 44720 44976 45087 45250 45645 45956
48387 27864 23310 21590 21629 21976 22360 21145 21293 19560 19044 18593 18856 18936 18802 19137 19492 19455 18776 19140 19791 20785 21597 22688 23766 24836 25894 26477 27372 28483 29381 30140 30820 31243 31525 31627 31597 31768 32073 32674 33301 34026 33747 33827 33790 33590 33751 33834 34082 34608 35644 36523 36973 37833 38772 39872 40981 41559 42309 43341 44170 44493 44639 44197 44292 44433 44561 44885 45255 45531
47342 27381 22669 21120 21153 21652 22071 20820 21025 19271 18647 18201 18514 18598 18489 18914 19350 19099 18422 18850 19541 20345 21331 22332 23429 24435 25023 25860 26964 28055 28941 29646 30353 30792 31079 31199 31316 31649 31948 32496 33198 33748 33164 33256 33285 33179 33304 33464 33694 34485 35695 36411 37065 38021 39131 40315 41572 42105 42626 43374 43779 43926 44197 43760 43866 44051 44335 44632 44916 45522
46045 26748 21915 20572 20659 21175 21503 20450 20746 18907 18186 17727 18139 18071 18081 18653 18905 18637 17979 18482 18988 19975 20865 21886 22887 23428 24271 25344 26444 27533 28374 29118 29875 30351 30690 30989 31291 31604 31836 32438 32955 33299 32610 32710 32725 32689 32934 33023 33469 34444 35403 36431 36987 38000 39020 40298 41399 41700 42145 42728 43039 43303 43531 43170 43284 43707 43941 44151 44748 45175
44458 25819 20912 19849 19933 20336 20657 19950 20100 18399 17601 17058 17385 17441 17505 17904 18031 17962 17343 17686 18354 19233 20135 21073 21602 22400 23495 24580 25703 26771 27677 28492 29320 29898 30421 30885 31127 31399 31668 32102 32426 32569 31994 32038 32073 32150 32335 32668 33181 33934 35176 36096 36668 37582 38658 39745 40703 40924 41142 41626 42107 42308 42445 42300 42630 43014 43178 43618 44127 44593
42627 24839 19973 19085 19072 19365 19608 19298 19430 17885 17126 16483 16719 16881 16764 17111 17203 17209 16635 17140 17748 18666 19469 19977 20715 21772 22890 24037 25153 26234 27166 28022 28955 29666 30367 30785 31036 31320 31511 31812 31889 31953 31521 31505 31583 31729 32032 32415 32805 33750 34944 35789 36307 37217 38152 39162 40126 39927 40142 40574 41079 41228 41393 41324 41696 42202 42658 43005 43403 43748
41241 24055 19194 18526 18604 18811 19182 18968 19099 17529 16901 16093 16367 16432 16390 16720 16855 16735 16320 16801 17404 18262 18689 19412 20455 21541 22691 23800 24899 26006 26978 27901 28875 29628 30281 30715 31024 31393 31672 32110 31574 31615 31253 31244 31351 31610 31916 32325 32945 33863 35133 35916 36488 37468 38534 39496 40204 39376 39596 40074 40412 40631 40733 40792 41356 41990 42381 42653 42820 43071
39824 23246 18379 17960 18015 18327 18617 18581 18666 17107 16602 15654 15874 16011 15910 16321 16232 16205 15931 16383 16947 17406 18026 19060 20127 21246 22375 23486 24632 25790 26851 27842 28938 29828 30726 31395 31945 32468 32300 31733 31114 31099 30883 30907 31172 31403 31702 32326 32809 33890 35016 35858 36486 37514 38326 39051 39396 38699 38915 39240 39688 39815 40074 40331 40962 41550 41940 41906 42062 42471
38254 22207 17464 17262 17428 17634 17950 18111 17986 16448 16181 15114 15234 15253 15358 15666 15522 15478 15453 15918 16127 16760 17697 18758 19849 20950 22081 23233 24421 25637 26739 27816 28934 29845 30801 31566 32201 32794 31995 31460 30826 30792 30589 30624 30802 31027 31511 32058 32603 33516 34673 35593 36353 37067 37725 38164 38232 37882 38023 38385 38788 39093 39489 39616 40301 41077 41040 41052 41303 41534
37062 21401 16847 16681 16889 17140 17517 17503 17477 15978 15795 14758 14797 14979 14876 15186 15000 15020 15251 15443 15868 16833 17892 19126 20414 21749 23120 24529 25975 27469 28865 30265 31714 32920 34164 35070 34175 33038 31586 31079 30498 30471 30348 30421 30635 31056 31530 31980 32861 33665 34782 35676 36116 36693 37161 37202 37384 37242 37498 37789 38318 38712 39038 39173 40162 40769 40446 40529 40712 41032
35560 20479 16142 15912 16102 16409 16617 16752 16886 15319 15162 14259 14333 14440 14177 14415 14350 14581 14648 15054 15878 17050 18330 19773 21229 22694 24145 25390 26659 28105 29393 30829 32179 33202 34074 34100 33386 32395 31103 30651 30108 30083 30046 30108 30507 30937 31352 31999 32650 33440 34539 35120 35538 35846 35961 36173 36432 36481 36703 37077 37755 38088 38425 38795 39629 39880 39755 39827 40048 40586
33961 19475 15411 15182 15414 15554 15954 16181 16316 14717 14652 13771 13884 13768 13503 13735 13838 14013 14156 14825 15779 16999 18288 19722 21173 22580 23816 25038 26457 27845 29307 30584 31847 32678 33043 32954 32468 31640 30569 30253 29847 29825 29848 30082 30422 30811 31308 31960 32481 33250 34095 34549 34830 34846 34966 35344 35717 35776 36038 36520 37231 37596 38081 38343 38789 38933 39092 39072 39559 39975
32693 18627 14820 14615 14772 15130 15596 15778 16183 14281 14358 13405 13580 13328 13008 13319 13432 13658 14067 14940 16234 17810 19223 20388 21390 22358 23569 24904 26251 27820 29129 30315 31352 31665 31765 31986 31449 30696 29861 29658 29456 29566 29794 30101 30444 30874 31421 32065 32504 33022 33759 33986 34045 34147 34370 34773 35170 35329 35660 36219 36958 37473 37866 37836 38170 38381 38520 38674 39210 39829
31124 17547 13991 13853 13984 14540 15065 15364 15748 13809 13904 12789 12930 12663 12415 12720 12866 13369 13781 14758 15978 17327 18348 19293 20319 21466 22802 24042 25581 27030 28288 29257 29858 30031 30509 30760 30295 29764 29207 29079 29242 29611 29923 30328 30783 31334 31870 32084 32145 32580 32958 33082 33239 33433 33529 34090 34587 34839 35176 35894 36753 37147 37262 37263 37615 37682 37907 38120 38858 39539
29619 16476 13151 13087 13417 14066 14666 14940 15261 13251 13361 12125 12252 11946 11845 12186 12573 13114 13570 14471 15473 16420 17233 18184 19409 20675 21900 23307 24700 26099 27135 27651 28079 28579 29096 29237 28974 28700 28453 28805 29399 29937 30354 30833 31218 31194 31352 31688 31625 31716 31992 32198 32497 32617 32863 33549 34120 34355 34856 35745 36484 36602 36754 36830 37024 37101 37374 37826 38643 39277
28434 15722 12544 12689 13188 13895 14413 14648 14706 12794 13197 11637 11681 11427 11499 12049 12522 13062 13562 14225 14857 15569 16360 17500 18846 20003 21384 22644 23979 25162 25753 26116 26851 27391 27765 27925 27768 27655 28060 29079 30134 30747 30616 30753 30755 30725 31005 31089 31434 30940 31337 31654 31905 32137 32544 33246 33841 34201 35001 35659 36123 36294 36566 36491 36635 36759 37293 38013 38950 39033
26948 14868 11793 11963 12465 13152 13664 13785 13729 12122 12530 10864 10962 10745 10985 11646 12246 12543 13077 13378 13843 14439 15338 16543 17759 19055 20255 21429 22495 23217 23592 24278 25136 25628 26048 26246 26342 26841 27757 28960 29628 29952 29789 29963 30014 30145 30314 30433 30925 30086 30519 30684 31065 31363 31841 32487 33308 33952 34392 34957 35468 35703 35986 35889 36083 36508 37197 37901 38269 38463
25410 14097 11144 11237 11745 12355 12896 12991 12840 11627 11879 10225 10461 10255 10590 11382 11806 12032 12322 12455 12797 13519 14459 15568 16899 18020 19143 20083 20711 21213 21901 22729 23585 24182 24613 25028 25635 26529 27509 28386 28715 28949 29047 29366 29593 29655 29830 30048 30248 29499 29824 30019 30397 30741 31164 31952 33088 33386 33710 34212 34845 35091 35243 35311 35782 36380 37154 37183 37719 37808
24113 13323 10596 10678 11182 11759 12234 12421 12037 11221 11294 9721 10028 9914 10373 10935 11335 11362 11652 11560 11975 12774 13632 14899 16077 17139 18055 18575 19025 19833 20682 21517 22422 23009 23545 24301 25127 26131 26774 27380 27625 28131 28460 29027 29246 29220 29418 29656 29626 29103 29400 29585 30040 30340 30858 31896 32650 32929 33167 33720 34397 34543 34708 35051 35703 36447 36869 36595 37140 37312
22720 12459 9961 10091 10464 10954 11410 11862 11016 10633 10592 9136 9346 9450 9775 10225 10435 10519 10762 10691 11191 11940 12959 14094 15194 16062 16606 16981 17793 18743 19621 20525 21393 22107 22904 23737 24557 25223 25547 26025 26535 27262 27849 28444 28688 28621 28741 28991 28865 28548 28802 29155 29614 29885 30610 31319 32026 32279 32580 33143 33726 33929 34217 34665 35449 36003 35971 35890 36456 36717
21595 11772 9528 9698 9935 10399 10858 11246 10160 9979 9983 8716 8840 8976 9303 9601 9704 9851 10139 10290 10813 11774 12714 13770 14650 15162 15557 16305 17251 18179 19086 19913 20798 21618 22461 23239 23769 24166 24497 25147 25873 26690 27300 27843 27984 27955 28078 28158 28149 28018 28406 28877 29350 29823 30319 31097 31610 31933 32384 32813 33388 33755 34020 34449 35111 35412 35430 35626 36043 36366
20541 11224 9137 9335 9411 9940 10394 10637 9442 9400 9535 8355 8441 8706 8830 9106 9191 9381 9830 10081 10844 11724 12625 13436 13967 14319 15040 15882 16749 17703 18498 19305 20268 21052 21884 22484 22876 23239 23767 24586 25372 26182 26714 27180 27281 27339 27427 27488 27571 27620 28153 28736 29271 29644 30296 30888 31435 31848 32236 32703 33349 33738 34038 34411 34875 35163 35362 35566 35908 36271
19422 10703 8777 8882 8923 9487 9859 9879 8831 8852 9089 7984 8147 8318 8393 8711 8811 9103 9501 10066 10758 11684 12384 12832 13172 13854 14647 15432 16307 17135 17872 18739 19683 20445 21147 21727 22171 22652 23331 24174 24924 25605 26037 26459 26561 26746 26981 26943 27219 27456 28067 28664 29044 29689 30123 30815 31375 31702 32155 32725 33355 33692 34045 34278 34674 35148 35308 35601 35871 36185
18292 10264 8476 8536 8535 9023 9354 9320 8377 8450 8835 7681 7808 7986 8045 8374 8669 8917 9432 9957 10720 11474 11835 12091 12730 13489 14238 15080 15856 16652 17479 18356 19324 20024 20741 21398 21927 22509 23141 23885 24494 25059 25420 25783 25980 26376 26545 26647 27015 27421 28043 28464 29060 29425 29951 30692 31225 31566 32046 32632 33261 33572 33919 34155 34596 35059 35317 35545 35824 36103
17252 9878 8236 8180 8184 8628 8817 9069 8017 8248 8649 7433 7529 7697 7842 8317 8533 8962 9370 9936 10527 10946 11131 11700 12439 13149 13958 14687 15423 16297 17126 18006 18887 19566 20348 21084 21709 22262 22849 23499 23997 24463 24778 25238 25628 25966 26225 26482 27064 27501 27935 28468 28856 29376 29914 30628 31135 31533 32035 32603 33228 33528 33874 34173 34609 35111 35379 35608 35872 36143
16292 9499 8005 7830 7853 8140 8495 8824 7637 7910 8265 7123 7137 7434 7773 8177 8527 8819 9347 9738 10030 10269 10764 11425 12112 12891 13575 14270 15077 15942 16769 17560 18371 19063 19906 20692 21258 21768 22283 22793 23193 23582 24026 24675 25033 25480 25894 26379 27044 27329 28058 28230 28987 29645 30285 31025 31639 32119 32726 33336 34127 34548 34924 35314 35965 36558 36909 37136 37426 37751
15235 9076 7724 7387 7381 7748 8176 8228 7253 7621 7699 6854 6893 7283 7625 8190 8325 8797 9285 9406 9537 10067 10643 11292 12062 12706 13353 14097 14875 15721 16438 17130 17912 18566 19445 20122 20631 21096 21582 22052 22355 22859 23522 24090 24543 25107 25637 26211 26773 27208 27635 28371 29359 30008 30408 31036 31804 32207 33058 33809 34586 35192 35371 35770 36732 37606 38132 38178 38715 39317
13867 8317 7169 6750 6855 7217 7451 7652 6683 6971 7030 6403 6503 6908 7382 7793 8030 8619 8815 8774 9183 9808 10385 11149 11784 12395 13091 13811 14576 15314 15946 16589 17283 17879 18650 19228 19688 20204 20781 21185 21595 22239 22865 23412 23919 24586 25152 25746 26349 26473 27524 28431 29076 29557 30105 31003 31537 32218 32968 33471 34532 34833 35121 35763 36732 37521 37760 38170 38774 39226
12524 7490 6692 6154 6224 6393 6736 6724 5986 6334 6273 5980 6126 6535 6829 7322 7759 8049 8209 8479 9016 9572 10224 10847 11452 12109 12803 13498 14166 14801 15373 15930 16559 17056 17683 18135 18609 19303 19866 20416 21030 21634 22185 22766 23411 24020 24606 25306 25590 26358 27443 27901 28577 29114 29877 30540 31409 32034 32542 33300 34160 34554 35057 35591 36515 37140 37718 38087 38647 39065
11548 6823 6228 5744 5839 6100 6335 6192 5617 5843 5945 5707 5984 6296 6680 7261 7507 7846 8034 8537 8885 9566 10140 10761 11448 12123 12800 13414 14011 14639 15194 15721 16244 16622 17114 17521 18070 18789 19458 20162 20739 21256 21873 22530 23132 23682 24295 24767 25395 26286 27086 27674 28257 29086 29641 30533 31421 31810 32501 33174 33963 34536 35091 35579 36321 37132 37715 38072 38561 39028
10694 6245 5779 5444 5611 5795 5942 5872 5366 5632 5631 5487 5910 6303 6654 6986 7513 7770 8034 8341 8837 9472 10063 10783 11468 12103 12733 13323 13956 14612 15177 15664 16153 16555 17006 17487 17968 18713 19326 19930 20418 21090 21764 22429 23010 23578 24038 24787 25383 26101 26978 27563 28277 28844 29613 30450 31192 31854 32316 33033 33890 34405 35065 35488 36351 37236 37651 37949 38528 39046
9696 5629 5318 5010 5194 5263 5362 5274 5031 5150 5192 5424 5774 6060 6368 6884 7295 7542 7764 8160 8674 9346 10040 10765 11398 12007 12636 13286 13982 14573 15052 15489 16006 16368 16860 17255 17721 18327 18826 19390 20008 20736 21430 22134 22735 23257 23892 24549 25155 25916 26879 27367 27969 28721 29397 30116 31033 31500 32094 32785 33620 34185 34787 35241 36144 36824 37384 37795 38414 38891
8760 4971 4787 4522 4678 4692 4752 4961 4676 4856 5154 5325 5699 5874 6226 6704 7135 7358 7661 8143 8630 9338 10001 10660 11299 11896 12557 13217 13791 14357 14801 15269 15758 16151 16590 16996 17386 17967 18471 19188 19892 20699 21421 22104 22677 23215 23771 24416 24984 25737 26613 27147 27785 28476 29144 29909 30755 31316 31886 32586 33398 33978 34629 35089 35931 36686 37281 37676 38272 38773
7977 4441 4394 4182 4287 4270 4569 4694 4469 4865 5132 5348 5569 6021 6431 6714 7072 7411 7677 8081 8604 9320 9939 10598 11220 11858 12529 13087 13646 14169 14644 15084 15603 15957 16407 16764 17133 17692 18324 19117 19895 20754 21548 22298 22947 23556 24086 24845 25588 26425 27482 27932 28430 28929 29629 30425 31214 31798 32407 33084 33916 34504 35007 35390 36322 36956 37513 37864 38333 38838
7063 4012 3977 3751 3837 4066 4161 4252 4427 4793 5139 5307 5627 6011 6384 6755 7070 7333 7620 7970 8534 9240 9863 10520 11166 11809 12397 12956 13479 14016 14462 14924 15415 15787 16217 16586 16972 17587 18286 19203 20132 21144 22034 22904 23532 24085 24593 25165 25856 26420 27397 27749 28263 29033 29651 30463 31385 31800 32390 33085 33867 34322 34863 35363 36070 36817 37410 37823 38220 38674
6185 3696 3620 3424 3537 3618 3857 4239 4416 4879 5174 5301 5702 6063 6352 6635 7148 7314 7552 8113 8753 9435 10027 10604 11159 11714 12304 12830 13369 13899 14381 14842 15377 15795 16234 16688 17189 17932 18614 19477 20302 21175 22005 22799 23429 23989 24487 25095 25582 26354 27157 27579 28307 28845 29517 30421 31162 31691 32240 32973 33650 34126 34867 35276 36003 36905 37513 37775 38237 38594
5219 3127 3073 2979 3027 3254 3715 4114 4276 4618 4922 5106 5449 5794 6107 6488 6867 7099 7397 7875 8418 9134 9729 10320 10890 11455 12039 12603 13163 13723 14216 14718 15269 15682 16155 16585 17015 17648 18319 19162 19974 20856 21658 22441 23048 23627 24128 24686 25241 25982 26853 27357 27925 28611 29268 30019 30811 31377 31921 32563 33290 33879 34568 35018 35827 36571 37113 37496 37942 38428
4428 2688 2688 2613 2804 3248 3754 4161 4366 4909 5362 5591 5932 6174 6560 7095 7572 7842 8168 8652 9146 9773 10314 10868 11406 11940 12489 13031 13561 14095 14541 14973 15429 15781 16221 16642 17162 17999 18885 19972 21081 22259 23333 24367 25252 26046 26828 27632 28494 29462 30512 31156 31867 32738 33583 34467 35476 36155 36894 37772 38698 39447 40281 40865 41747 42631 43286 43764 44320 44831
3664 2223 2234 2317 2836 3436 4016 4451 4609 4931 5320 5467 5761 6138 6590 7052 7557 7894 8317 8726 9284 9978 10632 11331 12021 12688 13407 14102 14848 15629 16350 17091 17897 18547 19255 19909 20548 21359 22230 23231 24158 25136 25994 26916 27590 28227 28870 29552 30390 31238 32429 33128 33941 34794 35634 36628 37710 38417 39188 40055 41029 41761 42534 43005 43865 44633 45241 45669 46137 46558
2707 1849 1861 2262 2740 3334 3911 4325 4541 4920 5270 5486 5814 6232 6696 7126 7621 7990 8400 8879 9548 10377 11134 11866 12562 13264 13995 14676 15399 16139 16821 17495 18236 18809 19447 20025 20600 21375 22207 23194 24108 25102 25974 26852 27556 28209 28822 29588 30378 31249 32414 33051 33879 34722 35570 36592 37647 38393 39159 40051 41052 41795 42487 43028 43864 44644 45282 45656 46185 46727
1692 1426 1807 2168 2705 3259 3811 4270 4528 4957 5378 5607 6034 6377 6792 7323 7875 8186 8561 9064 9643 10376 11072 11800 12521 13207 13927 14627 15359 16109 16788 17474 18211 18821 19499 20157 20858 21794 22697 23719 24662 25616 26475 27358 28079 28742 29441 30161 30854 31710 32696 33365 34205 35041 35850 36820 37875 38599 39300 40146 41047 41696 42457 42947 43780 44553 45177 45623 46238 46659
920 1716 2350 2896 3650 4340 5054 5606 6042 6680 7236 7656 8297 8766 9334 10124 10875 11366 11836 12518 13205 14069 14941 15851 16755 17595 18475 19352 20296 21279 22168 23052 23995 24845 25825 26776 27789 29024 30118 31224 32221 33193 34094 35021 35873 36690 37651 38612 39492 40647 41936 42903 44007 45152 46198 47368 48696 49611 50546 51641 52784 53642 54573 55223 56230 57114 57921 58547 59419 60004
