323 188 214 85 348 206 238 525 555 572 505 316 560 367 229 232 408 255 430 353 397 362 749 882 882 598 490 546 525 491 310 329 284 403 636 727 686 806 680 552 560 456 474 554 545 585 736 657 678 639 443 682 542 465 534 430 555 253 284 396 538 696 496 627 889 901 649 725 873 355
260 199 203 193 216 220 288 384 540 696 594 298 476 226 281 249 279 292 340 363 331 301 656 929 966 625 497 620 632 569 417 582 592 711 748 602 558 685 644 525 520 518 507 569 436 435 624 565 416 483 256 565 526 390 614 630 699 370 296 392 458 509 228 403 623 603 329 497 429 221
238 94 81 126 96 220 159 233 261 421 396 240 401 310 153 164 237 147 189 236 267 208 437 645 680 433 373 562 653 598 420 554 604 762 921 793 657 764 649 561 626 611 605 720 559 561 767 780 660 745 385 711 624 484 606 556 589 326 295 378 270 301 239 341 581 541 503 399 488 205
482 183 177 284 355 312 293 207 322 406 422 474 561 442 261 242 373 351 450 473 361 190 618 864 958 648 579 797 862 808 579 626 579 591 660 586 629 794 736 577 578 576 611 680 661 560 759 794 692 848 558 745 636 591 787 752 828 487 463 702 403 752 630 670 848 913 758 808 862 506
332 208 234 275 221 364 318 374 391 615 498 338 584 436 268 282 358 311 280 407 426 353 523 788 817 519 471 642 742 707 565 727 748 843 1028 1013 903 961 901 785 763 753 757 893 685 726 982 1093 1015 1078 638 1088 907 685 794 661 740 346 259 452 277 317 250 407 538 511 643 570 599 204
281 129 147 116 195 291 279 297 268 383 468 323 568 464 256 256 376 197 305 384 448 322 483 695 733 472 397 580 619 537 345 411 440 588 733 629 474 575 476 393 460 437 453 563 411 451 664 679 614 644 334 634 563 475 616 560 600 354 341 462 366 404 315 414 586 657 555 471 602 243
361 221 329 241 361 519 388 497 388 327 439 244 588 595 288 292 406 287 216 369 504 457 354 383 490 389 447 656 850 758 588 708 770 917 968 835 523 459 375 366 510 518 584 726 546 612 910 1067 1051 1038 672 1179 1151 955 1106 1020 991 630 499 623 465 300 417 360 660 472 595 424 558 295
211 169 196 170 205 272 306 342 424 533 521 234 450 290 260 287 323 341 269 368 373 311 447 731 827 509 405 556 586 531 395 559 589 673 680 515 410 481 455 370 381 424 460 580 416 471 705 710 589 657 373 771 756 562 770 743 794 421 343 436 491 420 216 385 610 484 358 397 386 128
187 254 213 191 155 306 323 353 428 676 600 294 460 316 300 246 292 202 288 300 423 439 742 961 935 699 614 765 775 730 561 732 782 1025 1156 931 701 807 662 559 615 500 396 451 328 350 476 399 340 379 172 421 544 416 542 580 597 343 348 411 482 437 197 416 647 678 504 489 555 352
405 422 436 316 457 488 546 669 790 858 863 435 718 464 521 425 485 404 511 527 587 633 898 1031 1077 860 768 896 922 800 615 766 802 1005 969 706 492 559 495 444 530 514 506 549 407 438 628 522 406 385 270 592 677 539 809 906 874 622 505 504 700 582 324 401 670 645 270 470 417 400
358 305 162 152 365 408 336 381 493 640 658 403 626 425 313 273 482 319 451 393 398 469 818 954 1053 900 806 996 1017 928 656 722 725 841 971 786 584 694 567 509 560 567 635 778 687 724 901 760 682 711 509 800 741 489 637 638 557 360 296 203 394 368 223 251 457 391 229 245 338 256
678 611 441 528 563 772 752 491 597 922 973 795 1026 757 718 580 704 572 753 815 787 736 1059 1334 1383 1193 1083 1369 1383 1237 960 1063 1083 1208 1219 888 671 826 768 684 698 723 739 831 644 608 780 728 588 673 465 727 774 633 933 1022 929 750 628 649 579 597 382 445 427 632 421 489 448 519
474 706 716 418 710 810 942 1028 1052 1232 1344 727 1236 928 876 856 1050 681 846 939 1166 1215 1300 1502 1536 1269 1130 1194 1066 952 757 837 876 1122 1283 1112 736 744 650 625 682 642 645 773 551 820 1039 845 859 679 552 950 951 626 746 739 670 488 439 378 877 565 257 516 629 727 498 577 698 431
207 295 242 183 277 467 420 389 391 539 643 297 551 498 358 399 520 417 327 420 547 560 537 765 894 699 611 800 816 761 584 722 782 919 985 736 435 461 358 333 405 422 474 661 487 636 860 814 772 799 521 937 1023 735 855 821 773 472 448 392 592 319 180 328 565 361 380 222 354 166
332 364 367 247 388 566 595 528 525 711 816 476 880 667 505 493 649 374 476 625 759 701 785 1004 1058 823 759 936 930 820 609 700 746 923 1053 872 559 583 513 462 515 521 537 669 443 582 825 799 760 707 442 845 797 525 682 649 586 361 268 340 426 283 150 317 389 502 450 408 520 245
434 451 344 293 483 552 599 502 655 816 921 584 846 578 541 552 712 502 633 661 671 655 961 1214 1330 1077 952 1139 1081 971 710 784 818 946 1007 721 508 622 555 494 540 615 668 800 656 727 915 739 598 629 466 747 721 432 644 698 588 446 366 306 555 487 259 417 557 601 331 387 470 342
580 677 527 490 598 771 852 678 831 1223 1256 853 1191 817 817 737 911 625 860 924 969 973 1332 1656 1687 1402 1243 1430 1333 1203 935 1033 1057 1237 1378 1109 852 987 914 829 821 835 824 937 707 814 997 811 692 680 495 782 731 435 638 695 588 466 379 341 564 495 180 405 365 620 392 504 515 445
454 577 507 363 580 697 764 760 853 1082 1162 656 1074 758 714 715 900 641 732 825 907 943 1077 1349 1452 1171 1019 1152 1071 957 739 839 873 1015 1131 933 657 708 657 624 638 704 776 951 705 913 1163 1001 913 845 626 1059 963 583 752 734 646 443 341 247 635 390 131 331 406 423 277 343 390 233
640 598 469 349 738 693 696 822 959 1078 1107 717 1129 736 656 652 928 661 839 814 774 853 1178 1345 1478 1255 1113 1242 1195 1065 784 805 786 841 998 916 744 828 780 740 729 840 1003 1197 1030 1167 1411 1223 1121 1053 853 1269 995 601 780 723 622 448 293 150 560 472 286 343 434 416 208 357 407 264
690 718 509 488 692 792 689 885 999 1317 1250 808 1133 842 734 709 974 733 857 796 808 1004 1293 1474 1571 1383 1220 1364 1365 1273 1014 1112 1127 1256 1542 1456 1234 1335 1193 1171 1177 1222 1339 1576 1340 1520 1761 1550 1444 1410 1079 1529 1254 824 880 791 698 526 444 176 595 393 241 297 439 300 306 300 350 323
442 466 534 355 573 567 664 836 1008 1183 1367 770 1149 914 714 769 1040 580 791 859 961 994 1266 1484 1630 1220 1064 1123 1057 953 709 769 804 1030 1312 1215 1025 1088 958 930 1057 1101 1142 1297 1048 1337 1681 1381 1235 1153 832 1171 840 430 444 402 320 212 223 122 471 372 191 336 602 625 490 564 703 406
439 499 634 446 584 512 733 901 1201 1393 1466 784 1138 771 781 758 922 576 823 898 950 977 1427 1689 1783 1283 1114 1130 1046 928 720 852 872 1122 1276 1124 1017 1100 1034 955 1048 1066 1022 1065 830 1042 1361 1048 842 773 558 843 591 257 391 455 414 253 207 220 531 534 185 395 658 791 424 764 721 512
403 512 635 458 608 506 748 864 1200 1383 1403 740 1070 691 743 777 928 679 814 902 919 936 1379 1707 1838 1302 1126 1133 1020 945 759 907 906 1072 1194 1065 1001 1070 1044 938 961 1010 988 1057 860 1077 1389 1101 914 877 667 990 753 342 474 504 486 230 175 228 590 599 204 498 743 790 478 821 773 470
339 419 451 263 479 455 613 733 910 1101 1216 656 1006 709 629 677 890 502 722 764 860 863 1201 1474 1562 1140 961 1008 879 790 567 631 656 872 1111 990 822 921 813 745 815 828 831 950 754 988 1245 949 827 752 536 814 604 263 328 318 275 154 171 120 521 458 161 417 626 726 452 578 702 353
480 451 379 250 537 544 583 716 811 977 1070 648 1035 722 585 644 893 549 724 747 770 783 1026 1267 1380 1066 898 1006 930 821 574 603 622 741 981 912 744 845 763 725 752 845 965 1168 947 1148 1411 1203 1080 1018 738 1127 825 455 555 473 410 283 221 92 476 364 187 333 457 474 315 349 474 186
574 651 664 497 658 606 843 970 1249 1547 1715 1047 1341 987 963 1006 1228 727 1089 1093 1157 1156 1655 2011 2093 1548 1278 1297 1094 981 731 786 827 1112 1410 1239 1143 1337 1199 1128 1232 1259 1227 1325 1082 1348 1610 1141 907 850 637 793 502 183 233 288 233 263 353 206 697 691 291 589 810 1032 587 793 891 614
531 564 512 438 579 590 756 719 977 1271 1488 951 1196 906 839 902 1125 711 970 1006 1015 975 1381 1772 1921 1429 1177 1283 1114 1002 733 784 823 1019 1234 997 895 1087 980 918 1001 1093 1123 1269 1035 1261 1530 1138 894 914 664 853 611 271 368 416 328 316 376 226 611 591 254 501 675 819 482 594 696 484
433 459 473 398 477 355 573 714 1038 1294 1438 838 940 708 762 747 900 651 908 847 838 845 1372 1747 1869 1304 989 1018 849 765 556 651 654 882 1026 814 857 1105 966 874 977 962 930 987 841 1027 1265 809 563 610 435 503 382 240 346 457 497 387 548 403 811 872 372 585 944 989 445 731 716 586
509 566 565 448 619 476 740 793 1107 1314 1521 920 1074 797 880 908 1069 826 1044 1017 989 945 1393 1825 1987 1403 1064 1098 868 776 566 629 624 786 862 627 669 910 827 739 804 853 876 963 824 1034 1270 818 580 617 494 588 493 315 475 580 608 489 624 479 984 998 452 716 1007 1057 462 761 760 578
384 469 467 329 508 425 652 665 892 1030 1173 665 860 590 689 718 821 658 799 803 819 759 1110 1486 1602 1131 875 940 754 671 484 568 578 731 747 492 440 620 562 471 514 545 554 630 519 664 849 534 366 388 308 469 500 337 543 638 660 480 541 484 920 880 399 686 938 976 436 667 691 459
411 520 580 396 594 440 748 749 1013 1103 1237 719 907 612 755 807 886 738 882 896 915 809 1218 1624 1731 1193 936 961 732 668 502 582 576 721 712 476 469 647 613 487 511 524 498 533 472 608 776 453 301 319 296 409 472 330 545 653 712 497 576 613 1056 1092 540 908 1175 1260 632 934 962 605
562 686 701 568 785 575 927 760 1112 1221 1360 929 1028 721 895 972 1070 965 1108 1101 1060 905 1459 1945 2087 1499 1223 1266 975 942 745 796 750 824 781 515 577 799 782 603 574 591 557 576 612 703 827 467 325 408 452 455 572 419 645 778 837 601 717 814 1242 1424 786 1227 1454 1586 902 1243 1292 868
583 592 662 477 818 517 809 771 1003 942 959 729 897 589 691 745 852 821 954 921 887 705 1254 1595 1669 1193 1017 1043 828 817 642 648 550 562 535 460 539 701 702 488 410 356 338 329 470 468 552 378 377 406 476 533 636 574 803 841 981 609 662 937 1206 1512 985 1357 1567 1699 1078 1418 1505 877
328 422 467 332 452 415 621 544 633 761 727 482 673 461 521 515 553 523 604 645 742 593 931 1277 1255 865 723 802 656 645 516 608 576 704 737 606 519 647 593 408 358 223 124 128 141 163 241 176 213 230 185 331 545 521 706 730 870 493 556 821 953 1073 619 1010 1159 1316 922 1067 1149 619
362 428 440 347 516 407 602 467 639 750 759 557 664 485 514 503 604 567 684 666 716 583 1061 1392 1428 1035 886 979 821 822 640 696 628 722 750 597 557 716 636 436 399 258 169 165 264 262 333 193 229 291 284 327 545 510 674 727 840 475 583 828 954 1190 718 1059 1258 1392 962 1140 1249 757
409 532 527 383 624 603 741 542 574 646 669 548 755 623 542 605 737 657 683 727 863 700 976 1283 1311 1014 933 1052 898 925 751 777 724 786 869 761 586 665 588 401 336 199 141 202 302 339 395 371 521 537 501 654 900 773 883 841 930 529 611 901 1037 1160 805 1207 1324 1429 1211 1187 1439 755
358 382 384 295 516 561 600 385 390 380 454 373 611 517 379 452 566 542 462 570 652 495 614 860 966 753 733 926 892 878 693 750 731 747 731 559 344 366 335 206 182 160 187 295 321 334 470 547 625 676 546 843 1033 840 1025 978 997 578 538 792 804 832 647 896 1037 1003 913 832 1034 511
501 530 631 408 771 744 808 704 657 458 610 453 799 714 549 653 777 728 607 745 874 712 686 845 988 798 809 958 933 901 738 771 756 767 689 548 290 235 235 145 161 168 242 356 389 453 630 731 846 819 734 1108 1301 1092 1299 1235 1250 799 721 981 1090 1018 872 1080 1296 1176 1043 991 1222 635
483 541 552 404 710 707 729 607 520 397 452 396 641 615 481 603 699 799 575 667 774 619 564 802 926 741 707 866 816 843 718 765 728 673 614 519 320 309 294 173 111 80 164 315 396 439 554 693 859 889 785 1151 1422 1259 1431 1314 1410 866 854 1098 1232 1155 949 1220 1411 1190 1134 995 1231 593
439 458 357 351 536 624 561 367 292 273 328 343 462 504 370 487 563 726 465 524 577 445 394 678 824 672 609 840 823 852 708 782 770 706 645 461 278 329 283 177 126 127 227 417 470 472 572 697 791 916 745 1086 1379 1231 1406 1311 1382 883 898 1033 1112 1012 839 1062 1260 966 971 729 947 476
602 739 634 548 801 831 926 711 696 757 879 673 878 785 783 953 1037 1189 891 1002 1011 849 702 1197 1406 1052 825 981 796 813 709 776 745 609 505 339 254 343 382 284 147 248 424 672 636 797 952 952 992 1079 928 1326 1543 1315 1529 1418 1534 1020 1061 1093 1501 1266 858 1229 1324 1031 908 807 934 437
576 795 704 604 772 902 978 792 735 818 966 662 867 846 847 1047 1083 1237 856 1005 1086 957 652 1153 1364 1027 803 961 795 818 751 874 899 827 720 484 313 369 385 328 239 345 502 776 672 888 1059 1060 1080 1163 967 1427 1706 1441 1626 1521 1618 1120 1176 1140 1607 1195 818 1220 1379 986 939 731 878 426
470 611 536 442 610 730 758 668 609 651 883 555 728 774 705 867 934 998 713 813 912 820 551 950 1169 874 659 826 711 699 596 699 747 756 679 406 214 289 240 224 243 331 482 739 624 835 1029 963 940 1017 804 1202 1451 1248 1410 1349 1406 1014 1105 981 1412 1007 707 972 1246 844 741 518 690 368
869 930 963 780 1095 1068 1133 1187 1220 1018 1387 887 1133 1127 1103 1282 1354 1426 1106 1225 1241 1180 849 1158 1515 1194 978 1113 1043 960 847 950 1009 981 724 387 241 265 295 353 456 699 964 1226 1073 1321 1633 1504 1353 1403 1227 1716 1865 1597 1880 1882 1872 1496 1474 1252 1813 1316 1050 1147 1578 1003 723 693 758 623
899 787 836 721 1052 877 938 1034 1135 846 1135 809 952 919 923 1046 1107 1280 1037 1071 972 875 790 1046 1383 1057 860 998 973 892 760 833 836 754 452 180 194 276 320 320 400 613 868 1053 1018 1115 1389 1292 1124 1232 1106 1477 1600 1478 1819 1848 1899 1479 1445 1336 1706 1488 1215 1218 1688 1168 742 857 857 719
966 658 575 622 915 760 730 722 771 596 860 847 886 877 756 862 986 1115 1004 970 783 602 680 974 1261 961 751 969 952 878 681 665 632 499 338 158 270 472 467 418 451 638 907 1113 1121 1110 1324 1266 1104 1291 1087 1331 1342 1337 1636 1608 1693 1352 1380 1302 1431 1466 1274 1224 1558 1212 851 841 919 700
1226 754 604 629 1108 843 787 885 885 709 987 1099 1216 1105 859 958 1230 1149 1278 1149 915 709 954 1193 1434 1147 904 1105 1045 939 664 500 419 262 301 313 495 769 725 663 671 851 1183 1417 1448 1436 1633 1516 1386 1504 1288 1463 1219 1250 1487 1375 1469 1267 1318 1199 1356 1567 1435 1313 1534 1383 967 961 1140 782
1057 588 516 421 897 753 646 943 741 559 802 868 1187 1073 695 815 1088 820 1000 940 866 671 710 836 958 753 589 756 757 632 394 231 215 186 412 555 568 751 666 649 703 837 1138 1399 1299 1363 1588 1579 1516 1491 1160 1497 1125 1122 1263 1041 1136 1001 1006 912 1044 1099 1156 1049 1228 1161 934 754 1043 507
948 597 642 441 762 752 699 1166 885 703 877 717 1152 998 748 870 971 717 826 867 918 751 569 680 703 492 356 469 513 362 232 200 289 416 605 681 568 673 612 646 754 889 1110 1342 1070 1185 1431 1488 1366 1261 895 1397 1087 1086 1272 1080 1188 1070 994 897 1097 877 945 934 1162 1080 829 642 850 356
797 543 771 510 662 647 692 1295 1079 856 920 563 996 839 730 876 820 699 663 790 884 733 493 634 632 307 197 225 310 191 177 290 421 614 719 780 693 724 712 733 857 979 1107 1274 943 1082 1378 1479 1300 1191 797 1394 1128 1098 1303 1140 1314 1069 952 971 1159 859 867 970 1338 1149 888 812 894 355
518 367 681 414 488 375 540 1117 1081 862 882 405 723 568 575 746 639 593 517 636 719 578 522 732 760 291 165 128 164 98 112 287 400 611 664 675 674 712 706 672 794 877 913 1004 749 888 1180 1184 970 913 584 1077 884 818 1003 911 1114 802 745 849 1075 885 738 967 1462 1238 871 943 975 384
443 318 587 379 389 333 428 996 946 753 713 276 531 442 452 626 493 546 372 477 561 466 370 569 603 193 90 81 161 124 152 369 492 688 728 712 685 710 686 656 769 840 874 986 746 859 1131 1178 980 965 607 1133 1006 921 1088 986 1187 821 764 844 1045 806 694 912 1441 1096 836 827 858 320
508 349 664 442 407 402 449 1107 987 779 795 337 599 608 520 690 563 541 387 501 654 570 381 515 535 155 73 65 197 151 186 406 563 838 940 933 853 860 781 786 981 1020 1037 1154 869 1016 1320 1375 1177 1139 710 1247 1098 1051 1158 1041 1240 919 902 947 1090 792 777 929 1539 1165 977 868 951 422
550 376 606 423 415 482 396 1021 798 532 459 198 440 506 374 514 378 427 241 304 496 447 246 242 205 45 74 135 352 322 335 548 710 980 1076 1051 849 816 701 704 895 875 878 992 796 821 1029 1215 1120 1091 709 1259 1255 1244 1358 1228 1392 1046 975 1060 1090 792 911 1001 1596 1186 1099 848 1012 498
714 567 765 604 536 694 559 1116 776 527 394 299 495 650 473 626 448 526 315 372 648 558 315 292 165 98 187 282 513 527 558 768 946 1250 1398 1377 1093 1054 892 866 1044 930 864 962 828 786 896 1186 1193 1176 811 1317 1465 1535 1603 1446 1640 1278 1251 1431 1342 1066 1240 1407 1969 1611 1613 1183 1465 801
766 553 649 515 625 740 550 973 613 289 276 334 535 708 405 663 603 616 383 424 631 487 215 213 189 163 250 402 589 610 568 665 816 986 1163 1165 891 865 719 702 847 837 899 1096 1022 993 1104 1381 1413 1426 1055 1559 1619 1579 1624 1399 1531 1215 1191 1313 1287 1049 1309 1451 1941 1538 1621 1062 1490 710
416 342 317 329 281 484 311 451 269 239 135 186 250 387 170 322 288 328 164 170 355 275 297 397 356 303 369 573 716 765 660 811 923 1116 1306 1175 889 925 736 649 741 638 581 718 696 616 668 848 883 986 666 1009 1200 1114 1139 1017 1093 773 801 951 843 751 851 1073 1465 1208 1317 840 1193 602
262 199 187 260 184 243 227 210 310 398 288 249 224 212 129 233 232 273 224 214 258 158 548 794 812 547 528 701 748 792 638 792 835 978 1113 938 840 962 824 658 696 614 514 574 596 499 580 590 521 694 446 622 736 611 689 670 741 421 471 686 570 745 616 901 1250 1156 1058 897 1098 587
402 245 244 356 325 284 180 305 441 424 194 233 165 175 71 154 172 343 229 151 123 100 577 706 755 559 597 763 910 979 824 992 994 1066 1183 1103 1075 1164 1029 852 873 784 723 781 881 715 811 883 834 1032 761 987 1037 893 964 904 999 560 555 796 606 870 824 978 1428 1158 1138 1031 1184 706
409 306 203 326 348 418 308 185 274 326 199 288 284 254 142 196 249 359 280 249 235 170 562 736 795 671 705 953 1052 1078 870 996 1002 1051 1106 905 763 857 747 588 589 537 507 591 669 502 569 654 633 824 615 834 991 832 978 958 968 594 552 762 584 774 712 874 1148 1008 979 821 1000 623
288 178 141 263 205 264 180 149 255 340 192 203 185 175 75 124 147 279 178 167 156 97 468 674 730 523 526 734 844 878 712 877 887 961 1035 878 795 894 782 622 632 566 515 590 621 495 607 681 628 820 546 787 888 750 869 835 900 487 477 694 497 681 587 757 1084 909 897 778 899 515
303 207 207 244 277 263 155 352 441 469 233 147 207 159 74 47 100 232 175 101 129 185 585 650 668 526 548 693 844 868 714 885 871 983 1084 1023 916 970 833 690 713 578 525 574 622 514 634 700 708 809 573 865 938 817 915 866 952 492 451 636 530 673 580 658 1055 819 780 767 839 520
241 159 207 209 224 136 131 383 578 569 374 161 184 78 87 119 130 212 201 114 115 153 657 775 809 550 526 620 714 729 582 767 784 944 1035 914 870 963 837 695 758 677 600 623 650 561 688 627 519 632 432 661 685 540 653 666 739 382 360 501 525 685 519 676 1158 947 714 790 851 514
336 289 286 422 293 233 193 347 633 739 452 302 160 132 152 213 207 413 295 189 143 205 814 1017 1082 780 752 870 976 1062 921 1161 1162 1277 1391 1254 1277 1398 1249 1059 1078 973 859 891 968 847 958 893 775 1000 739 923 978 775 823 825 920 479 515 685 626 875 680 900 1417 1103 1015 1035 1087 739
270 164 203 273 185 183 168 308 476 573 314 185 229 95 95 113 93 223 170 161 135 118 582 778 784 502 493 626 744 764 634 849 862 981 1076 986 958 1048 964 793 789 719 633 664 635 522 666 717 609 751 468 761 747 594 731 705 805 381 314 558 406 605 460 655 1001 869 773 822 828 454
320 213 259 355 212 244 199 306 495 576 398 279 231 207 148 161 147 203 208 166 194 188 719 849 857 619 647 808 955 975 808 1021 1068 1283 1400 1203 1110 1211 1049 891 993 876 726 720 730 588 709 697 571 746 481 654 726 610 701 744 787 465 465 681 462 694 606 762 1227 1107 983 951 1045 729
345 277 258 275 332 294 217 448 596 524 304 138 184 77 107 185 171 342 204 127 106 169 541 637 704 549 559 697 827 842 700 901 942 1039 1060 894 788 840 751 642 679 677 672 756 774 661 775 789 680 807 607 953 1018 794 957 946 974 589 481 564 651 675 586 724 1187 832 678 666 736 452
341 259 227 279 318 251 174 386 550 529 264 155 152 59 82 115 121 323 219 108 74 138 605 710 754 585 583 717 839 874 727 918 920 1003 1050 931 876 958 848 702 711 643 610 666 737 597 687 700 635 779 590 868 954 792 931 915 988 556 494 625 644 777 639 773 1219 906 753 777 832 529
300 224 170 300 246 282 203 197 377 429 281 216 166 142 92 207 217 377 206 184 135 116 498 724 839 612 604 803 907 952 785 977 1011 1065 1113 903 833 924 827 686 704 714 695 803 822 716 846 861 738 959 680 957 1024 773 893 872 894 504 469 605 537 657 565 761 1156 854 835 716 833 488
426 440 307 491 373 551 432 206 339 449 349 367 263 326 254 403 390 570 322 334 339 288 575 848 969 815 838 1115 1205 1272 1091 1295 1361 1418 1437 1092 905 988 872 732 753 758 714 847 886 759 832 887 800 1073 812 1064 1311 1033 1148 1151 1117 745 736 872 768 812 746 1014 1360 1054 1133 836 1044 703
