770 403 460 288 274 267 235 190 240 284 225 295 550 775 806 701 490 664 730 680 608 536 428 305 326 372 552 621 662 681 779 761 762 850 954 1046 848 909 920 850 1166 1226 828 893 791 377 507 480 464 222 340 312 246 507 545 702 827 659 988 855 839 778 907 870 742 816 725 1010 841 1061
350 166 157 175 144 216 202 139 167 189 154 195 399 817 725 645 557 524 466 399 451 545 566 495 513 471 583 575 600 597 709 689 714 779 792 857 816 870 748 764 1058 1170 691 821 916 341 550 479 403 127 308 287 232 390 447 444 550 625 862 675 539 453 494 535 574 610 638 718 502 894
489 197 142 136 86 128 185 69 84 83 93 66 162 521 445 380 372 425 393 429 494 515 530 466 509 513 675 681 707 673 768 710 701 745 789 811 695 752 682 642 844 883 443 634 708 311 516 505 338 171 314 304 208 227 300 366 412 430 740 619 448 436 412 388 440 456 507 595 505 794
582 267 248 369 235 152 323 263 251 240 195 259 318 681 590 555 609 728 683 646 557 526 585 600 678 699 873 933 981 931 1059 1035 1051 1122 1199 1269 1144 1224 1182 1071 1330 1435 786 1174 1092 680 923 688 470 405 460 555 495 560 733 825 928 955 1359 1172 914 909 887 872 964 948 954 1172 993 1400
895 439 372 259 325 278 363 204 190 209 154 124 335 730 738 618 580 557 515 591 623 581 565 525 616 680 876 927 966 935 1024 978 943 1027 1107 1099 923 897 958 1014 1055 1094 562 772 790 409 591 646 532 256 450 471 311 361 312 491 466 416 690 672 552 561 413 408 398 540 472 614 478 720
445 179 134 205 123 124 220 120 211 191 179 123 193 597 528 393 369 450 479 507 552 563 538 454 506 559 762 812 854 842 950 893 890 936 1015 1067 949 1068 926 782 1081 1091 565 785 752 408 566 658 410 237 309 300 243 274 439 469 561 499 829 658 476 474 580 444 499 480 465 622 553 867
642 371 345 454 337 412 463 230 310 312 258 200 414 739 695 460 417 363 488 677 863 937 890 715 811 870 1160 1191 1209 1205 1350 1274 1266 1310 1340 1377 1175 1277 1257 1028 1225 1164 793 1060 1012 610 760 873 443 391 645 433 402 388 635 611 682 471 890 809 604 494 778 426 633 545 478 528 503 767
383 173 129 205 180 215 227 98 174 188 155 160 368 669 634 474 409 321 314 308 390 488 506 448 511 514 674 683 700 691 803 780 793 869 898 948 873 936 836 812 1062 1148 696 850 841 388 560 549 329 131 327 285 214 294 433 398 497 519 743 590 423 347 460 409 465 475 457 558 373 711
283 221 148 79 71 272 292 140 197 194 219 168 355 918 813 654 562 596 563 609 736 802 780 647 647 623 756 740 762 772 881 827 836 890 914 984 883 950 795 783 1226 1262 746 748 956 371 560 707 625 196 377 313 281 396 386 454 521 551 805 595 492 483 482 515 515 534 618 604 562 881
187 197 257 373 262 507 443 312 419 421 413 403 627 1146 993 826 669 617 670 639 820 1031 1027 847 839 769 921 870 881 914 1062 1019 1074 1101 1063 1158 1143 1277 1027 914 1372 1401 986 1078 1286 557 765 818 614 335 601 390 434 587 754 632 780 767 1061 805 668 470 752 633 797 707 766 698 555 993
343 122 270 248 220 427 434 172 256 230 326 281 433 718 689 559 376 481 607 557 606 712 745 689 744 732 921 868 859 837 954 908 941 979 997 1026 920 984 852 862 1136 1134 731 882 1129 508 778 719 512 327 652 495 424 479 547 647 673 605 937 793 701 505 543 597 642 614 696 654 524 811
227 138 201 384 329 530 666 472 556 452 555 426 416 1129 937 802 784 800 812 767 875 1030 1121 1099 1157 1148 1322 1273 1289 1266 1397 1332 1390 1388 1396 1438 1450 1583 1246 1228 1576 1624 935 1258 1580 867 1188 1177 914 606 787 794 728 731 823 804 865 974 1307 1043 785 680 629 671 849 786 935 790 695 1213
612 539 618 577 614 826 803 501 791 802 813 630 932 1420 1478 1102 765 780 1015 1005 1149 1293 1178 992 1027 1080 1309 1317 1339 1402 1526 1478 1478 1563 1611 1665 1566 1650 1393 1336 1810 1643 1113 1012 1219 682 750 1317 1064 573 914 572 604 686 797 851 867 590 759 584 659 481 759 603 568 605 470 511 445 663
379 230 211 239 255 425 440 132 292 276 338 249 452 663 683 406 281 230 339 412 568 690 694 613 696 733 950 935 923 918 1027 979 983 1046 1085 1111 985 1072 938 897 1212 1205 827 862 936 498 659 819 489 264 552 398 325 306 436 446 484 414 631 504 382 286 428 359 379 339 366 350 293 502
435 252 259 334 308 403 513 253 438 415 420 240 403 960 955 674 540 555 700 746 853 939 896 790 873 940 1179 1202 1236 1244 1371 1307 1300 1371 1425 1454 1337 1404 1210 1134 1447 1326 684 860 1016 564 703 1071 730 401 653 463 440 419 578 641 643 461 741 585 493 399 524 356 441 461 363 424 371 674
206 125 214 378 289 440 515 280 464 429 516 384 472 893 864 683 539 607 748 643 687 851 901 875 939 920 1082 1032 1039 1019 1146 1106 1142 1204 1210 1253 1225 1296 1019 1009 1379 1318 731 936 1202 663 885 1003 665 458 744 563 556 535 766 767 810 764 1029 791 672 491 611 603 708 671 685 708 559 940
395 288 377 415 444 644 750 476 651 598 692 497 594 1275 1217 1009 835 893 988 896 966 1109 1141 1109 1159 1166 1331 1290 1313 1309 1424 1369 1392 1441 1469 1483 1474 1525 1208 1289 1649 1568 839 970 1381 730 966 1264 1065 597 888 744 703 696 720 826 785 756 967 756 698 562 486 576 617 672 700 632 521 902
531 341 452 465 517 679 687 374 595 585 640 485 704 1077 1126 851 596 577 756 693 793 954 945 878 952 984 1191 1164 1169 1179 1291 1249 1259 1331 1363 1368 1312 1358 1135 1182 1457 1361 850 902 1147 609 773 1087 815 469 839 591 540 544 639 695 672 526 696 568 562 358 471 444 454 500 435 435 286 545
706 340 615 587 613 741 713 428 587 580 653 561 773 990 1073 909 587 673 914 758 744 874 878 850 937 959 1173 1128 1122 1110 1222 1193 1223 1286 1315 1312 1229 1243 1103 1191 1316 1243 827 1020 1279 685 923 960 732 552 977 730 637 704 799 918 900 701 978 893 907 588 681 708 724 779 707 752 502 769
1057 607 845 567 739 984 886 510 592 592 735 660 889 990 1065 949 629 699 848 769 840 948 975 949 1006 1014 1208 1128 1096 1069 1135 1082 1082 1110 1142 1067 964 948 894 1107 1124 1086 868 842 1219 598 875 917 874 592 1074 856 664 684 500 737 608 508 700 743 816 560 401 616 509 619 703 581 413 508
914 657 757 708 652 744 772 421 658 748 735 636 846 1011 1092 905 651 785 975 899 951 1077 1080 999 1026 1020 1221 1229 1260 1246 1360 1307 1254 1342 1382 1337 1260 1286 1164 1097 1374 1100 640 565 794 457 551 1049 782 581 991 520 580 423 563 750 598 331 489 458 569 372 489 413 414 458 356 481 363 436
692 606 673 695 591 709 720 478 674 788 699 657 929 1368 1342 1187 952 1002 1088 962 1036 1225 1243 1123 1101 1019 1152 1147 1199 1211 1353 1320 1293 1390 1377 1385 1392 1415 1231 1169 1574 1357 761 690 993 458 566 1039 868 532 924 457 598 555 690 792 702 539 677 546 634 425 567 508 587 637 539 636 444 694
771 644 697 694 647 706 729 461 656 781 679 652 999 1350 1414 1217 961 968 1062 922 936 1097 1118 1052 1074 1013 1142 1147 1193 1197 1335 1330 1300 1445 1448 1458 1428 1386 1281 1311 1663 1483 843 783 1024 523 620 1038 863 511 940 515 618 606 730 876 779 610 707 597 705 498 593 596 614 725 560 726 470 701
637 468 536 505 465 550 577 321 559 624 618 513 722 1024 1090 890 633 762 919 802 817 926 902 822 839 834 995 1005 1042 1047 1158 1123 1094 1198 1244 1254 1194 1224 1038 1012 1396 1204 653 590 801 414 505 955 750 437 758 413 465 429 568 710 648 447 593 460 549 395 521 491 448 515 405 572 428 602
734 366 529 491 510 566 568 311 509 521 581 462 612 782 878 721 458 573 771 637 627 719 710 686 754 791 988 977 989 971 1059 1020 1012 1082 1142 1119 1044 1071 914 961 1117 999 577 676 859 475 638 851 622 440 772 541 461 438 552 679 634 449 652 579 610 401 478 479 438 511 426 560 370 553
763 664 738 730 650 755 777 556 830 908 936 828 923 1222 1231 1127 883 1087 1192 963 965 1122 1154 1107 1063 996 1089 1074 1120 1112 1208 1168 1134 1214 1244 1230 1285 1346 1034 1014 1474 1244 683 524 852 492 589 1115 977 661 946 567 668 549 683 813 713 611 670 501 626 480 547 619 560 613 589 742 589 761
581 461 531 630 546 630 711 447 712 745 817 695 722 959 967 850 684 845 954 745 741 912 1002 1026 1037 992 1109 1084 1112 1076 1175 1136 1118 1191 1223 1199 1252 1326 1009 998 1390 1212 630 612 898 557 707 1081 818 613 891 596 646 463 658 748 660 619 712 538 553 409 444 529 524 532 547 661 502 719
528 516 550 557 461 617 556 416 603 688 697 787 903 1018 914 875 710 831 790 564 608 801 893 844 758 637 690 671 698 695 796 781 784 832 846 879 978 1136 847 759 1328 1313 932 684 842 372 518 700 661 421 614 371 469 455 548 562 584 687 731 520 531 419 530 683 615 562 706 783 592 809
467 478 529 645 544 648 610 473 733 796 813 864 967 1054 1002 897 713 805 828 554 560 774 862 849 801 710 777 767 791 793 899 901 920 989 1016 1069 1184 1353 1001 915 1503 1496 1049 872 960 540 663 852 705 496 674 456 552 543 752 699 769 847 871 611 600 461 669 780 716 654 728 871 633 899
242 288 302 457 356 462 445 337 577 606 616 617 759 1017 969 798 628 670 718 521 550 738 773 720 706 647 738 730 753 770 888 887 922 1004 1026 1121 1175 1323 986 903 1495 1515 1005 946 1013 550 671 837 632 372 532 374 448 521 772 677 815 856 959 653 586 464 729 749 732 676 693 840 629 980
286 392 365 553 417 465 473 413 674 727 681 699 884 1197 1170 973 799 850 893 676 658 824 835 774 756 696 771 793 835 864 995 1012 1045 1165 1196 1329 1372 1504 1176 1066 1750 1763 1143 1081 1081 652 726 945 737 437 561 400 526 645 956 859 1031 1042 1136 782 730 635 958 944 915 877 817 1071 833 1217
340 501 461 701 548 550 645 573 844 889 851 877 1044 1371 1379 1167 1017 1118 1159 890 769 904 951 967 978 920 975 1009 1056 1068 1210 1253 1294 1455 1503 1662 1695 1798 1472 1399 2162 2195 1398 1391 1376 955 1045 1202 962 650 752 650 793 913 1264 1222 1396 1436 1531 1118 1049 981 1237 1312 1255 1231 1151 1476 1200 1629
545 541 524 673 533 442 531 552 735 781 660 738 1017 1408 1457 1228 1043 1171 1245 1050 860 860 796 747 791 803 918 1013 1077 1114 1267 1319 1366 1549 1641 1854 1741 1813 1657 1547 2229 2323 1519 1658 1459 1019 1095 1102 917 602 648 645 742 1062 1390 1406 1667 1562 1819 1431 1351 1296 1616 1570 1493 1521 1308 1765 1471 1928
390 392 264 298 266 277 360 342 483 492 409 410 663 1248 1223 955 838 882 869 834 803 790 698 589 616 658 790 878 938 986 1114 1120 1146 1281 1378 1555 1428 1523 1346 1261 1910 2020 1261 1298 1183 713 793 958 846 349 357 428 452 735 876 901 1116 1084 1309 969 859 921 1100 1058 961 1010 899 1179 1040 1450
375 411 325 373 296 332 449 374 512 529 464 508 750 1240 1221 973 855 973 979 912 830 819 774 703 733 751 882 963 1017 1047 1190 1205 1236 1380 1474 1654 1517 1614 1461 1356 2064 2160 1374 1410 1317 818 931 1014 874 445 491 517 580 826 992 1074 1264 1229 1484 1135 1027 1061 1215 1233 1142 1151 1079 1353 1205 1597
581 524 413 430 416 391 567 422 606 594 545 477 756 1255 1366 989 839 962 1079 1101 994 901 781 712 817 935 1137 1251 1303 1336 1471 1480 1492 1675 1817 1995 1737 1780 1695 1620 2251 2290 1436 1548 1382 1014 1077 1287 1029 569 632 680 681 918 1117 1266 1440 1249 1543 1230 1142 1209 1378 1304 1165 1232 1026 1383 1291 1618
412 302 227 390 318 296 475 285 445 413 378 294 528 964 1041 689 608 633 777 839 804 791 731 679 825 929 1167 1242 1274 1279 1428 1420 1443 1593 1688 1826 1594 1643 1565 1459 1915 1942 1182 1475 1335 955 1074 1160 733 480 623 616 594 723 1030 1077 1238 1063 1420 1154 961 943 1167 993 1028 1023 843 1106 996 1372
570 488 440 680 547 504 635 449 673 666 576 500 813 1161 1277 851 710 694 937 1017 1013 1035 922 800 955 1074 1354 1447 1478 1511 1684 1681 1709 1873 1959 2127 1871 1950 1876 1657 2149 2128 1447 1746 1486 1150 1201 1353 807 643 820 691 729 888 1348 1301 1522 1212 1596 1322 1145 1053 1539 1171 1260 1203 919 1248 1122 1490
696 524 439 538 537 479 569 413 580 552 502 485 818 1016 1171 756 620 582 749 836 794 743 625 554 721 874 1134 1238 1252 1280 1415 1433 1465 1633 1763 1936 1644 1715 1712 1605 2049 2189 1602 1823 1449 1134 1205 1171 767 542 646 729 645 903 1206 1203 1462 1262 1591 1343 1153 1146 1494 1291 1216 1214 992 1329 1185 1500
532 347 256 361 382 379 463 293 412 346 389 380 592 699 794 467 414 372 464 539 526 504 472 468 629 751 979 1034 1022 1014 1125 1130 1173 1296 1409 1545 1307 1401 1358 1311 1688 1904 1419 1652 1352 1023 1178 969 591 440 522 706 551 731 973 946 1188 1161 1468 1231 963 982 1186 1123 1052 1011 958 1171 1046 1361
730 523 466 589 716 645 664 495 739 688 728 725 967 876 1058 671 524 386 493 423 377 422 405 473 638 779 981 1052 1035 1045 1129 1173 1219 1365 1506 1622 1493 1609 1463 1501 1871 2125 1668 1753 1357 1108 1199 1089 739 532 615 817 636 821 1062 964 1211 1228 1313 1084 892 873 1128 1149 949 960 846 1129 876 1153
753 605 488 608 750 735 714 508 778 731 795 759 1004 868 1046 628 495 294 390 376 425 515 499 535 689 817 1013 1060 1030 1043 1116 1145 1178 1312 1433 1529 1416 1542 1370 1405 1781 2015 1664 1648 1279 1075 1139 1134 753 537 645 799 616 741 982 830 1061 1106 1131 919 731 729 1017 1010 815 804 729 946 749 971
558 460 375 525 572 635 581 375 639 600 686 675 843 655 743 401 293 157 254 246 357 496 505 493 595 674 868 889 855 861 942 944 979 1061 1150 1235 1159 1355 1133 1051 1480 1666 1447 1394 1087 864 950 935 535 438 546 599 476 529 813 617 844 898 972 757 552 517 877 817 699 587 618 753 617 816
724 703 734 1128 1008 1089 942 733 1059 1061 1101 1156 1352 959 1012 698 556 323 509 416 593 915 984 942 1034 1031 1231 1204 1152 1160 1284 1297 1361 1424 1426 1510 1539 1790 1503 1286 1693 1824 1783 1809 1489 1215 1304 1197 600 797 1039 846 837 826 1377 963 1239 1252 1342 1113 874 623 1311 1068 1164 909 918 1023 769 1039
647 599 658 1081 878 905 771 695 911 921 912 1088 1263 919 891 702 616 445 554 412 503 781 871 837 908 867 1037 1022 987 986 1127 1156 1247 1302 1297 1426 1456 1718 1484 1224 1647 1874 1795 1957 1575 1211 1360 965 456 736 894 802 811 911 1473 1058 1411 1487 1691 1414 1105 856 1527 1312 1458 1180 1219 1382 1059 1446
705 457 528 890 712 639 610 613 742 690 751 919 890 569 513 462 478 480 525 344 296 432 550 620 706 715 881 894 872 826 932 947 1036 1059 1122 1229 1233 1503 1284 1070 1380 1681 1516 1845 1436 1166 1396 793 378 712 698 866 760 844 1309 1020 1359 1522 1816 1547 1166 1031 1441 1372 1444 1207 1325 1551 1252 1654
1053 561 771 1027 865 697 687 747 876 805 897 1041 912 538 532 574 512 729 854 572 371 395 467 570 657 723 915 961 957 900 980 988 1070 1076 1203 1289 1258 1527 1318 1118 1315 1572 1402 1824 1403 1220 1465 820 493 885 804 1030 868 984 1402 1248 1562 1610 1982 1756 1448 1294 1631 1599 1576 1400 1467 1824 1502 1852
1217 564 744 860 751 547 515 586 728 663 729 746 643 411 455 458 345 587 779 613 473 417 355 349 434 572 822 899 915 883 938 901 934 931 1088 1137 1019 1248 1091 876 930 1056 941 1346 945 898 1057 717 415 718 633 796 592 702 1059 968 1227 1086 1495 1364 1147 1033 1391 1184 1134 1048 993 1401 1189 1431
1106 569 641 782 676 524 386 546 706 661 682 631 580 564 539 518 409 484 622 525 569 600 474 340 371 469 684 730 752 762 808 745 768 743 842 891 841 1074 828 603 660 758 744 1053 729 666 754 650 378 559 471 564 387 522 887 623 921 815 1144 993 788 687 1177 824 846 775 701 1039 868 1158
1179 746 686 818 699 531 327 536 665 707 601 608 725 785 742 705 616 522 558 519 656 736 591 380 375 411 575 625 661 694 753 704 701 716 762 822 793 968 796 575 652 744 749 932 589 514 525 555 342 432 397 387 280 451 812 481 779 700 935 803 635 556 1112 687 753 728 585 947 738 1034
994 731 592 723 559 395 209 399 528 645 467 548 778 849 820 769 682 572 545 483 592 694 582 375 342 308 409 463 513 547 630 612 594 671 690 776 757 874 757 549 787 852 737 783 466 359 332 441 268 279 301 186 192 363 736 452 717 667 824 658 550 489 1030 672 724 721 551 964 714 1003
976 697 539 609 495 377 168 322 401 510 361 461 720 733 709 659 589 439 381 369 509 604 508 311 290 251 350 384 413 438 512 492 476 549 560 637 586 681 626 476 663 782 745 767 466 322 328 337 194 198 254 182 136 317 616 351 609 609 766 633 504 458 924 630 661 663 551 894 660 919
1157 865 675 717 573 481 251 396 474 594 444 542 768 732 672 643 601 473 408 461 670 762 651 400 352 312 429 467 498 524 592 545 508 551 561 617 556 691 643 405 592 665 742 698 381 307 288 381 228 284 319 191 162 280 577 302 539 515 686 592 465 447 952 582 631 591 520 833 682 865
1069 778 598 607 468 447 236 377 384 448 348 406 638 745 673 619 589 493 465 615 835 870 715 427 410 398 549 567 583 610 686 623 610 642 650 742 579 694 697 476 653 770 841 932 662 481 522 469 295 328 361 318 234 443 716 467 759 702 1029 902 711 704 1188 791 874 820 774 1023 942 1183
1256 987 706 660 547 513 359 546 521 547 467 472 680 943 876 783 804 758 707 951 1157 1086 867 554 549 588 747 791 815 850 915 840 823 866 912 1044 790 895 924 704 948 1101 1085 1207 887 762 785 752 600 529 447 549 425 699 937 731 1073 1012 1403 1227 996 1120 1549 1139 1165 1139 1085 1380 1399 1651
1261 865 669 707 582 447 381 491 532 518 512 456 575 612 679 557 561 616 707 888 955 840 649 456 538 642 849 902 911 906 964 903 889 961 1051 1164 860 937 983 794 936 1051 984 1282 888 928 968 838 501 622 561 694 515 698 1077 927 1250 1098 1536 1374 1125 1205 1635 1238 1239 1208 1083 1494 1475 1688
794 551 336 275 222 238 280 242 233 205 250 177 310 611 626 487 514 603 605 795 855 745 639 510 584 645 812 832 841 817 890 830 816 902 977 1075 783 802 840 788 1061 1167 830 1034 926 722 856 782 559 410 437 574 418 556 716 754 943 907 1307 1122 902 1030 1122 995 961 979 979 1204 1233 1472
520 385 204 205 105 102 226 158 153 171 167 162 307 701 686 598 631 751 686 732 691 631 631 594 648 632 734 752 784 742 845 819 810 934 985 1081 885 863 869 868 1248 1322 721 908 928 598 771 705 538 319 409 472 420 511 657 778 883 926 1254 1026 849 939 891 934 923 971 975 1215 1127 1446
847 578 469 366 280 283 347 263 142 195 154 267 530 775 782 752 752 858 786 858 792 702 709 664 733 698 815 823 840 786 900 887 883 1014 1048 1139 869 792 990 1026 1263 1395 931 1164 1154 719 948 624 529 405 595 637 548 724 792 983 1080 1089 1501 1363 1196 1213 1129 1204 1205 1270 1276 1498 1344 1630
471 298 217 260 171 222 373 232 192 161 198 185 343 767 753 632 650 750 751 816 767 720 744 733 843 849 1002 996 1006 955 1080 1055 1081 1194 1235 1337 1101 1074 1107 1133 1444 1557 930 1284 1348 862 1124 866 618 448 615 703 607 730 879 1010 1129 1145 1583 1357 1115 1121 1059 1107 1167 1182 1203 1347 1238 1628
553 341 221 199 137 167 274 154 91 100 91 139 334 682 652 564 594 651 581 655 637 592 620 594 674 664 799 809 826 778 893 870 875 983 1026 1108 893 871 946 966 1246 1376 830 1074 1088 635 869 642 482 298 455 530 436 554 632 768 861 914 1285 1114 901 935 847 912 937 972 1009 1157 1037 1368
719 461 428 245 226 350 332 202 95 139 91 210 556 877 841 749 654 696 654 759 793 753 719 590 634 612 770 773 783 772 895 870 881 973 1000 1091 836 815 974 983 1248 1385 1008 1132 1169 554 788 541 513 264 510 487 400 651 607 777 876 837 1241 1131 1007 959 938 974 971 1019 1051 1131 1002 1278
547 402 350 270 158 255 219 152 97 178 122 237 534 830 780 751 662 730 676 677 692 718 716 599 602 508 596 573 591 572 695 680 688 793 782 876 712 685 753 750 1091 1173 786 875 973 427 629 453 402 215 458 347 343 537 620 713 820 827 1162 990 895 820 876 914 948 978 1003 1151 971 1280
850 671 558 368 326 420 427 287 157 258 217 384 717 918 908 906 868 933 790 816 787 764 824 790 812 703 758 729 736 682 792 791 779 917 914 979 774 666 866 987 1275 1407 982 1010 1137 597 838 564 594 367 654 607 553 708 655 885 908 1008 1294 1182 1096 1089 902 1135 1088 1181 1264 1392 1203 1439
658 412 312 217 172 195 230 170 70 130 54 136 418 854 804 770 745 759 645 683 681 658 664 591 631 579 678 680 712 682 795 777 773 885 898 969 791 724 829 897 1116 1230 710 898 985 454 674 502 476 213 420 426 353 535 536 679 747 793 1123 988 853 844 742 814 844 949 943 1097 911 1255
583 495 350 314 155 261 338 245 156 218 173 236 441 924 808 797 835 934 819 897 939 940 974 869 873 773 858 837 869 827 957 914 904 999 983 1063 889 856 912 877 1249 1284 751 904 1085 565 791 691 593 382 582 493 510 592 671 807 860 916 1296 1108 947 965 895 930 1034 1048 1127 1227 1145 1482
535 355 339 313 227 338 275 183 128 171 168 242 543 771 765 708 607 605 607 618 649 706 713 622 674 595 699 636 624 596 714 701 732 835 804 894 715 662 735 802 1027 1151 844 1047 1155 592 831 522 380 271 573 497 422 627 763 788 930 945 1305 1137 993 857 950 976 1048 1069 1088 1195 983 1328
612 408 386 274 223 337 286 202 101 149 130 258 584 829 808 764 666 696 651 671 671 677 679 592 634 564 666 627 623 598 715 709 739 844 838 939 733 683 806 880 1141 1313 972 1130 1205 595 848 484 441 264 529 517 430 692 726 826 964 1000 1371 1211 1076 985 992 1089 1099 1142 1188 1296 1090 1419
552 359 263 276 200 239 316 155 111 139 158 201 409 621 637 569 576 609 566 593 569 580 651 664 754 704 811 777 775 707 818 806 811 936 943 1002 815 746 829 915 1139 1244 762 1000 1082 651 896 634 424 325 579 576 485 545 680 793 857 929 1253 1098 909 877 797 907 951 988 1026 1168 993 1303
507 429 257 346 273 351 516 291 283 257 348 295 434 738 764 616 689 719 694 781 778 785 873 921 1049 1025 1140 1093 1079 999 1110 1088 1099 1232 1246 1315 1105 1036 1059 1161 1466 1566 968 1251 1373 978 1234 1026 693 552 780 840 733 723 909 1011 1080 1190 1522 1303 1046 1083 961 1084 1140 1148 1219 1316 1227 1564
