35848 30668 31031 31325 26970 27226 27154 27480 27783 23692 23878 23706 23964 24223 24007 24364 24433 24856 25149 25625 25961 26358 26605 26977 27273 27755 28376 29178 30110 30979 31615 32121 32365 32828 33260 33580 34001 34379 34890 35113 35365 35590 35889 36015 36218 36267 36431 36775 37298 37503 37437 37880 38342 38769 39194 39731 40043 40645 41061 41595 42015 42267 42547 42996 43392 43787 44176 44554 44947 45301
35566 30363 30643 30875 26825 26924 27102 27464 27830 23449 23443 23638 23958 23959 23911 23957 24087 24454 24859 25437 25764 26099 26401 26728 27129 27643 28195 28932 29759 30509 31078 31641 32101 32462 32897 33407 33861 34252 34676 34896 35108 35250 35590 35983 35957 36106 36392 36736 37050 37068 37316 37658 38106 38641 39258 39858 40220 40804 41109 41751 42328 42808 43152 43569 43954 44251 44540 44801 45101 45118
35325 30300 30503 30686 26720 26832 27053 27516 27603 23373 23498 23671 23808 23854 23723 23733 23895 24370 24900 25448 25811 26143 26475 26786 27098 27502 28031 28759 29490 30238 30879 31433 31920 32271 32735 33235 33781 34241 34611 34797 34971 35204 35510 35881 35960 36115 36312 36556 36801 36950 37226 37599 38002 38627 39230 39745 40065 40670 41042 41682 42266 42652 42820 43344 43707 44038 44356 44622 44906 45112
35172 30226 30783 30782 26644 26866 27154 27315 27316 23319 23528 23647 23676 23658 23588 23601 24051 24479 25101 25717 26041 26389 26758 27236 27566 28045 28730 29651 30525 31415 32278 32863 33547 33861 34504 35274 35819 36388 36889 37068 37112 37510 37658 38046 37154 37254 37446 37536 37543 37597 37865 38308 38498 39353 40123 40314 40496 41152 41358 41930 42219 42445 42845 43285 43805 44089 44456 44896 45285 45768
34790 30069 30390 30526 26485 26690 26745 26930 27078 23154 23223 23390 23392 23368 23324 23547 23928 24443 24958 25464 25864 26289 26726 27080 27465 27938 28537 29367 30239 31173 31927 32641 33118 33663 34416 34972 35682 36256 36593 36639 36931 37129 37460 37570 36879 36938 36996 37107 37336 37287 37553 38016 38536 39208 39484 39880 40166 40696 41080 41520 42011 42465 42946 43545 43910 44286 44678 45068 45557 45822
34511 29970 30184 30137 26299 26485 26514 26626 26715 22921 23067 23343 23072 23122 23258 23509 23788 24198 24717 25314 25741 26111 26476 26854 27191 27634 28237 29130 30036 30963 31764 32444 33080 33594 34215 34812 35437 35925 36375 36653 36806 36872 37053 36936 36661 36749 36838 36971 37022 37162 37578 38064 38497 38970 39437 39853 40117 40767 41025 41628 42243 42546 42929 43538 43992 44367 44799 45113 45462 45758
34299 29820 29928 30024 26205 26264 26285 26599 26487 22860 23053 23040 22913 23323 23348 23566 23881 24397 25141 25864 26164 26450 26889 27252 27557 28031 28736 29755 30740 31873 32796 33501 34215 34691 35214 35995 36734 37018 36956 36553 36530 36627 36768 36552 36478 36498 36598 36662 36899 37208 37619 37934 38348 38762 39252 39757 40025 40581 41049 41565 42172 42529 43032 43656 44035 44559 45080 45284 45672 46051
33869 29496 29699 29748 25926 26006 26169 26317 26562 22654 22640 22743 22872 23019 23078 23320 23711 24315 24890 25356 25785 26174 26575 26966 27362 27900 28606 29567 30572 31638 32509 33298 33871 34446 35034 35735 36206 36218 36330 36154 36167 36153 36215 36581 36185 36258 36423 36598 37050 37344 37621 37962 38415 39003 39574 40161 40563 41203 41587 42154 42737 43217 43692 44399 44863 45376 45805 46136 46548 46715
33616 29416 29475 29528 25826 25966 26002 26377 26649 22594 22525 22627 22879 22910 23165 23564 23922 24408 24669 25420 25918 26424 26851 27332 27710 28344 29096 30051 31045 31984 32548 33175 33892 34425 35083 35492 35677 35849 36006 35844 35813 35821 36168 36394 36069 36118 36227 36619 37043 37251 37565 37944 38546 39189 39875 40567 41052 41874 42433 43309 44175 44874 45484 46408 47152 47759 48410 48960 49526 49782
33482 29232 29128 29215 25639 25642 25827 26168 26437 22433 22353 22479 22576 22942 23328 23442 23732 24058 24733 25547 26147 26398 26891 27210 27740 28339 29184 30222 31037 31719 32399 33276 34152 34573 34786 34975 35306 35496 35792 35547 35547 35687 35870 36076 35951 36009 36312 36815 37342 37655 38122 38435 39154 39790 40596 41479 42144 43112 43659 44566 45366 45838 46382 47286 47740 48428 49025 49309 49892 50108
33022 28893 28723 28707 25311 25352 25580 26192 25998 22223 22177 22107 22516 22946 22875 23166 23310 24285 24689 25573 25840 26458 26697 27152 27615 28317 29134 29810 30432 31297 32290 33178 33740 34074 34020 34495 34905 35159 35528 35105 35325 35297 35582 35902 35722 35844 36210 36656 37218 37572 37959 38544 39261 40025 40885 41741 42155 42965 43593 44343 45072 45592 46161 46785 47497 48113 48696 49169 49725 50086
32661 28625 28408 28320 25095 25163 25536 25565 25727 22017 21889 22296 22553 22543 22787 22697 23348 23716 24582 25160 25746 26071 26572 27000 27727 28485 28836 29393 30159 31261 32260 32964 33627 33411 33733 34281 34526 34880 34829 35005 35018 35059 35419 36057 35528 35939 36286 36762 37172 37449 38227 38685 39133 40251 40849 41552 42144 42969 43429 44214 44929 45603 46042 47250 48135 48252 49251 49739 49994 50360
32129 28288 27982 28255 24679 24874 24764 24963 25245 21697 21681 21880 21960 22238 22137 22940 22901 23652 24154 24995 25364 25902 26324 26949 27541 27708 28036 28826 29942 31107 32036 32507 32558 32782 33178 33516 34009 33983 34689 34550 34607 34685 35180 35123 35375 35565 35868 36367 36951 37322 37799 38143 39217 39568 40275 41091 41542 42456 42910 43466 44526 45066 45907 46942 47390 48189 48822 49035 49694 49735
31443 27612 27403 27439 24068 24106 24328 24539 24745 21139 21184 21179 21459 21541 21848 22065 22459 22966 23678 24337 24837 25290 25934 26551 26532 26691 27245 28332 29398 30562 31032 31388 31640 31979 32373 32939 33000 33591 33912 33901 34130 34121 34324 34778 34882 35177 35551 35886 36437 36884 37343 37811 38509 39255 39972 40761 41254 41944 42476 43211 44029 44713 45346 46234 46831 47518 48100 48507 49050 49220
31130 27312 27183 27130 23819 24018 24052 24416 24650 20933 20883 21095 21150 21564 21573 21832 22000 22709 23253 24077 24572 25213 25899 25949 25984 26398 27333 28520 29416 30032 30446 30811 31287 31736 32142 32184 32891 33227 33550 33727 33740 33797 34517 34638 34844 35266 35466 35955 36508 36937 37591 38152 39020 39814 40625 41435 41967 42955 43654 44387 45395 46087 46761 47804 48514 49248 49477 49208 49797 48982
30729 27030 26804 26765 23526 23613 23982 24304 24220 20701 20600 20753 21083 21230 21224 21476 22010 22425 23154 23849 24527 25196 25273 25319 25587 26314 27235 28188 28741 29342 29805 30415 30969 31248 31287 31982 32414 32760 33396 33351 33434 33864 34041 34517 34847 35033 35606 36294 36998 37535 37971 38556 39242 40120 40997 41676 42233 43347 43929 44543 45660 45948 46709 47773 48453 48691 48633 49044 49473 48502
30231 26698 26380 26480 23208 23379 23609 23692 23889 20467 20303 20571 20725 20766 20880 21341 21538 22274 22902 23836 24507 24652 24757 24981 25680 26344 27081 27659 28179 28785 29481 30116 30528 30573 31136 31674 32070 32658 32868 32921 33420 33431 33900 34557 34555 35124 35758 36331 37095 37194 37800 38311 39040 39844 40519 41388 42109 43042 43452 44438 45025 45815 46631 47481 47913 47762 48353 48697 49211 48016
29642 26283 25924 26132 22707 22812 22877 23005 23380 20030 19983 19929 20073 20246 20559 20824 21275 21826 22743 23686 23782 23928 24182 24777 25259 25805 26215 26800 27388 28276 28992 29493 29700 30083 30637 31107 31698 31910 32453 32907 33065 33037 33569 34091 34496 35071 35443 36156 36539 36822 37371 37757 38528 39214 40083 41082 41574 42391 43159 43513 44602 45441 45930 46781 46621 47137 47653 48038 48931 47300
29032 25843 25566 25748 22254 22312 22389 22748 23126 19628 19616 19421 19645 20071 20047 20571 20722 21605 22528 22934 23045 23303 23970 24410 24794 25034 25433 26040 26803 27754 28292 28738 29182 29693 30139 30793 31012 31513 32535 32518 32636 32759 33343 34058 34514 34831 35487 35620 36084 36526 36982 37348 38096 39070 40011 40803 41312 42337 42580 43438 44465 44900 45439 45631 46021 46633 47263 47932 48659 46753
28292 25355 25073 25490 21807 21795 22030 22485 22810 19174 19131 18975 19432 19519 19790 19937 20339 21250 21742 22168 22339 23059 23576 23870 24000 24261 24741 25429 26192 26933 27473 28241 28739 29221 29812 30223 30604 31492 32258 32035 32313 32478 33320 34036 34191 34828 34911 35118 35709 36075 36447 36921 37832 38949 39701 40504 41300 41757 42508 43537 44053 44663 44554 45110 45621 46363 47211 47733 48292 46105
27540 24735 24704 25081 21181 21363 21452 21876 21887 18500 18684 18568 18708 19129 19120 19456 19666 20113 20750 21316 21898 22438 22860 22896 23049 23501 24168 24892 25466 26189 26969 27837 28334 28915 29297 29784 30445 31166 31670 31808 32140 32457 33123 33668 34146 34280 34407 34644 35183 35601 35977 36529 37492 38607 39377 40452 40889 41700 42403 42980 43550 43565 43955 44579 45284 46303 46900 47253 47521 45436
26724 24158 24324 24825 20571 20768 20949 21243 21231 17986 18038 18166 18351 18610 18580 19010 19098 19525 20159 20959 21465 21920 22102 22280 22640 23132 23687 24339 24851 25763 26482 27486 28030 28354 29018 29657 30288 30822 31387 31650 32092 32445 33092 33726 33659 33759 33990 34326 34783 35073 35620 36262 37231 38189 39320 40193 40602 41392 41853 42412 42569 42800 43471 44234 45043 45957 46561 46566 47263 44751
25905 23689 23971 24191 19964 20195 20338 20498 20739 17526 17596 17739 17896 17996 18146 18493 18710 19216 19978 20678 21103 21343 21597 21891 22241 22577 23044 23572 24333 25223 26086 27063 27396 27946 28753 29405 29983 30606 31179 31586 32096 32420 33077 33600 33256 33352 33578 33889 34353 34716 35418 36084 36940 38141 39044 39803 40101 40760 41169 41331 41710 42184 42913 43784 44558 45428 45714 46171 46715 44058
25086 23251 23258 23418 19379 19607 19651 19989 20168 17032 17154 17219 17302 17589 17594 17959 18218 18932 19576 20240 20421 20724 21097 21396 21576 21794 22129 22916 23645 24697 25522 26370 26912 27599 28404 28986 29644 30269 31010 31455 31954 32309 32866 33439 32822 32948 33151 33427 33950 34506 35210 35814 36844 37908 38663 39286 39493 40091 40185 40582 41101 41647 42497 43407 44062 44657 45303 45607 45942 43388
24480 22805 22728 22873 18934 19066 19266 19573 19730 16652 16746 16773 16996 17212 17191 17633 18041 18617 19276 19689 19931 20364 20741 20919 21017 21167 21774 22535 23460 24435 25173 26137 26821 27526 28277 28954 29560 30281 31074 31454 31937 32211 32877 33223 32431 32594 32776 33134 33800 34414 34998 35682 36693 37569 38229 38814 38960 39273 39559 40001 40734 41470 42264 43066 43519 44389 44892 45047 45635 42831
23874 22385 22338 22543 18561 18780 18936 19339 19188 16291 16383 16486 16689 16810 16997 17473 17612 18200 18725 19230 19591 19991 20267 20331 20377 20846 21469 22398 23211 24133 25100 26277 26954 27754 28633 29169 29815 30543 31237 31525 31855 32207 32621 32970 32020 32199 32519 32968 33671 34197 34844 35552 36351 37209 37833 38307 38324 38833 39162 39777 40687 41431 42074 42715 43449 44130 44443 44849 45284 42302
23001 21711 21673 21763 17851 18011 18208 18598 18259 15710 15819 15920 15997 16336 16546 16970 17245 17652 18235 18810 19121 19492 19692 19666 20017 20471 21279 22167 22971 24065 25034 26134 26938 27678 28499 29161 29817 30498 30955 31225 31751 31947 32191 32489 31440 31649 31939 32527 33207 33719 34352 34781 35489 36221 36808 37281 37265 37884 38232 39120 40071 40653 41214 41951 42583 43212 43795 44088 44367 41504
22216 21171 21154 21400 17268 17362 17564 18091 17466 15260 15327 15339 15639 15943 16214 16620 16723 17160 17805 18357 18684 18957 19065 19392 19728 20344 21081 22007 22986 24068 25034 26183 27061 27849 28622 29222 29776 30252 30719 31170 31507 31624 31757 32205 30934 31093 31557 32185 32837 33266 33620 34097 34554 35214 35785 36208 36378 37046 37658 38569 39377 39941 40605 41252 41882 42748 43172 43330 43509 40812
21513 20636 20635 20921 16722 16830 17060 17534 16738 14847 14918 15014 15413 15684 15989 16211 16304 16897 17418 18065 18290 18534 18920 19236 19729 20363 21169 22224 23347 24597 25665 26854 27695 28554 29336 29988 30640 30815 30861 30972 31224 31394 31624 32094 30566 30751 31185 31729 32409 32762 33032 33324 33759 34356 34812 35393 35772 36627 37046 38097 38774 39527 40095 40540 41497 42261 42479 42611 42668 40298
20714 20036 20137 20498 16148 16270 16580 16888 16017 14408 14465 14709 15140 15411 15479 15683 15944 16458 17037 17597 17802 18318 18690 19176 19669 20310 21137 22215 23358 24569 25609 26696 27635 28468 29263 30032 30711 30264 30343 30482 30813 31125 31426 31837 30074 30212 30566 31141 31738 31994 32120 32376 32809 33257 33843 34648 35178 35926 36589 37374 38305 38933 39223 40113 40899 41458 41922 41672 41711 39722
20146 19590 19873 20372 15760 15970 16308 16213 15479 14127 14225 14559 15007 15052 15047 15346 15626 16297 16701 17211 17713 18195 18732 19296 19848 20559 21501 22741 24057 25420 26615 27882 28954 29432 29652 30163 30492 29763 29858 30121 30547 30895 31254 31502 29694 29810 30197 30726 31215 31292 31466 31695 32101 32597 33372 34249 34627 35665 36171 37079 37943 38264 38871 39768 40325 41108 40994 40874 40892 39289
19507 19082 19572 20224 15315 15609 16099 15529 14890 13784 13933 14352 14597 14695 14581 14922 15458 16005 16281 17061 17528 18237 18776 19318 20024 20877 22005 23497 25038 26505 27276 28047 28452 28677 29262 29676 29775 29188 29298 29675 30132 30591 30843 31000 29222 29360 29685 30134 30441 30552 30701 30930 31408 32056 32901 33623 34189 35114 35828 36658 37239 37819 38437 39128 39873 40158 39966 39966 40043 38765
18710 18444 19208 19519 14733 15127 15422 14631 14080 13273 13488 13710 14062 14152 13948 14442 14915 15377 15867 16636 17311 18027 18525 19265 19952 20787 21948 23445 24891 25789 26490 27097 27450 28021 28511 28721 28706 28368 28555 28963 29524 29953 30156 30072 28553 28617 28827 29170 29568 29526 29616 30055 30536 31234 31917 32856 33235 34440 35107 35697 36559 37197 37648 38468 39068 38797 38789 38926 38914 38022
18027 17853 18384 18590 14286 14645 14888 14022 13437 12783 12857 13270 13611 13807 13478 13872 14316 15061 15477 16412 17087 17759 18354 19098 19787 20656 21755 23024 23927 24757 25421 26020 26660 27108 27388 27520 27712 27477 27759 28299 28752 29051 29245 29185 27882 27918 28086 28473 28722 28632 28927 29430 30119 30669 31544 32192 32845 33964 34587 35452 36407 36781 37338 38078 38072 37809 37926 37981 38161 37277
17720 17488 18085 17808 14012 14376 14488 13635 12897 12471 12627 12998 13448 13661 13184 13591 14276 14874 15611 16462 17070 17929 18635 19472 20228 21139 21549 22339 23259 24081 24753 25498 26098 26217 26431 26653 26739 26944 27485 27945 28234 28358 28683 28406 27458 27514 27691 27931 28085 28298 28694 29228 29912 30681 31261 32121 32743 33793 34588 35444 36102 36641 36966 37320 37256 37078 37156 37384 37629 36799
17318 17059 17682 16931 13679 14127 13841 13050 12301 12101 12327 12786 13195 13193 12814 13397 13931 14829 15331 16232 17164 18150 18948 19932 20240 20390 20795 21605 22486 23252 24052 24796 25084 25204 25481 25632 26130 26580 27069 27361 27468 27786 27960 27612 26996 27034 27071 27246 27696 27976 28337 28997 29735 30184 30976 31877 32431 33612 34349 35051 35878 36229 36298 36702 36345 36322 36512 36869 36831 36236
16903 16510 17026 15989 13295 13589 13187 12554 11682 11607 11941 12451 12607 12588 12422 12822 13648 14335 14873 16083 17046 17952 18809 19326 19265 19396 19794 20624 21452 22357 23201 23688 23942 24083 24274 24793 25504 25862 26293 26408 26679 26749 27060 26681 26348 26396 26430 26870 27284 27549 28087 28714 29242 29963 30781 31610 32246 33355 34152 34834 35507 35543 35603 36073 35587 35627 35972 35968 35996 35568
16522 16147 16637 15403 13045 13318 12696 12177 11316 11417 11782 12162 12118 12185 12091 12697 13342 13984 14874 16194 17304 17974 18409 18773 18473 18590 19023 19837 20727 21698 22361 22706 22996 23156 23534 24263 24875 25241 25545 25829 25823 26086 26287 25978 25865 25882 26277 26713 27055 27422 28035 28549 29296 29944 30695 31584 32227 33410 34133 34631 35285 34991 35185 35550 35052 35288 35503 35367 35657 35060
15888 15536 15870 14593 12619 12647 12122 11783 10979 11041 11304 11566 11553 11619 11693 12198 12830 13852 14777 16112 16883 17359 17662 17978 17530 17662 18025 18846 19731 20550 21080 21518 21757 22219 22756 23422 24109 24283 24731 24698 24894 25088 25504 25277 25174 25537 26000 26305 26682 27206 27798 28469 29256 29833 30596 31519 32217 33219 33953 34355 34580 34436 34525 34887 34461 34629 34726 34914 35135 34407
15395 14938 14799 13752 12256 12020 11652 11454 10589 10562 10785 10897 11099 11341 11298 11629 12491 13651 14609 15708 16233 16575 16795 17239 16537 16658 17034 17805 18591 19287 19923 20289 20856 21464 21946 22667 23153 23452 23554 23709 23831 24286 24463 24479 24823 25280 25570 25844 26420 27079 27683 28430 29127 29890 30702 31644 32365 33257 33771 33833 33928 34011 33982 34340 34020 34042 34269 34471 34510 33866
15044 14466 14014 13195 11996 11620 11245 11050 10219 10202 10305 10525 11014 10946 11004 11422 12348 13520 14324 15221 15617 15871 16262 16458 15727 15915 16304 17015 17697 18473 19050 19603 20392 20978 21434 21938 22499 22505 22774 22841 23210 23527 23728 24273 24668 24919 25156 25682 26795 27838 28688 29650 30673 31270 31427 31972 32546 33310 33157 33184 33451 33789 33564 34033 33608 33779 33925 34013 34291 33488
14392 13796 13204 12414 11528 11016 10698 10635 9641 9639 9747 10140 10575 10494 10593 11190 11940 12983 13635 14504 14762 15158 15552 15324 14741 14930 15244 15854 16559 17404 18077 18956 19661 20229 20602 21178 21423 21558 21715 21905 22281 22620 23254 23868 23990 24107 24546 25462 26659 27689 28496 29421 30070 30310 30680 31509 32183 32961 32386 32469 32906 33185 32809 33314 32900 33149 33157 33414 33550 32983
13727 13045 12496 11662 10975 10401 10144 10217 9031 9052 9350 9674 9981 10014 10327 10753 11344 12246 12872 13610 14034 14496 14398 14182 13767 13910 14152 14828 15597 16549 17500 18270 18970 19483 19885 20088 20479 20542 20773 20978 21381 22186 22867 23202 23166 23497 24330 25312 26469 27523 28332 28783 29112 29565 30214 31149 31888 32535 31620 31840 32162 32346 31936 32350 32124 32311 32552 32639 32711 32524
13146 12358 12001 11109 10510 9961 9684 9782 8604 8763 9085 9317 9582 9833 10063 10393 10861 11653 12177 13048 13575 13638 13477 13305 13061 13176 13508 14233 15077 16252 17073 17789 18442 19075 19072 19446 19755 19900 20090 20350 21191 22116 22512 22522 22730 23401 24475 25468 26716 27606 27847 27998 28500 29143 29933 30998 31615 31677 30945 31150 31492 31442 31195 31485 31378 31845 31997 32024 32197 32396
11942 11292 11248 10269 9657 9326 8888 8995 8070 8206 8459 8728 9079 9141 9358 9616 10013 10680 11320 12273 12592 12482 12326 12267 12163 12342 12718 13460 14358 15443 16205 16883 17591 18225 18074 18464 18903 18979 19108 19780 20795 21604 21820 21783 22321 23079 24112 25152 26099 26595 26764 27148 27811 28478 29356 30355 30443 30438 29891 30144 30390 30230 30018 30230 30305 30906 31216 31228 31766 32129
10812 10366 10354 9433 8947 8810 8138 8273 7631 7659 7965 8344 8602 8538 8767 8868 9257 10066 10754 11463 11647 11504 11407 11393 11480 11695 12061 12752 13595 14572 15368 16038 16766 17134 17108 17701 18119 18121 18559 19435 20275 21018 21129 21492 22134 22782 23854 24676 25267 25628 25950 26735 27301 27976 28814 29503 29228 29239 28907 29242 29460 29258 29105 29283 29653 30327 30524 31002 31526 31933
9884 9591 9493 8823 8424 8393 7439 7559 7185 7225 7667 7973 8084 8106 8338 8316 8845 9609 10187 10763 10727 10696 10677 10860 11011 11248 11580 12244 13062 14002 14871 15458 15960 16296 16607 17169 17396 17717 18377 19084 19778 20445 20788 21364 21836 22570 23419 24000 24454 24865 25408 26283 26675 27354 28007 28259 28038 28101 28038 28410 28469 28546 28507 28816 29544 29931 30370 30984 31327 32005
8823 8664 8445 8069 7844 7812 6643 6750 6612 6730 7208 7373 7548 7665 7676 7934 8324 8897 9512 9789 9790 9881 10063 10287 10500 10741 11085 11683 12453 13437 14254 14728 15098 15697 16160 16607 16972 17406 17990 18525 19148 19927 20539 20886 21389 21974 22614 23019 23484 24111 24641 25328 25751 26353 26663 26815 26780 27090 27187 27383 27835 27964 28140 28685 29200 29752 30259 30720 31149 31875
7998 7849 7620 7491 7411 7304 6154 6241 6236 6387 6742 7086 7214 7246 7407 7733 7930 8475 8886 9081 9194 9401 9629 9917 10149 10446 10770 11352 12183 13146 13844 14285 14822 15424 15901 16407 16816 17181 17687 18195 18906 19716 20273 20559 20961 21513 22045 22386 22959 23626 24072 24517 25132 25479 25767 26022 26181 26594 26676 27052 27590 27783 28126 28999 29543 30191 30862 31273 31467 31862
7286 7098 7038 7164 6989 6893 5822 5931 5995 6168 6509 6833 6902 7011 7296 7577 7826 8241 8550 8776 9043 9210 9501 9743 9996 10305 10668 11313 12167 13104 13734 14264 14793 15346 15859 16347 16791 17135 17450 18095 18863 19567 20066 20244 20678 21123 21558 21985 22613 23250 23637 23998 24631 24887 25292 25634 25862 26292 26551 26817 27385 27652 28142 29113 29440 30253 30879 31023 31311 31615
6576 6425 6591 6708 6529 6456 5569 5715 5793 5993 6274 6560 6719 6915 7149 7517 7747 8136 8390 8724 8982 9162 9403 9646 9880 10201 10626 11289 12123 13041 13657 14323 14725 15264 15768 16196 16750 17012 17321 18058 18738 19429 19824 20056 20470 20790 21297 21748 22347 22986 23388 23719 24294 24676 25153 25478 25705 26246 26431 26769 27236 27546 28149 28914 29334 30173 30651 30849 31178 31379
5959 5909 6049 6228 6142 6022 5335 5563 5715 5805 6099 6449 6699 6871 7112 7430 7732 8170 8426 8814 9079 9270 9532 9784 10021 10340 10732 11334 12109 12972 13596 14207 14667 15181 15664 16162 16705 17014 17303 17977 18665 19349 19763 20024 20348 20695 21173 21625 22246 22884 23233 23594 24137 24585 25020 25374 25632 26061 26308 26711 27108 27515 28032 28800 29215 30036 30509 30763 31075 31261
5454 5471 5634 6126 5811 5704 5185 5508 5554 5668 6236 6640 6875 7153 7272 7374 7665 8117 8492 8920 9261 9494 9816 10105 10342 10634 10958 11489 12178 12969 13550 14194 14660 15182 15649 16120 16713 17032 17291 17971 18637 19359 19756 19983 20421 20825 21352 21807 22428 23120 23477 23848 24440 24906 25375 25727 25950 26330 26608 27095 27546 27995 28573 29213 29599 30354 30640 30832 31105 31256
4870 5045 5498 5931 5356 5295 4988 5315 5327 5669 6260 6673 6864 6949 7002 7322 7629 8256 8667 9188 9628 9955 10353 10764 11119 11502 11895 12479 13265 14090 14750 15334 15865 16401 16860 17497 18195 18602 19012 19772 20460 21284 21843 22115 22555 22920 23311 23625 24057 24578 24792 25004 25411 25647 25963 26196 26366 26682 26899 27305 27707 28040 28439 29126 29459 30124 30600 30797 31007 31261
4435 4825 5368 5333 4963 4994 4813 5100 5337 5682 6453 6933 6605 6674 6921 7103 7700 8391 8756 9362 9854 10390 10957 11610 12083 12462 12840 13579 14585 15484 16271 16857 17498 18079 18726 19344 20240 20733 21383 22451 23384 24430 25066 25132 25311 25591 25559 25385 25423 25733 25466 25500 25809 25942 26317 26630 26928 27446 27814 28334 28913 29363 29827 30691 31097 31680 32087 31891 32004 32267
4009 4371 4609 4550 4435 4495 4470 4896 5137 5621 6248 6308 6134 6459 6500 6896 7578 8237 8663 9205 9861 10352 10931 11507 11864 12239 12762 13588 14551 15459 16179 16779 17407 18041 18475 19268 20104 20738 21512 22566 23271 24183 24586 24640 25035 25081 25073 24950 25148 25376 25180 25284 25663 25903 26479 26950 27328 27933 28361 28817 29387 29757 30119 30793 31026 31455 31476 31676 31826 32178
3531 3554 3876 4139 3976 4112 4290 4791 5093 5280 5600 5702 5905 6085 6275 6634 7231 7936 8361 9085 9676 10201 10758 11275 11667 12149 12751 13610 14503 15309 16085 16724 17366 17862 18425 19193 20047 20718 21401 22198 22878 23641 24104 24263 24356 24480 24489 24667 24671 24738 24762 25058 25388 25883 26474 26983 27365 28031 28497 29142 29775 30265 30221 30844 30932 31006 31345 31596 31689 32015
3389 3082 3653 4035 3718 3947 4161 4670 5134 4940 5219 5509 5630 5992 6177 6377 7008 7669 8242 8983 9553 10115 10606 11119 11569 12090 12789 13703 14591 15423 16245 17017 17693 18193 18829 19556 20347 20971 21542 22188 22749 23372 23704 23927 24074 24216 24382 24484 24440 24527 24684 24980 25349 25956 26738 27159 27619 28438 28656 29430 29861 29876 30269 30614 30679 30966 31215 31443 31741 32036
3234 2862 3545 3882 3547 3719 3981 4665 4764 4730 5110 5264 5700 5949 6005 6273 6929 7774 8370 9191 9892 10558 11010 11389 11805 12171 12833 13687 14710 15581 16446 17298 17844 18491 19071 19831 20739 21359 21961 22428 22684 23165 23370 23831 23950 24129 24133 24206 24342 24368 24485 24985 25203 25938 26446 27089 27502 27994 28545 29139 29270 29794 30023 30172 30577 30842 30966 31400 31714 32123
2930 2556 3147 3355 3284 3505 3820 4227 4368 4421 4879 5250 5469 5681 5816 5968 6737 7539 8210 9117 9773 10311 10665 11131 11460 11975 12639 13574 14463 15315 16251 16992 17775 18300 18878 19773 20525 21175 21696 22025 22362 22698 23220 23651 23845 23886 23922 24090 24138 24205 24556 24974 25216 25758 26503 26991 27234 27901 28267 28773 29327 29642 29817 30211 30526 30700 31043 31428 31714 32047
2689 2300 2851 3085 3131 3296 3497 3857 4152 4356 4791 5000 5212 5466 5498 5778 6538 7381 8096 8976 9532 9970 10405 10777 11224 11696 12402 13269 14167 15115 16040 16839 17575 18101 18737 19515 20314 20846 21307 21713 21913 22490 22963 23532 23538 23598 23691 23854 23995 24141 24416 24865 24994 25663 26167 26574 26903 27535 27853 28552 29030 29365 29624 30018 30374 30619 30903 31305 31616 31917
2511 2142 2619 3086 2985 3110 3206 3717 4159 4455 4676 4856 5126 5254 5453 5870 6601 7487 8126 8880 9337 9830 10179 10671 11064 11602 12239 13103 14086 15043 15957 16770 17487 18044 18649 19415 20107 20643 21163 21415 21869 22412 23027 23344 23381 23467 23560 23765 24067 24250 24417 24744 24995 25491 25928 26409 26763 27286 27746 28452 28849 29255 29563 29964 30353 30663 30990 31361 31714 32024
2283 1897 2394 2943 2780 2888 3075 3778 4181 4199 4610 4720 4853 5193 5425 5807 6488 7288 7876 8603 9079 9504 9943 10354 10820 11349 12006 12820 13773 14743 15672 16581 17264 17847 18440 19177 19865 20399 20922 21428 21876 22378 22823 23204 23315 23418 23569 23810 24090 24272 24465 24798 25055 25644 26231 26801 27211 27885 28432 29266 29774 30284 30715 31191 31710 32205 32565 32935 33261 33510
2029 1688 2298 2843 2594 2722 3068 3885 3997 4190 4624 4519 5028 5343 5504 5814 6599 7387 7867 8557 8961 9503 9897 10349 10836 11429 12188 13103 14144 15182 16209 17186 17764 18305 18922 19773 20602 21319 21894 22384 22789 23255 23626 24228 24346 24449 24568 24803 25048 25172 25279 25743 25847 26682 27135 27637 27958 28525 29145 30005 30195 30853 31139 31482 32129 32472 32651 33199 33517 33798
1661 1376 1969 2426 2227 2496 2829 3281 3752 3940 4193 4447 4799 5091 5305 5598 6216 6922 7485 8163 8650 9153 9615 10111 10643 11273 12059 13022 14066 15082 16019 16889 17578 18136 18846 19646 20470 21147 21725 22178 22578 23047 23558 24105 24216 24324 24445 24662 24887 24988 25196 25530 25753 26335 26855 27329 27715 28389 28875 29591 30056 30548 30972 31477 31919 32288 32626 33037 33409 33691
1459 1290 1862 2077 2178 2533 2672 3412 3745 3854 4334 4623 4865 5371 5636 5997 6738 7462 8079 8858 9492 10100 10620 11147 11671 12249 12985 13889 14822 15712 16621 17502 18265 18842 19526 20351 21216 21909 22478 23033 23465 24025 24511 25038 25217 25384 25580 25871 26045 26138 26412 26819 27063 27774 28562 29267 29806 30725 31484 32577 33015 33479 33930 34349 34994 35295 35761 36163 36444 36764
1178 1045 1465 1882 2086 2120 2472 3174 3580 3815 4252 4478 4887 5261 5571 5984 6839 7862 8579 9428 10033 10652 11196 11731 12297 12916 13650 14504 15499 16534 17497 18363 19071 19679 20211 21063 21827 22456 23115 23738 24319 24946 25496 25945 26129 26310 26502 26754 27071 27320 27553 27869 28112 28690 29261 29854 30331 30977 31488 32253 32775 33327 33757 34310 34772 35288 35665 36031 36363 36604
877 785 1289 1921 1912 2170 2535 3257 3725 4003 4473 4700 5155 5530 5823 6242 7117 8184 8960 9888 10540 11227 11816 12436 13076 13777 14504 15433 16552 17507 18417 19252 19947 20559 21090 21928 22668 23353 24061 24669 25241 25874 26468 26955 27136 27307 27493 27767 28115 28350 28555 28924 29167 29762 30319 30910 31393 32023 32535 33337 33801 34320 34680 35145 35601 36012 36344 36755 37099 37369
613 532 1229 1711 1910 2196 2638 3425 3896 4129 4624 4922 5321 5715 6024 6381 7256 8250 9055 9982 10665 11343 11960 12536 13085 13696 14477 15421 16366 17329 18263 19134 19868 20435 21013 21841 22692 23434 24104 24711 25281 25933 26435 26986 27193 27438 27687 27993 28255 28474 28798 29277 29538 30354 31135 31885 32466 33277 33916 34817 35447 36107 36591 37096 37565 37986 38275 38684 39019 39303
340 711 1567 2086 2445 2902 3589 4583 5261 5653 6324 6886 7504 8127 8651 9218 10415 11668 12697 13914 14877 15804 16673 17492 18237 19050 20063 21256 22352 23411 24472 25433 26392 27094 27814 28885 30020 31013 31922 32795 33598 34526 35254 36065 36482 36946 37374 37883 38242 38573 39092 39749 40181 41208 42286 43345 44212 45367 46283 47462 48475 49451 50170 50994 51677 52248 52763 53417 53945 54391
