45138 32135 30949 30778 30453 30430 30384 24201 24251 24312 24228 24298 24604 25072 25683 25904 26058 26520 26926 27243 27497 27877 28306 28612 28938 29310 29863 30484 31147 31828 32607 33369 34132 34983 35938 36985 37653 38530 39412 40091 41171 42270 42829 43299 43770 42438 42568 42750 42712 40769 40888 41041 41088 41349 41736 42002 42274 42501 43132 43667 44205 44627 45024 45249 45429 45846 45843 46611 47000 47491
44368 31731 30489 30500 30178 30162 30148 24010 24028 24037 24002 24054 24297 24876 25202 25568 25855 26195 26563 26889 27340 27885 28452 28948 29440 29906 30490 31065 31665 32263 32972 33661 34376 35155 35947 36805 37621 38491 39240 40004 41043 42000 42405 42979 43707 42061 42270 42405 42247 40547 40728 40851 40841 41191 41300 41446 41842 42144 42811 43366 43849 44116 44379 44686 45029 45117 45601 46158 46429 47069
44017 31565 30331 30325 30034 29946 30002 23871 23860 23848 23858 23897 24059 24477 24922 25298 25671 26096 26490 26920 27414 27929 28459 28926 29435 29949 30624 31306 32013 32686 33455 34165 34866 35611 36401 37212 37908 38661 39343 39985 40830 41714 42157 42791 43499 41719 41925 42103 41843 40420 40563 40608 40800 40852 41002 41291 41518 41949 42690 43309 43663 43884 44151 44454 44506 44962 45440 45926 46175 46509
43528 31367 30189 30197 29947 29817 29987 23802 23775 23765 23830 23896 23955 24530 24917 25473 25949 26424 26726 27097 27565 28073 28642 29199 29676 30146 30767 31583 32445 33246 34181 34934 35710 36523 37409 38378 39160 40015 40766 41581 42731 43648 43686 44074 44202 41408 41651 41598 41505 40249 40304 40592 40624 40702 40925 41106 41671 42109 42855 43215 43447 43739 44081 44066 44549 44932 45330 45669 45715 46143
42946 31100 29940 29827 29711 29664 29749 23538 23524 23635 23640 23637 23848 24326 24932 25339 25695 26042 26451 27007 27546 28057 28598 28997 29446 29894 30650 31463 32315 33121 33899 34658 35401 36210 37108 38016 38791 39583 40509 41400 42213 43160 42900 43110 43348 40728 40909 41122 41035 39843 40037 40129 40142 40191 40280 40742 41154 41496 42042 42532 42830 43275 43193 43584 43983 44376 44496 44721 44743 45069
42050 30660 29567 29638 29386 29386 29556 23334 23425 23485 23552 23513 23595 24193 24721 25115 25485 25935 26415 26923 27475 28032 28471 28829 29214 29773 30535 31348 32186 32875 33679 34458 35182 36000 36916 37867 38685 39551 40385 41158 42065 43084 42338 42557 42791 40318 40476 40716 40502 39586 39658 39887 39830 39967 40250 40688 41079 41351 41860 42277 42713 42780 43176 43620 43835 44024 44107 44265 44349 44662
41605 30480 29432 29541 29262 29336 29422 23214 23293 23372 23389 23402 23731 24264 24876 25275 25692 26024 26471 26975 27469 27933 28375 28707 29251 29822 30626 31331 32032 32729 33565 34292 35064 35901 36800 37736 38482 39459 40375 40983 41992 42994 41772 42039 42138 39909 40058 40344 40092 39348 39602 39586 39693 39810 40219 40518 40852 41030 41618 42237 42305 42595 43227 43335 43544 43699 43642 43909 43795 44059
40963 30108 29087 29094 28924 28958 29172 22983 23060 23130 23201 23317 23524 24180 24814 25288 25661 25982 26297 26606 26996 27484 27991 28439 28951 29465 30139 30823 31523 32214 33017 33797 34590 35460 36358 37307 38181 39118 39954 40767 41829 42622 40978 41133 41125 39298 39470 39649 39784 38956 39152 39291 39422 39584 39906 40170 40559 40728 41428 41701 42101 42448 42909 42911 43153 43163 43381 43752 43291 43630
40579 29935 28957 28889 28743 28944 29209 22885 22942 23045 23156 23156 23511 24430 25243 25251 25682 26119 26410 26905 27197 27702 28361 28767 29333 29956 30713 31408 32170 32943 33824 34651 35488 36379 37293 38278 39162 40113 40488 40788 41474 41968 40282 40283 40584 38910 39099 39454 39603 38825 39005 39208 39289 39473 39772 40062 40209 40684 41110 41677 42169 42471 42501 42688 42688 42923 43193 43232 42918 43237
40296 29713 28809 28902 28672 28916 29059 22744 22851 22937 22987 23259 23713 24435 24597 25119 25522 25846 26296 26460 26900 27580 28119 28685 29366 29962 30668 31445 32325 33217 34203 35114 36077 37047 37988 38986 39310 39692 40004 40247 40705 41009 39535 39627 39987 38539 38746 39070 38978 38628 38894 39008 39076 39385 39607 39687 40132 40304 41081 41729 41987 42019 42291 42173 42389 42574 42686 42628 42356 42794
40109 29516 28551 28529 28409 28616 28824 22432 22515 22574 22856 23086 23288 23603 24292 24852 25229 25625 25821 26079 26549 27092 27837 28527 29192 29746 30575 31443 32303 33140 34095 35003 35945 36925 37827 38166 38415 38977 39342 39332 39607 39952 38549 38701 39170 37981 38251 38512 38363 38292 38617 38642 38798 38853 39054 39351 39536 40019 40923 41319 41548 41551 41539 41592 41867 41919 42001 41930 41800 42119
39766 29394 28281 28328 28188 28389 28737 22259 22343 22529 22804 22854 22885 23955 24529 24872 25143 25213 25522 25942 26379 27092 27893 28447 29014 29654 30577 31490 32464 33399 34482 35459 36489 36829 37139 37495 37992 38531 38490 38470 38818 39340 37818 38040 38362 37472 37793 37850 38316 37965 38146 38439 38373 38507 38704 38863 39414 39986 40525 40847 41045 41046 40995 41225 41368 41304 41420 41276 41308 41826
39538 29255 28080 27943 27859 28070 28217 21787 22077 22249 22428 22468 22826 23592 24069 24358 24413 24709 25174 25504 26061 26772 27348 27856 28505 29254 30217 31175 32133 33084 34127 35098 35441 35742 36056 36542 36947 37243 37426 37242 37715 37864 36883 36782 37025 36604 36672 37401 37759 37358 37699 37645 37775 37880 38058 38549 39011 39218 39803 40259 40838 40365 40643 40553 40518 40575 40485 40679 40613 40940
38925 28715 27462 27366 27244 27414 27495 21285 21446 21614 21837 21893 22171 22591 23256 23647 23928 24159 24499 24911 25479 26169 26864 27477 28174 28907 29858 30794 31682 32600 33619 33962 34179 34445 34876 35381 35593 36060 36032 35905 36220 36527 35770 35805 36055 35922 36083 36694 37183 36785 37072 37170 37193 37261 37697 38143 38628 39043 39674 40179 40425 39883 40026 39949 39969 40015 40183 40167 40276 40778
38546 28485 27250 27127 26988 27083 27055 21153 21338 21499 21644 21719 21927 22573 23241 23824 24365 24920 25212 25803 26469 27065 27873 28324 29085 29697 30160 30758 31728 32592 32983 33196 33398 33791 34269 34607 34987 35349 35093 35007 35321 35651 34942 35118 35478 35424 35874 36857 36870 36520 36772 36868 36954 37374 37953 38594 39238 39699 40042 40217 40043 39597 39723 39590 39675 39910 39817 39983 40354 40926
38110 28233 26991 26793 26679 26830 26541 20899 21083 21224 21479 21524 21612 22285 23150 23833 24373 24511 25056 25615 26126 26977 27533 28212 28757 28980 29555 30492 31348 31612 31888 32097 32420 32844 33153 33650 33944 34239 33883 33873 34325 34690 34258 34462 34859 35170 35786 36140 36263 36118 36405 36514 37071 37606 38373 39067 39330 39300 39631 39667 39549 39198 39242 39234 39449 39453 39558 40109 40252 40957
37904 28107 26777 26414 26390 26590 26025 20619 20794 20963 21205 21139 21392 22630 23378 23840 23903 24308 24972 25439 26175 26632 27336 27817 28060 28473 29459 30309 30592 30741 30990 31278 31639 31942 32397 32718 32942 33189 32864 32945 33372 33930 33526 33657 34507 34900 35136 35597 35950 35660 35951 36647 37197 37731 38299 38519 38535 38601 38917 38876 38967 38707 38630 38740 38782 38873 39401 39692 40017 40684
37508 27819 26400 25999 25945 26060 25275 20142 20364 20513 20642 20797 21354 22160 22831 23068 23414 23983 24542 25209 25523 26194 26707 26901 27306 28128 29018 29279 29432 29566 29908 30247 30500 30927 31235 31468 31663 31780 31655 31722 32361 32976 32687 33126 34224 34169 34333 34884 35280 35063 35902 36494 37034 37578 37693 37750 37844 37950 38119 38268 38369 38144 38191 38164 38200 38701 39060 39495 39781 40193
36977 27477 25948 25533 25428 25381 24588 19768 19927 20001 20312 20650 21083 21704 22217 22818 23406 23786 24515 24729 25239 25762 26022 26354 27144 27827 28114 28263 28386 28617 28997 29240 29596 29872 30100 30351 30421 30520 30540 30904 31614 31837 32223 33076 33795 33560 33797 34465 34593 35146 36123 36854 37103 37142 37054 37172 37531 37423 37700 37807 38022 37785 37720 37746 38295 38624 39077 39663 39648 40228
36271 27136 25332 24945 24814 24639 23874 19340 19421 19659 20088 20309 20713 21144 21909 22859 23112 23600 23971 24495 24887 25144 25504 26206 26867 26941 27134 27264 27506 27775 28047 28373 28586 28784 29038 29192 29277 29436 29713 30298 30593 31395 32055 32515 33214 32874 33504 33860 34724 35160 36194 36657 36465 36438 36254 36631 36823 36721 36914 37114 37325 37197 37038 37570 37844 38369 38911 39145 39458 39917
35213 26529 24486 24378 24074 23654 22988 18829 19066 19353 19649 19824 20153 20844 21936 22483 22900 23122 23725 24047 24195 24529 25257 25860 25931 25926 26135 26409 26706 26911 27290 27503 27673 27896 28124 28312 28487 28818 29190 29468 30308 31187 31672 31994 32275 32629 32943 33850 34567 35120 35975 35800 35861 35753 35893 36215 36289 36213 36371 36508 36709 36637 36954 37335 37749 38207 38563 39045 39409 39846
34299 25871 23728 23669 23422 22910 22216 18408 18605 18913 19187 19306 19832 20916 21577 22248 22337 22750 23147 23243 23451 24176 24861 24924 24905 24914 25180 25445 25665 25929 26195 26419 26553 26742 26975 27227 27531 28026 28371 28934 30086 31032 31428 31480 32171 32392 32800 33785 34538 34984 35772 35280 35422 35330 35464 35691 35885 35881 36050 36139 36264 36465 36922 37337 37924 38462 38912 39349 39725 40292
33606 25264 23055 22974 22830 22200 21496 17930 18124 18488 18649 18902 19547 20235 21061 21385 21748 22058 22281 22414 22950 23618 23800 23804 23894 24028 24298 24465 24718 24842 25099 25260 25352 25597 25842 26139 26610 27140 27764 28512 29675 30666 30789 31178 31933 32234 32746 33670 34451 34848 35361 34823 34898 34774 34898 35182 35342 35373 35593 35629 36039 36354 36828 37352 37825 38373 38713 39281 39597 40258
32834 24620 22357 22280 22183 21493 20766 17468 17707 17969 18249 18547 18885 19646 20167 20786 21090 21219 21491 22013 22521 22682 22751 22819 23014 23156 23318 23525 23645 23764 23930 24051 24151 24393 24680 25182 25753 26483 27201 28012 29183 29946 30394 30908 31710 32125 32631 33587 34337 34421 34742 34307 34279 34168 34306 34562 34762 34886 35031 35334 35856 36234 36755 37211 37647 38152 38554 39127 39556 40108
32197 24152 21821 21774 21718 20943 20188 17147 17345 17631 18034 18162 18622 19076 19896 20484 20457 20572 21211 21703 21756 21848 21997 22174 22478 22322 22519 22602 22716 22772 22928 23056 23195 23436 23927 24559 25258 26162 26999 27786 28741 29741 30318 30994 31762 32231 32869 33689 34312 33983 34315 33894 33814 33738 33852 34113 34476 34438 34873 35306 35839 36241 36719 37198 37637 38148 38575 39135 39506 40060
31462 23785 21291 21283 21207 20376 19620 16835 17109 17453 17700 18009 18294 19017 19762 20067 19998 20439 21065 21373 21128 21286 21488 21724 21979 21531 21624 21727 21801 21868 22036 22183 22353 22785 23439 24214 25090 26085 26824 27623 28920 29842 30432 30903 31756 32248 32837 33953 34930 33543 33827 33353 33454 33299 33434 33841 33989 34221 34727 35228 35854 36335 36817 37334 37804 38382 38890 39591 40099 40774
30699 23120 20553 20651 20557 19621 18843 16279 16544 16764 17181 17370 17794 18531 18940 19115 19352 19872 20409 20417 20163 20334 20617 20947 20916 20534 20652 20680 20756 20828 21014 21218 21570 22194 22983 23805 24738 25790 26609 27446 28598 29748 30378 30991 31889 32447 33154 34235 34719 32881 33159 32785 32835 32750 33027 33276 33610 34056 34768 35306 35860 36270 36714 37244 37768 38301 38848 39510 40013 40732
30118 22659 20021 20028 20011 18990 18132 15831 16018 16363 16674 17071 17572 17973 18265 18667 19027 19455 19955 19671 19422 19615 19920 20042 19878 19542 19595 19643 19751 19839 20082 20452 21003 21759 22606 23485 24464 25600 26448 27207 28536 29850 30782 31466 32309 32682 33200 33901 34563 32267 32460 32188 32287 32369 32527 32949 33436 34123 34855 35375 35907 36327 36858 37541 38157 38720 39426 40210 40802 41612
29589 22142 19471 19587 19549 18372 17575 15415 15674 15977 16284 16669 16954 17350 17792 18316 18623 19164 19719 19107 18814 19027 19303 19198 19119 18905 18971 19053 19144 19285 19670 20219 20927 21917 22933 24003 25188 26541 27543 28458 29962 31458 32508 33360 34321 34861 35524 36377 35940 31846 32023 31817 31914 31978 32387 32851 33469 34317 35188 35800 36400 36753 37422 38203 38920 39574 40302 41173 41807 42707
29122 21663 18941 19096 19005 17724 16965 14941 15181 15470 15804 15986 16296 16790 17419 17910 18358 18891 19316 18552 18253 18441 18642 18349 18318 18194 18285 18352 18492 18771 19317 20006 20929 21933 22960 24081 25257 26581 27568 28471 29966 31482 32487 33434 34447 34997 35669 36359 35235 31349 31509 31361 31435 31634 32151 32699 33514 34371 35330 35894 36291 36755 37484 38234 38967 39643 40337 41177 41807 42787
28880 21375 18639 18827 18649 17262 16519 14603 14863 15187 15369 15537 15773 16449 17111 17729 18220 18597 18640 18031 17703 17868 18014 17628 17611 17547 17622 17739 18000 18429 19119 20132 21177 22343 23539 24868 26241 27746 28922 29989 31739 33502 34478 35224 36019 35447 35522 35832 34602 30977 31100 30986 31112 31379 32022 32711 33703 34417 35240 35705 36435 37071 37957 38841 39669 40287 40960 41982 42420 43191
28593 20982 18274 18513 18231 16796 16046 14189 14460 14687 14837 14888 15251 15941 16756 17420 17785 17747 17787 17355 17044 17179 17246 16854 16865 16851 16945 17165 17564 18123 19141 20324 21532 22861 24239 25770 27395 28467 29420 30274 31747 33334 34143 34937 35626 34795 34886 35118 33865 30539 30641 30585 30733 31065 31851 32672 33374 34104 34923 35721 36546 36999 37897 38754 39409 40142 40910 41587 41974 42725
28252 20481 17812 17961 17683 16246 15400 13615 13798 13985 14011 14207 14569 15377 16253 16768 16994 16628 16689 16465 16274 16294 16301 15887 15931 15970 16156 16508 17054 17931 19071 20237 21406 22735 24108 25699 26668 27947 28875 29585 31139 32745 33546 34250 34367 33840 33915 34233 32902 29889 29935 29939 30152 30586 31450 31978 32667 33391 34603 35497 36017 36659 37442 38153 38910 39759 40110 40774 41095 42022
27707 19939 17287 17322 17149 15803 14869 13063 13204 13350 13468 13552 13968 14795 15540 16037 15950 15456 15443 15414 15433 15505 15562 15139 15166 15237 15494 15977 16817 17803 18918 20039 21185 22467 23845 24927 26134 27217 28038 28910 30422 32026 32591 32908 33091 32820 33131 34020 31985 29286 29293 29410 29523 30059 30571 31000 31828 32783 34066 34666 35363 35825 36583 37417 38238 38801 39008 39624 40093 41144
27316 19547 17023 17071 16882 15525 14508 12720 12858 13059 13142 13305 13547 14316 15081 15908 15111 14573 14579 14629 14714 14900 14863 14549 14579 14703 15098 15878 16895 17942 19132 20338 21575 22515 23372 24705 25693 26691 27648 28511 30006 31330 31609 31908 32106 32338 33061 33539 31139 28936 28982 29071 29324 29695 30098 30711 31699 32756 33697 34503 34904 35483 36358 37276 37791 38109 38445 39053 39693 40725
26940 19135 16698 16714 16585 15193 14059 12345 12529 12678 12821 12796 13075 13859 14934 15432 14256 13600 13717 13884 14081 14201 14089 13846 13952 14216 14915 15954 17143 18313 19530 20406 21134 21898 23050 24175 25077 26186 27154 27941 29170 30235 30497 30789 31520 32130 32525 33007 30264 28490 28553 28744 28868 29105 29636 30434 31527 32213 33368 33876 34421 35143 36042 36649 36957 37365 37699 38488 39128 39888
26359 18610 16284 16446 16169 14801 13491 11923 12083 12276 12401 12318 12603 13568 14604 14442 13416 12638 12782 13087 13299 13460 13307 13134 13280 13777 14703 15840 16977 18058 18926 19641 20222 21233 22180 23340 24406 25459 26320 26918 27945 29061 29240 30138 31115 31448 31719 31869 29234 27921 28064 28209 28187 28519 29167 30087 30963 31825 32645 33279 33933 34664 35344 35791 36133 36672 37104 37836 38269 39323
25947 18307 16056 16296 15851 14504 13015 11638 11862 12022 12024 12075 12633 13563 14435 13753 12807 12004 12247 12494 12669 12792 12576 12454 12847 13535 14598 15703 16779 17497 18220 18778 19639 20492 21513 22812 23815 24755 25458 26029 27118 28058 28662 29780 30492 30645 30709 30932 28500 27441 27618 27592 27796 28137 29010 29725 30762 31225 32125 32972 33721 34177 34797 35105 35649 36260 36730 37273 37950 38869
25376 17819 15616 15714 15303 14000 12379 11189 11356 11447 11574 11819 12401 13157 13933 12901 12096 11309 11476 11655 11794 11757 11654 11892 12461 13243 14255 15300 15985 16536 17097 17930 18618 19554 20684 21944 22805 23582 24372 24969 25930 27214 28033 29005 29494 29507 29578 30018 27693 26797 26901 27066 27249 27662 28423 29239 30012 30528 31649 32576 33123 33258 33933 34389 35057 35810 36025 36828 37378 38226
24679 17295 15176 15281 14766 13521 11810 10775 10894 11072 11334 11583 12141 12761 13239 12145 11476 10726 10818 11000 11013 11028 11337 11739 12369 13120 14062 14733 15255 15681 16496 17152 17920 18921 20007 21160 21867 22660 23363 23880 25025 26430 27181 28045 28394 28372 28847 28993 26925 26254 26337 26603 26759 27217 28035 28550 29265 30058 31232 31969 32112 32439 33097 33840 34596 35032 35498 36192 36726 37510
24147 16947 14919 15043 14384 13141 11347 10482 10725 10944 11202 11548 12061 12444 12853 11678 11061 10354 10460 10487 10523 10865 11270 11744 12382 13082 13698 14232 14666 15371 16022 16746 17624 18597 19615 20559 21258 22005 22568 23336 24526 25761 26392 27041 27348 27668 28023 28050 26334 25814 25897 26208 26485 27062 27604 28077 28897 29763 30738 31148 31457 31911 32717 33543 34021 34540 35020 35680 36149 36824
23416 16423 14453 14572 13667 12496 10682 9986 10256 10473 10823 11094 11568 11794 12267 11006 10537 9967 10063 10146 10442 10890 11369 11813 12302 12717 13180 13630 14326 14892 15572 16405 17231 18109 18937 19765 20395 21105 21835 22654 23636 24724 25287 25991 26560 26823 26960 27073 25594 25282 25390 25849 26240 26541 27112 27686 28535 29424 30064 30564 31037 31588 32394 33071 33580 34174 34550 35272 35670 36368
22663 15818 13964 14115 12917 11760 9968 9477 9741 10027 10335 10563 10926 11221 11274 10377 10042 9673 9770 10016 10374 10870 11278 11613 11899 12167 12569 13295 13849 14456 15259 16052 16796 17504 18235 18979 19562 20464 21249 21854 22708 23623 24343 25280 25748 25821 25938 26138 24841 24744 25049 25623 25800 26129 26856 27473 28317 28932 29644 30306 30858 31376 32061 32765 33369 33820 34326 34921 35397 36044
22104 15358 13589 13983 12344 11124 9386 9102 9427 9649 9888 10082 10744 10566 10530 9976 9748 9516 9814 10139 10450 10772 11120 11304 11492 11700 12406 12994 13594 14316 15107 15817 16442 17084 17744 18403 19109 20115 20803 21228 21957 22896 23886 24661 24956 24988 25202 25690 24306 24503 25024 25324 25600 26042 27133 27534 28034 28671 29549 30634 31122 31184 31948 32670 33233 33708 34167 34780 35227 35979
21380 14654 12854 13277 11335 10035 8444 8368 8587 8786 8926 9392 10132 9607 9518 9277 9192 9304 9722 10062 9857 10135 10361 10458 10669 11174 11790 12441 13156 13823 14519 15080 15660 16317 16893 17569 18325 19299 19941 20263 21071 22103 22851 23467 23773 23898 24492 24796 23705 23984 24477 24762 25216 25755 26570 26795 27419 28206 29521 30247 30560 30636 31601 32068 32798 33249 33756 34458 34939 35891
20733 14054 12196 12558 10457 9129 7672 7675 7864 8013 8303 8868 9324 8688 8626 8575 8859 9168 9650 9743 9354 9490 9620 9761 10307 10753 11419 12168 12837 13392 13924 14412 15015 15596 16143 16868 17581 18456 19039 19424 20228 21056 21510 22197 22686 23132 23831 23893 23248 23583 23960 24404 24844 25097 25736 26008 26718 27829 28833 29455 29780 30074 30756 31340 32069 32537 33075 33880 34445 35514
20027 13596 11667 11805 9745 8490 7062 7121 7322 7552 7949 8433 8666 8118 8113 8381 8687 9124 9556 9398 9057 9070 9141 9600 10037 10537 11274 11965 12566 12992 13464 13979 14536 15020 15638 16347 16953 17754 18354 18847 19374 19993 20351 21250 21965 22435 23208 23100 22870 23262 23538 24083 24252 24427 24988 25359 26306 27017 27907 28613 29042 29314 29967 30624 31329 31750 32328 33192 33860 34853
18973 13034 10895 10777 8879 7792 6374 6446 6747 7052 7391 7753 7812 7580 7806 8174 8395 8701 8981 8825 8686 8674 9029 9379 9814 10358 11003 11609 12091 12484 12990 13466 13943 14434 15058 15695 16227 17035 17728 18059 18421 18948 19426 20562 21214 21743 22280 22412 22377 22734 23052 23384 23442 23585 24110 24744 25407 25924 26857 27594 28019 28335 29025 29753 30350 30861 31367 32358 33000 33926
17756 12470 10151 9917 8127 7245 5859 6018 6388 6662 7007 7191 7169 7351 7715 8050 8114 8202 8339 8212 8256 8724 9141 9474 9786 10181 10709 11176 11601 12052 12564 13009 13503 13969 14558 15208 15786 16637 17183 17490 17892 18485 19215 20268 20845 21222 21694 21962 22015 22419 22587 22849 22883 23051 23776 24179 24838 25361 26229 26872 27301 27633 28569 29216 29812 30373 30956 31811 32495 33523
16649 11900 9509 9135 7451 6720 5472 5681 6001 6324 6560 6588 6786 7176 7531 7704 7736 7717 7726 7687 8124 8666 9133 9415 9711 10025 10445 10848 11290 11756 12263 12735 13226 13716 14316 14945 15562 16354 16887 17231 17726 18470 19220 20116 20555 20939 21311 21636 21860 22116 22285 22496 22529 22888 23556 23916 24546 25085 25878 26513 26945 27391 28392 28965 29598 30255 30771 31626 32364 33323
15470 11153 8823 8316 6752 6189 5144 5335 5617 5958 5980 6061 6391 6788 6998 7119 7238 7194 7167 7468 7930 8542 9034 9336 9614 9870 10223 10628 11062 11510 12031 12524 12999 13553 14122 14769 15386 16090 16655 17074 17787 18515 19183 19966 20425 20785 21080 21518 21683 21887 22108 22248 22437 22744 23435 23767 24384 24943 25709 26310 26835 27279 28278 28844 29527 30185 30679 31644 32288 33238
14475 10422 8231 7592 6192 5793 4935 5088 5312 5640 5512 5612 5939 6178 6349 6555 6766 6622 6984 7337 7847 8452 8960 9271 9562 9813 10164 10548 10962 11400 11912 12405 12882 13432 13992 14629 15216 15897 16524 17000 17663 18445 19191 19959 20426 20748 21076 21414 21608 21807 22061 22244 22380 22698 23315 23666 24275 24885 25651 26284 26789 27248 28172 28802 29464 30128 30679 31574 32234 33154
13499 9725 7691 6983 5697 5416 4766 4911 5130 5439 5151 5218 5445 5640 5895 6177 6183 6603 6968 7400 8070 8832 9483 9884 10236 10549 10978 11445 11944 12468 13060 13606 14114 14665 15227 15844 16401 17092 17736 18141 18733 19398 20141 20839 21221 21529 21817 22199 22428 22713 23033 23225 23387 23668 24245 24547 25087 25603 26289 26881 27347 27794 28747 29329 29961 30552 31073 31907 32589 33455
12342 8859 7016 6266 5123 4934 4515 4656 4845 4893 4706 4676 4908 5223 5534 5581 6130 6559 6938 7553 8389 9259 9974 10402 10812 11208 11758 12325 12908 13519 14205 14829 15440 16083 16733 17476 18055 18749 19447 19924 20577 21347 22189 23122 23784 24266 24788 25257 25553 25881 26243 26561 26795 27239 27955 28423 29182 29884 30914 31817 32529 33233 34421 35212 36087 36908 37682 38705 39648 40832
11272 8080 6417 5659 4655 4486 4278 4465 4461 4444 4358 4270 4477 4860 4961 5540 6066 6473 6992 7930 8922 9714 10236 10476 10809 11318 12065 12857 13673 14523 15439 16280 17103 17944 18857 19901 20692 21587 22324 22903 23630 24469 25504 26611 27498 28015 28800 29423 29873 30162 30609 30871 30922 31266 31836 32547 33298 34255 35437 36493 37404 38217 39533 40531 41191 41931 42618 43706 44993 46427
10016 7093 5711 4998 4107 3972 3918 4070 3939 3896 3890 3797 3916 4085 4756 5261 5715 6284 6978 7765 8627 9368 9922 10259 10730 11373 12222 13125 13977 14733 15552 16306 17078 17956 18942 20022 20696 21400 22198 22681 23367 24418 25403 26685 27252 28062 28670 29272 29633 30236 30322 30496 30567 30898 31815 32224 33243 34034 35265 36408 37097 37984 39392 40025 40792 41532 42326 43594 44775 46221
8754 6227 5041 4291 3525 3537 3579 3668 3406 3378 3418 3341 3473 4077 4703 5153 5668 6271 6876 7672 8528 9273 9803 10191 10776 11421 12233 13065 13826 14588 15403 16188 16995 17891 18857 19836 20462 21215 21887 22430 23492 24660 25454 26364 27134 27701 28434 29131 29614 29761 29802 30052 30200 30737 31297 31992 32936 33728 35033 35971 36778 37756 38787 39552 40324 41243 42099 43300 44533 45723
7959 5676 4705 4015 3302 3299 3426 3472 3172 3191 3167 3163 3465 4159 4665 5264 5896 6647 7290 7959 8643 9163 9680 10240 10865 11498 12232 12985 13770 14512 15358 16178 16988 17880 18760 19679 20413 21047 21642 22471 23520 24624 25330 26207 26979 27577 28349 29054 29351 29364 29477 29781 30181 30581 31238 31997 32821 33725 34849 35876 36725 37665 38557 39363 40264 41119 42095 43310 44250 45567
7438 5291 4501 3810 3196 3199 3314 3351 3019 3041 3000 3158 3457 3979 4744 5383 5915 6604 7227 7951 8531 9049 9645 10217 10895 11564 12362 13185 13997 14763 15651 16279 16945 17774 18597 19528 20184 20773 21603 22271 23301 24608 25299 26050 27076 27746 28415 28813 29045 29068 29309 29760 30069 30679 31219 31937 32798 33595 34884 36072 36832 37666 38428 39340 40148 41137 42095 43122 44121 45360
6591 4712 4031 3443 2916 2966 3147 3087 2876 2845 2891 2926 3204 3962 4631 5162 5746 6440 7092 7739 8346 8936 9552 10162 10866 11546 12363 13157 13977 14751 15391 16061 16760 17549 18389 19314 19981 20613 21245 22037 23213 24367 24886 25922 27026 27466 28188 28515 28662 28713 29122 29520 29954 30426 30953 31718 32505 33383 34708 35636 36453 37299 38136 38943 39867 40819 41623 42777 43730 45043
6119 4414 3813 3183 2744 2774 3004 2855 2684 2693 2740 2860 3195 3877 4530 5095 5689 6341 6923 7578 8216 8808 9428 10023 10697 11361 12161 12970 13796 14310 15005 15678 16354 17154 17977 18879 19538 20137 20904 21768 22810 23955 24637 25678 26603 27063 27649 28043 28265 28506 28816 29347 29695 30074 30707 31376 32238 33125 34278 35337 36177 37076 37835 38699 39637 40420 41430 42492 43414 44748
5566 4072 3591 2984 2606 2730 2809 2700 2593 2649 2721 2931 3487 4344 5074 5551 6206 6903 7558 8317 9094 9746 10167 10694 11279 11850 12517 13047 13532 14112 14808 15479 16170 16950 17771 18645 19265 19957 20801 21563 22579 23807 24604 25515 26427 26779 27400 27783 28208 28361 28823 29259 29520 30114 30608 31385 32210 32993 34223 35276 36140 36987 37786 38700 39447 40443 41334 42377 43380 44595
4847 3611 3163 2738 2379 2476 2535 2498 2509 2629 2744 2949 3467 4233 4802 5554 6216 6946 7622 8300 8992 9447 10104 10644 11238 11747 12273 12748 13339 13912 14608 15288 15977 16770 17553 18429 19141 19826 20580 21330 22422 23595 24382 25258 26224 26612 27241 27694 28097 28313 28771 29119 29462 30000 30621 31334 32155 32982 34145 35132 36028 36848 37725 38475 39424 40282 41245 42396 43316 44534
4299 3209 2813 2467 2221 2315 2345 2411 2451 2622 2712 2933 3402 4021 4865 5668 6401 7211 7827 8367 8729 9387 10045 10636 11250 11677 12175 12762 13413 14037 14752 15439 16134 16938 17739 18644 19330 19928 20782 21692 22766 23817 24622 25251 26184 26629 27325 27725 28258 28507 29008 29382 29755 30263 30745 31512 32215 33063 34142 35153 36057 36903 37561 38537 39304 40242 41274 42345 43254 44400
3448 2537 2254 2098 1894 1918 2123 2293 2364 2494 2548 2685 3103 3957 4762 5532 6278 7037 7550 7941 8623 9220 9846 10437 10973 11417 12033 12676 13355 13960 14647 15354 16021 16825 17665 18555 19262 19915 20704 21490 22410 23640 24240 25046 26032 26487 27161 27664 28140 28354 28774 29201 29554 30090 30627 31306 32054 32848 33971 34960 35813 36658 37401 38215 39060 40009 40952 42050 42961 44217
2790 2124 1942 1881 1722 1892 2231 2464 2472 2662 2764 2973 3383 4308 5065 5731 6312 6904 7258 7944 8562 9182 9866 10342 10838 11355 11996 12642 13278 13852 14576 15248 15939 16767 17586 18470 19191 19874 20593 21293 22467 23530 24148 25052 26138 26703 27495 28186 28780 29153 29626 30110 30621 31129 31801 32609 33470 34386 35683 36791 37739 38704 39600 40530 41565 42613 43741 44969 46115 47597
2207 1629 1592 1566 1631 1965 2219 2315 2443 2590 2737 2941 3485 4257 4934 5477 5970 6439 7047 7622 8241 8892 9473 9965 10581 11137 11805 12409 13024 13619 14333 15035 15767 16602 17407 18301 19017 19680 20415 21217 22245 23397 24241 25288 26444 27037 27868 28391 28771 29043 29617 30115 30537 31164 31927 32716 33646 34592 35898 37035 38028 38886 39837 40814 41862 42932 44020 45216 46199 47528
1672 1274 1252 1403 1626 1943 2131 2333 2419 2568 2699 2957 3513 4168 4768 5362 5833 6440 7004 7591 8185 8760 9342 9907 10541 11105 11772 12400 13023 13621 14336 15046 15785 16630 17468 18408 19141 19825 20632 21512 22654 23967 24939 26070 27275 27871 28719 29204 29646 29910 30439 30957 31387 32079 32806 33632 34597 35598 36969 38181 39257 40243 41236 42325 43425 44567 45715 46850 47812 49134
1059 866 1129 1405 1606 1845 2161 2317 2428 2568 2727 2929 3338 3960 4597 5167 5744 6353 6920 7514 8083 8663 9314 9978 10733 11438 12249 13026 13801 14509 15327 16134 16945 17882 18826 19828 20643 21390 22219 23134 24273 25517 26280 27281 28364 29015 29911 30546 30970 31295 31875 32451 32937 33483 34163 34956 35814 36743 37997 39095 40004 40882 41679 42587 43539 44527 45553 46721 47715 49018
507 936 1194 1540 1813 2165 2681 2973 3256 3514 3863 4159 4593 5332 6096 6713 7402 8122 8817 9598 10377 11162 12036 12958 14007 15032 16173 17267 18346 19346 20456 21545 22644 23876 25123 26438 27544 28581 29640 30802 32268 33835 34803 36054 37428 38407 39641 40668 41361 41914 42694 43534 44267 44991 45900 46912 47993 49183 50706 52010 53056 54139 55101 56185 57326 58475 59694 61011 62239 63804
