41745 29341 29440 29619 29760 30037 29902 29767 29815 29799 29904 30169 30156 30182 30688 31289 32133 32716 33244 33821 34330 34940 35619 36402 37112 37596 37752 38068 38252 38204 38244 38183 38344 38591 38849 39050 39250 39498 39731 40037 40144 40195 40379 40688 40818 41084 41404 41404 41429 41452 41671 41949 42034 42307 42516 42800 43033 43047 43257 43429 43555 43934 44078 44122 44288 44410 44480 44752 44999 45038
41123 29038 29102 29111 29304 29456 29475 29423 29442 29524 29527 29709 29767 29721 30240 30904 31552 32120 32771 33408 34014 34619 35228 35893 36443 36635 36917 37350 37540 37534 37720 37979 38282 38492 38777 39146 39425 39636 39877 39852 39970 40009 40353 40610 40640 40814 41066 41048 41072 41347 41588 41732 41921 42231 42357 42624 42805 42979 43184 43258 43492 43673 43707 43994 44178 44326 44444 44447 44587 44720
40880 28850 28871 28987 29163 29358 29203 29233 29193 29290 29298 29489 29483 29649 30114 30773 31422 32106 32817 33475 34092 34657 35167 35735 36031 36258 36491 36895 37006 37096 37460 37740 38023 38325 38703 39068 39427 39624 39741 39644 39836 39920 40176 40389 40479 40698 40867 40933 41060 41268 41434 41539 41777 42044 42175 42423 42677 42894 43036 43215 43415 43545 43666 44007 44128 44209 44319 44501 44651 44744
40587 28721 28787 28887 29264 29194 29038 29059 29126 29155 29284 29337 29698 30051 30776 31538 32229 32898 33576 34244 34820 35128 35231 35461 35762 36040 36362 36618 36714 37009 37365 37646 37981 38392 38889 39206 39576 39731 39567 39653 39886 40003 40363 40479 40525 40644 41073 41280 41602 41967 42093 42102 42585 42661 42818 43118 43474 43821 44124 44484 44692 44767 44979 45628 45560 45788 46003 46365 46446 46383
40260 28602 28728 28868 28922 28983 28773 28791 28844 28951 29081 29382 29502 29793 30394 31046 31644 32316 33058 33695 34071 34259 34440 34770 35223 35678 35907 36225 36649 37097 37603 37850 38140 38486 38798 39149 39351 39398 39568 39541 39739 39800 40103 40358 40420 40801 41068 41245 41487 41670 41918 42088 42266 42607 42839 43100 43588 43993 44255 44423 44551 44726 44973 45331 45592 45759 45954 46170 46073 46007
39658 28350 28458 28457 28763 28743 28637 28684 28886 28897 29118 29344 29596 29843 30447 31231 32075 32539 33040 33444 33681 33929 34195 34572 34991 35326 35664 36183 36610 37054 37513 37835 38121 38366 38652 38900 39145 39301 39455 39555 39777 39885 40222 40529 40635 40905 41282 41425 41638 41892 42084 42269 42627 42999 43179 43524 43915 44204 44405 44687 44935 45122 45285 45703 45790 45885 45955 46155 45793 45744
39344 28249 28317 28401 28621 28461 28379 28734 28702 28925 29202 29326 29560 29941 30661 31270 31693 32199 32664 32965 33266 33534 33817 34217 34668 35069 35471 36068 36752 37445 38005 38421 38885 39365 39816 40140 40657 40886 41081 41197 41430 41566 41747 42021 42241 42455 42929 43089 43239 43426 43284 43618 44115 44179 44422 44942 45237 45385 45655 45749 45905 45964 46264 46439 46546 46514 46472 46152 45604 45554
38659 27951 28045 28072 28155 28093 28270 28496 28694 28940 29115 29446 29709 29967 30365 30834 31291 31795 32222 32567 32935 33244 33568 34035 34477 34911 35366 36078 36668 37189 37754 38236 38764 39230 39671 40107 40472 40678 40958 41106 41417 41546 41894 42278 42264 42405 42804 42899 43003 43119 43367 43680 43902 44269 44498 44681 45099 45397 45410 45381 45646 45887 46004 46279 46311 46302 46356 45859 45176 45159
38362 27825 27881 27839 27878 28301 28435 28628 28884 29176 29279 29534 29732 29728 29971 30488 31042 31500 31909 32303 32641 32981 33345 33787 34300 34742 35269 36007 36576 37051 37686 38277 38906 39466 40071 40664 41157 41481 41664 41694 41776 41635 41911 42061 42101 42586 42697 42933 42827 43099 43403 43520 43857 44198 44211 44668 45069 45121 45149 45473 45843 46094 46309 46460 46153 46163 46157 45764 45067 45034
38148 27604 27655 27580 27916 28035 28288 28630 28805 29020 29103 29460 29772 29622 30198 30933 31469 31816 32125 32591 32636 32957 33282 33774 34283 34827 35407 36339 36902 37427 38155 38818 39482 40053 40647 41175 41666 41271 41379 41443 41519 41428 41610 41830 42198 42305 42683 42688 42803 43190 43218 43465 43703 43871 44302 44796 44902 44846 45210 45534 46064 46318 46068 46172 45958 45992 45970 45569 44860 44880
37776 27194 27219 27422 27455 27663 28030 28466 28374 28605 28861 29289 29282 29534 29997 30541 31065 31494 31977 32062 32382 32628 32966 33546 34234 34642 35174 35944 36573 37174 37879 38479 39244 39932 40561 41106 41583 40851 40903 40937 41321 41050 41119 41634 41836 42000 42276 42522 42663 42787 42883 42930 43178 43749 43959 44246 44455 44743 45031 45349 45804 45792 45667 45822 45630 45590 45690 45298 44561 44563
37365 26896 26975 27044 27152 27525 28000 28296 28077 28417 28712 28914 29330 29243 29536 30132 30659 31190 31314 31717 31981 32311 32784 33502 33991 34506 35024 35890 36519 37057 37698 38409 39298 40089 40843 41344 41758 40502 40549 40882 41134 40781 41142 41473 41618 41744 42175 42598 42384 42544 42677 42599 43365 43544 43657 43898 44585 44957 45013 45305 45351 45395 45364 45764 45328 45411 45616 44984 44306 44421
37103 26516 26817 26808 27273 27331 27648 27653 27748 28090 28416 28792 29002 28834 29152 29804 30434 30600 30987 31270 31618 32099 32742 33294 34029 34640 35400 36422 36737 37362 38326 39004 39703 40135 40590 41069 41440 40037 40412 40529 40535 40342 40600 41073 41138 41598 42157 42195 42058 42117 42137 42389 42584 43039 43181 43729 44294 44476 44689 44660 44929 45253 44982 44971 44941 45107 45195 44481 44107 44255
36224 25846 25938 26268 26240 26655 26685 27021 27200 27593 27673 28164 28253 28278 28787 29371 29788 30274 30598 31046 31498 31966 32289 32902 33497 34104 34727 35249 35986 36776 37746 38586 39236 39746 40259 40793 41238 39510 39666 39680 39805 39884 39994 40391 40591 40989 41385 41376 41446 41546 41462 41725 41896 42195 42453 43038 43655 43895 43869 44082 44395 44362 44282 44385 44507 44703 44936 44113 43614 43651
35802 25622 25859 25845 26241 26320 26574 26949 27294 27388 27733 27898 28029 28150 28472 28986 29552 29934 30454 30970 31471 31782 32295 32856 33553 34116 34386 35231 36058 36855 37743 38431 39065 39617 40173 40705 41170 39157 39342 39374 39661 39653 39894 40261 40505 40815 40982 41247 41153 41155 41289 41362 41623 41993 42378 43032 43671 43509 43705 43944 43981 44338 44068 44267 44530 44816 44810 43912 43430 43546
35282 25336 25474 25648 25844 26078 26384 27080 26960 27281 27411 27615 27807 27869 28233 28823 29294 29842 30416 31006 31313 31873 32215 32834 33421 33674 34252 35287 36237 37133 38139 39096 40048 40855 41602 42275 41026 38858 39018 39191 39637 39450 39632 40193 40295 40323 40876 40871 40788 40941 40937 41071 41312 41876 42322 42848 42966 43248 43451 43502 43973 43923 43711 44425 44528 44582 44661 43705 43230 43332
34924 25010 25230 25291 25525 25728 26422 26433 26548 26784 26918 27199 27531 27421 27702 28247 28944 29573 30181 30539 31113 31439 31942 32529 32899 33408 34070 35292 36241 37105 38141 39083 40062 40903 41717 42564 40449 38434 38672 38926 39167 39024 39351 39748 39780 40081 40399 40685 40348 40376 40534 40522 41028 41666 41953 42169 42656 42883 42878 43308 43324 43343 43806 44509 44151 44222 44225 43374 43055 43237
34434 24503 24731 24866 25059 25586 25664 26132 25965 26163 26347 26862 26972 27008 27363 28138 29080 29634 29918 30568 30848 31300 31754 32064 32632 33224 34123 35463 36535 37494 38679 39735 40743 41560 42289 43027 39756 37967 38277 38407 38754 38542 38697 39147 39233 39591 40147 40103 39868 39851 39905 40168 40523 41107 41203 41570 42062 42175 42600 42645 42698 43312 43710 43863 43679 43688 43859 42962 42841 42996
33742 23996 24154 24294 24867 24941 25406 25603 25436 25688 25967 26330 26606 26535 27099 28178 28872 29197 29886 30228 30676 31064 31213 31706 32300 33118 34100 35387 36369 37378 38654 39764 40832 41688 42387 42816 39164 37567 37784 38035 38324 38137 38230 38637 38821 39267 40019 39494 39352 39334 39478 39773 40109 40384 40534 40987 41438 41950 42107 42050 42611 43247 43294 43294 43222 43392 43395 42672 42593 42679
32864 23377 23422 23986 24093 24600 24868 24837 24861 25153 25307 26075 25896 25926 26779 27585 28072 28790 29179 29710 30098 30206 30541 31113 31950 32898 33875 35151 36198 37333 38727 39981 41084 41665 42163 42149 38610 37133 37364 37576 37676 37819 37753 38185 38593 39089 39121 38842 38740 38875 39097 39305 39435 39738 39967 40381 41263 41627 41493 41883 42393 42889 42701 42621 42972 42835 42921 42224 42169 42289
31803 22548 22806 23208 23661 24016 24111 24380 24305 24535 24917 25255 25403 25788 26404 27063 27888 28245 28815 29293 29399 29727 30180 30974 31847 32807 33901 35175 36393 37691 38836 39852 40660 41281 41860 41218 37809 36565 36794 36943 37310 37283 37333 37883 38193 38343 38679 38135 38338 38464 38636 38787 38711 39092 39415 40195 40941 40906 41390 41695 42047 42181 42075 42458 42268 42273 42291 41652 41738 42069
30812 21917 22196 22464 23033 23279 23539 23585 23675 24181 24222 24706 25109 25498 26031 26815 27250 27783 28347 28563 28952 29383 30047 30779 31686 32674 33694 35142 36346 37296 38606 39633 40435 41047 41686 40484 37104 36005 36221 36420 36752 36809 36972 37540 37668 37638 38198 37562 37717 37939 38124 38170 38128 38544 39037 39875 40163 40697 41024 41653 41461 41525 41783 42142 41828 41925 41881 41329 41443 41840
30007 21285 21604 21888 22346 22681 22781 22900 23249 23474 23688 24405 24842 25238 25920 26284 26959 27526 27793 28252 28711 29322 29899 30700 31788 32487 33582 35053 35998 37120 38402 39353 40128 40799 41439 39682 36357 35423 35660 35799 36246 36251 36500 36942 36937 37161 37862 37031 37160 37334 37447 37481 37525 38118 38663 39115 39938 40242 40948 40959 40839 41223 41421 41568 41401 41459 41405 41086 41236 41629
29158 20685 20954 21184 21757 21994 22151 22446 22555 22944 23309 24105 24518 24975 25255 25905 26617 26887 27415 27939 28566 29108 29750 30700 31353 32263 33422 34627 35745 36821 38092 39039 39819 40477 40709 38781 35573 34801 35053 35261 35687 35749 35885 36225 36400 36768 37259 36417 36518 36583 36703 36912 37098 37693 37889 38850 39421 40088 40308 40265 40492 40979 40852 41024 40896 40919 40868 40855 41002 41354
28443 20204 20398 20769 21101 21382 21706 21883 22155 22641 23128 23832 24417 24438 24944 25578 25997 26529 27104 27832 28388 28962 29748 30267 31172 32212 33128 34521 35643 36745 37972 38941 39767 40398 40013 38141 35038 34377 34622 34896 35291 35302 35337 35826 36056 36290 36555 35889 35946 36055 36275 36552 36771 37096 37797 38487 39411 39768 39648 39969 40312 40485 40386 40524 40540 40508 40619 40699 40878 41023
27653 19709 19977 20239 20621 21025 21208 21609 21955 22467 22921 23777 23890 23980 24404 24864 25513 26069 26851 27493 28086 28843 29217 30041 31084 31980 33192 34654 35816 36958 38327 39104 39993 40469 39462 37607 34600 34066 34355 34629 34922 34921 35053 35548 35647 35720 36221 35377 35554 35750 35984 36188 36233 37164 37566 38711 39215 39105 39468 39847 39784 40141 39947 40251 40105 40213 40381 40589 40631 40880
26844 18981 19213 19362 19858 20090 20578 20951 21289 21962 22463 22889 23201 23479 23747 24271 25003 25753 26405 27104 27871 28181 28847 29751 30688 31718 32826 34353 35555 36724 37734 38843 39738 39560 38579 36762 33856 33455 33692 33779 34337 34131 34272 34751 34732 35006 35258 34684 34844 34999 35323 35443 35833 36442 37320 38055 38125 38540 38937 39063 39243 39361 39339 39749 39583 39771 40156 40466 40255 40511
26231 18447 18555 18866 19221 19665 20051 20456 20937 21640 21815 22327 22778 22823 23081 23796 24679 25298 26017 26871 27214 27876 28666 29504 30612 31614 32794 34333 35517 36337 37618 38670 39196 38699 37758 35973 33154 32915 33034 33311 33675 33448 33600 33950 34191 34203 34371 34091 34181 34447 34723 35031 35224 36335 36831 37069 37636 38129 38240 38623 38608 39087 38906 39157 39255 39603 40071 40232 40043 40239
25769 17934 18109 18360 18740 19185 19741 20155 20645 21172 21258 21959 22193 22190 22644 23392 24171 24917 25781 26240 26912 27650 28346 29421 30580 31576 32802 34345 35281 36335 37493 38143 38562 37888 36992 35265 32525 32381 32570 32754 32999 32730 32919 33386 33474 33439 33723 33564 33633 33875 34314 34476 35290 35938 35947 36859 37474 37566 37961 38075 38455 38832 38580 38958 39196 39644 40158 39888 39749 39983
25287 17417 17591 17809 18208 18793 19305 19740 20067 20484 20775 21185 21404 21523 21955 22627 23581 24503 24973 25756 26493 27117 28026 29147 30328 31381 32540 33858 35093 36055 36864 37436 37776 37020 36196 34527 31908 31831 32022 31942 32150 31927 32176 32663 32570 32586 32886 32893 32949 33350 33587 34359 34662 34909 35550 36515 36738 37127 37266 37800 38037 38198 38260 38814 39127 39579 40049 39500 39449 39602
24966 17060 17298 17505 18010 18535 19011 19335 19597 20137 20240 20559 20918 20989 21346 22217 23361 23928 24721 25542 26150 26970 27913 29074 30307 31311 32238 33802 34975 35635 36359 36802 36959 36257 35489 33886 31408 31394 31604 31292 31544 31319 31643 32177 31852 31889 32308 32394 32592 32827 33576 33824 33872 34716 35402 35931 36452 36548 37096 37406 37511 37923 38180 38799 39206 39689 39701 39212 39218 39379
24598 16671 16954 17153 17617 18154 18514 18697 19147 19637 19500 19928 20229 20233 20827 21817 22627 23538 24375 25071 25863 26696 27656 28841 30033 30784 31958 33479 34419 35017 35670 35967 36207 35431 34679 33170 30854 30879 31124 30554 30900 30609 31032 31511 31059 31124 31700 31900 31910 32663 32906 32976 33605 34466 34693 35569 35768 36215 36567 36815 37138 37729 38014 38840 39126 39474 39159 38882 38863 39265
24203 16225 16505 16627 17080 17484 17705 17993 18409 18539 18661 18988 19209 19392 20108 20757 21919 22887 23595 24487 25283 26152 27143 28271 29239 30273 31413 32753 33690 34204 34703 35064 35520 34384 33596 32202 30095 30206 30224 29658 29892 29669 30107 30509 30101 30261 31088 30980 31464 31683 31886 32486 33128 33544 34156 34713 35218 35428 35728 36304 36771 37407 37743 38530 38707 38810 38409 38346 38548 38797
23646 15810 16046 16091 16392 16809 17144 17363 17558 17767 17864 18078 18336 18497 18993 19919 21098 21964 22907 23817 24639 25509 26411 27323 28552 29643 30752 32052 33008 33480 34127 34686 35219 33544 32671 31437 29521 29491 29538 28907 29013 28899 29399 29700 29370 29732 30083 30580 30604 30846 31495 32159 32532 33265 33577 34310 34621 34730 35378 35999 36486 37007 37462 38151 38063 38140 37770 37766 37962 38212
23338 15578 15793 15814 16085 16550 16830 16939 17204 17410 17362 17626 17942 18056 18873 19860 20897 22115 23155 24061 24844 25416 26128 27282 28512 29588 30697 31897 32735 33323 34101 34760 34711 32994 32005 30814 29086 29044 29024 28443 28590 28466 28931 29213 28951 29223 29987 30131 30238 30946 31499 31882 32498 32988 33598 33955 34157 34712 35418 36114 36572 37032 37524 38255 37703 37780 37424 37474 37706 38001
23034 15344 15639 15453 15733 16153 16340 16495 16708 16775 16828 17164 17384 17764 18631 19467 20844 22020 22968 23869 24406 25017 25989 27158 28398 29484 30494 31617 32561 33236 34069 34160 34049 32299 31178 30095 28541 28448 28500 27905 28034 27918 28377 28574 28461 29025 29473 29657 30167 30727 31208 31755 32172 32951 33163 33481 34193 34758 35432 36039 36472 37130 37460 37723 37309 37318 37037 37136 37381 37523
22492 15056 15173 14964 15230 15627 15768 15942 16105 16142 16294 16518 16998 17371 18131 19333 20654 21736 22710 23370 23945 24806 25781 26893 28061 29135 30130 31291 32302 33063 33634 33432 33405 31564 30273 29281 27938 27780 27802 27324 27522 27377 27724 28000 28105 28352 28816 29432 29913 30423 30973 31405 32120 32457 32634 33333 34059 34606 35232 35838 36422 36959 36793 37087 36745 36742 36594 36651 36784 37302
22048 14900 14790 14675 15072 15313 15353 15585 15671 15785 15987 16381 16749 17005 18036 19331 20494 21583 22337 22987 23863 24866 25992 27424 28707 29654 30560 31476 32231 32756 32920 32771 32838 30861 29479 28598 27379 27235 27300 26957 27152 27022 27363 27821 27782 27923 29151 29360 29750 30443 30817 31502 31865 32133 32699 33599 34241 34607 35191 35868 36423 36964 36308 36504 36311 36386 36241 36276 36794 37298
21291 14545 14169 14191 14472 14691 14717 14925 15117 15267 15640 15888 16110 16584 17687 18790 19994 20916 21693 22652 23682 24730 25983 27218 28263 29202 29894 30775 31485 31642 31797 31960 32539 29963 28534 27839 26714 26518 26557 26362 26495 26576 27008 27306 27242 27898 28503 28942 29506 30131 30608 30919 31420 32002 32564 33275 33913 34354 35001 35545 36140 36301 35575 35690 35764 35759 35742 36025 36525 36656
20586 14235 13659 13776 13895 14169 14237 14461 14719 15040 15119 15272 15751 16168 17081 18247 19274 20216 21298 22423 23466 24646 25700 26695 27725 28536 29311 30138 30546 30670 31128 31784 31894 29152 27655 27059 26104 25848 25845 25850 26073 26206 26606 26781 27096 27397 28042 28771 29308 29946 30051 30551 31321 31923 32426 33065 33698 34235 34816 35400 35535 35520 34920 35120 35181 35230 35438 35716 35927 36129
20140 14047 13399 13522 13643 13847 13939 14247 14599 14944 14686 15076 15536 15761 16637 17718 18724 19938 21159 22280 23500 24513 25387 26423 27366 28296 29029 29554 29862 30250 31058 31584 31167 28398 26859 26312 25514 25271 25481 25560 25769 25905 26216 26716 26719 27227 28403 29206 29273 29505 29877 30506 31486 32449 33370 34349 34606 34652 35167 35020 34918 35131 34497 34661 34797 34972 35156 35338 35647 35687
19483 13665 12814 12979 13071 13309 13524 13846 14207 14557 14020 14464 14841 14961 15709 16802 18185 19542 20749 22050 23033 23848 24700 25594 26651 27502 27845 28341 28990 29701 30529 30869 30236 27535 26031 25431 24902 24678 24961 24940 25225 25227 25699 26025 26133 27234 28164 28470 28661 29002 29425 30412 31321 32410 33245 33517 33674 34242 34360 34231 34203 34597 34005 34119 34344 34429 34738 35080 35066 35094
18782 13207 12184 12386 12509 12866 13050 13436 13782 13865 13370 13755 14096 14165 14877 16382 17910 19249 20635 21684 22475 23271 23991 24992 25942 26360 26642 27419 28311 29000 29626 29816 29142 26556 25109 24426 24163 24022 24238 24330 24496 24714 24967 25349 26049 26963 27385 27844 28126 28543 29240 30222 31232 32205 32305 32546 33207 33416 33383 33402 33628 34158 33507 33634 33777 33961 34480 34576 34503 34522
18231 12835 11732 11942 12152 12446 12698 13146 13155 13390 12848 13174 13461 13557 14626 16234 17720 19237 20365 21239 22043 22714 23565 24511 25081 25394 25920 26949 27765 28244 28623 28673 28079 25680 24321 23623 23529 23464 23719 23714 24064 24184 24466 25336 26037 26348 26977 27458 27745 28789 29517 30390 31202 31480 31450 32311 32805 32635 32672 32883 33352 33805 33157 33273 33491 33889 34174 34070 34061 34526
17258 12051 10898 11084 11377 11691 11904 12083 12144 12302 11887 12107 12345 12748 13768 15400 17101 18406 19383 20246 20968 21784 22575 23239 23772 24200 24790 25764 26275 26523 26761 27059 26320 24248 23133 22546 22524 22541 22649 22719 23099 23446 23988 24770 25322 25388 26251 26648 27428 28441 28905 29629 30115 30149 30542 31483 31666 31524 31732 32036 32502 32802 32463 32646 33017 33155 33298 33335 33712 34165
16449 11380 10255 10452 10740 11050 11013 11136 11166 11154 11001 11090 11518 11800 12865 14648 16096 17260 18222 19005 19876 20658 21180 21880 22617 23140 23742 24465 24842 25016 25433 25886 24759 22951 22051 21640 21642 21713 21806 21894 22417 22974 23597 24178 24607 24824 25598 26437 27105 27888 28322 28603 29006 29468 29968 30656 30623 30735 31013 31288 31640 31848 31818 32247 32342 32348 32540 32929 33362 33634
15834 10891 9854 10071 10323 10586 10283 10325 10381 10232 10225 10401 10653 10927 12166 13665 14871 15941 16802 17752 18599 19175 19786 20699 21587 22303 22832 23484 23860 24290 24784 25138 23665 22038 21274 20991 21009 21219 21261 21492 22080 22647 23248 23736 24178 24504 25599 26251 26785 27445 27647 27665 28479 29183 29591 29838 29949 30262 30438 30699 30911 31327 31390 31775 31696 31728 32046 32656 32969 33328
14934 10236 9261 9388 9578 9783 9324 9403 9387 9196 9313 9345 9559 9913 10926 12090 13187 14102 15122 16099 16735 17379 18181 19217 20305 21044 21597 22363 23094 23686 24146 24167 22732 21308 20669 20518 20570 20755 20775 21130 21673 22280 22745 23279 23749 24385 25320 25740 26324 26805 26703 27106 28068 28782 28764 29032 29365 29668 29793 29937 30195 30712 30708 30919 30974 31184 31556 32054 32509 32482
13873 9602 8629 8608 8837 9043 8520 8646 8619 8498 8456 8510 8815 9081 9869 10867 11774 12790 13852 14613 15322 16116 17019 18174 19162 19940 20685 21721 22557 23185 23579 23438 22164 20952 20412 20344 20397 20443 20594 21037 21626 22168 22609 23138 23734 24322 25023 25450 26050 26129 26349 27097 27962 28389 28191 28552 28912 29400 29247 29393 29720 30062 30048 30323 30606 30963 31155 31667 31826 31788
12839 8889 7921 7895 8187 8404 7766 7921 7980 7892 7709 7867 8224 8484 9079 9894 10954 12016 12831 13597 14438 15285 16281 17334 18320 19147 20053 21106 21929 22512 22679 22624 21551 20628 20241 20186 20239 20211 20486 21040 21615 22121 22487 23091 23644 24121 24842 25353 25534 25924 26263 27109 27635 27625 27639 28129 28623 28692 28731 28848 29094 29409 29605 29997 30382 30575 30966 31136 31295 31518
11750 8127 7133 7147 7586 7671 7132 7263 7477 7339 7089 7366 7684 7908 8380 9334 10434 11250 12088 12935 13829 14770 15656 16679 17643 18509 19424 20376 21084 21416 21716 21684 20863 20196 19950 19891 19911 19985 20475 20978 21595 21990 22464 22976 23454 23948 24803 24873 25299 25815 26192 26939 26971 27044 27143 27895 27909 28090 28220 28261 28501 28963 29397 29773 29975 30368 30715 30615 31038 31243
10861 7522 6450 6560 6891 7030 6611 6742 6973 6782 6597 6912 7171 7346 8011 8951 9822 10677 11607 12510 13491 14331 15185 16146 17123 17906 18703 19554 20004 20388 20710 20702 20162 19687 19524 19506 19626 19944 20452 20905 21486 21920 22364 22835 23376 23899 24414 24678 25111 25669 26073 26461 26493 26561 26908 27339 27425 27556 27684 27834 28199 28871 29247 29491 29855 30210 30301 30462 30805 31078
10035 6965 5889 6034 6366 6375 6218 6370 6561 6333 6233 6534 6742 7075 7712 8485 9371 10318 11307 12290 13169 14003 14818 15809 16679 17366 18103 18650 19100 19463 19750 19809 19446 19145 19066 19178 19581 20029 20600 21128 21742 22166 22536 22926 23378 23666 24267 24602 25052 25641 25682 26066 26137 26420 26496 26986 27006 27123 27376 27594 28209 28795 29095 29386 29764 29824 30168 30258 30727 30968
9051 6286 5249 5386 5604 5859 5747 5918 6138 5853 5847 6088 6438 6823 7295 8042 8972 9958 11039 11930 12833 13632 14496 15380 16146 16769 17235 17736 18101 18432 18768 18821 18671 18571 18714 19040 19593 20111 20673 21178 21663 22109 22475 22773 23111 23495 24175 24470 24963 25309 25257 25694 26017 25994 26098 26551 26561 26817 27075 27527 28099 28571 28969 29274 29367 29689 29874 30063 30522 30964
8109 5618 4712 4803 5121 5473 5294 5587 5783 5458 5529 5870 6287 6428 6868 7689 8648 9765 10748 11660 12513 13359 14125 14955 15661 16068 16521 16892 17243 17644 17993 17879 17930 18127 18520 18997 19719 20379 21102 21637 21936 22267 22517 22587 22985 23589 24014 24484 24682 25128 24954 25531 25995 25750 25849 26230 26399 26600 27024 27282 27869 28329 28833 28771 29181 29387 29539 29707 30547 30746
7058 4824 4065 4250 4553 4686 4794 5070 5197 4991 5223 5555 5779 5902 6455 7246 8314 9345 10339 11206 12087 12820 13535 14283 14771 15233 15646 15960 16450 16902 16944 17119 17380 17733 18261 18935 19644 20367 20997 21379 21670 21900 22213 22386 22811 23210 23815 24040 24366 24518 24649 25378 25670 25429 25521 26001 26035 26381 26563 26859 27483 27942 27989 28359 28678 28932 28901 29431 30118 30116
5967 4131 3482 3647 3772 4271 4194 4430 4486 4575 4855 4929 5086 5134 5585 6548 7508 8536 9511 10431 11219 11947 12596 13112 13665 14207 14593 15096 15622 15796 16173 16600 17004 17500 18269 19004 19698 20278 20785 21049 21283 21659 21990 22250 22479 22869 23283 23570 23666 24169 24504 24978 25150 25087 25259 25560 25743 25889 26075 26457 26980 27103 27432 27796 28208 28231 28537 29012 29479 29564
5398 3771 3205 3312 3696 3819 3905 4029 4250 4551 4484 4615 4741 4797 5514 6418 7391 8392 9382 10215 10973 11660 12111 12658 13256 13753 14300 14869 15095 15449 15946 16378 16833 17485 18285 19012 19667 20228 20687 20890 21281 21488 22040 22189 22292 22723 23089 23229 23603 24148 24527 24717 24850 25007 25168 25492 25516 25636 25928 26331 26581 26874 27077 27631 27789 28125 28390 28760 29198 29489
5124 3606 3021 3290 3389 3601 3665 3793 4208 4162 4191 4343 4414 4875 5645 6605 7608 8504 9280 10085 10798 11316 11807 12375 12953 13549 14096 14480 14915 15324 15818 16274 16851 17591 18399 19064 19709 20282 20620 20821 21143 21426 21813 22051 22341 22572 22908 23243 23566 24040 24395 24505 24697 24888 25111 25363 25297 25487 25868 26185 26545 26719 26923 27407 27916 28061 28354 28750 29348 29494
4564 3268 2759 2861 3053 3356 3453 3721 3736 3813 3833 4035 4350 4653 5472 6448 7258 8045 8941 9707 10264 10863 11392 11986 12624 13249 13709 14273 14706 15096 15605 16130 16736 17412 18199 18880 19525 20094 20478 20663 21017 21254 21766 22054 22187 22376 22833 23097 23341 23859 24152 24334 24711 24842 25016 25098 25217 25431 25779 26068 26299 26391 26683 27340 27621 27903 28180 28604 28997 29275
4244 3069 2580 2727 2959 3114 3307 3316 3384 3415 3635 3948 4209 4553 5316 6165 6927 7871 8699 9299 9925 10538 11088 11755 12479 13041 13553 14138 14595 15014 15537 16028 16593 17267 18056 18773 19435 19982 20364 20550 20893 21152 21652 21915 21977 22294 22675 22953 23238 23658 23998 24158 24510 24734 24725 24892 25096 25334 25576 25755 25990 26231 26541 27117 27479 27755 28058 28456 28905 29201
3941 2920 2456 2668 2808 3307 3124 3081 3129 3397 3653 4093 4235 4554 5231 6007 6895 7742 8416 9083 9734 10376 11003 11739 12374 12970 13561 14241 14807 15322 15946 16534 17205 17932 18568 19165 19740 20252 20608 20881 21076 21296 21652 21806 22018 22356 22702 23034 23164 23601 23927 24210 24529 24528 24633 24917 25144 25252 25432 25649 26050 26363 26807 27238 27661 27955 28237 28641 29233 29534
3403 2597 2197 2397 2790 2841 2850 2854 3093 3524 3719 4017 4337 4443 5123 5988 6815 7542 8296 9015 9674 10329 10978 11642 12264 12880 13626 14389 14832 15296 15983 16632 17216 17766 18466 19088 19684 20203 20583 20791 21056 21271 21609 21849 22065 22309 22763 22897 23144 23651 24023 24277 24360 24435 24701 25159 25149 25173 25527 25838 26280 26589 26875 27298 27660 27991 28277 28591 29099 29390
2985 2290 1939 2302 2291 2506 2538 2672 3067 3402 3485 4026 4094 4390 5080 5846 6593 7391 8173 8886 9557 10238 10811 11461 12138 12813 13484 14106 14619 15170 15882 16447 17000 17650 18405 19044 19649 20134 20428 20598 20945 21166 21521 21741 22006 22258 22614 22834 23074 23595 23925 24047 24206 24418 24711 24968 25011 25282 25722 25935 26211 26478 26788 27270 27708 27952 28307 28597 29055 29306
2440 1864 1599 1711 1877 2158 2349 2519 2824 3103 3330 3705 3909 4206 4844 5586 6335 7119 7907 8631 9334 10017 10627 11303 11980 12632 13281 13945 14469 14958 15550 16052 16603 17242 17972 18655 19281 19759 20124 20331 20660 20868 21317 21578 21758 22064 22397 22600 22833 23249 23628 23862 24078 24276 24486 24766 24972 25207 25532 25765 26051 26290 26631 27124 27491 27783 28090 28375 28804 29084
2036 1614 1350 1474 1817 2183 2461 2812 3076 3343 3684 4094 4389 4749 5340 6078 6877 7734 8586 9382 10143 10857 11482 12136 12772 13342 13952 14615 15144 15692 16377 17086 17869 18731 19720 20580 21447 22167 22700 23071 23589 23983 24575 24942 25279 25610 26074 26335 26688 27343 27848 28137 28497 28756 29041 29450 29642 29888 30303 30753 31240 31537 31984 32702 33120 33501 33871 34308 34850 35235
1660 1289 1085 1327 1700 2089 2426 2616 2865 3337 3686 4220 4567 4801 5670 6815 7845 8881 9803 10723 11620 12507 13335 14249 15095 15862 16632 17505 18101 18674 19346 20090 20907 21724 22544 23334 24065 24661 25218 25593 26082 26371 26777 27151 27552 27839 28403 28760 29098 29698 30105 30574 30981 31189 31514 32009 32152 32346 32711 33030 33593 34029 34425 34985 35506 35934 36380 36744 37286 37589
1173 914 809 1244 1571 2073 2217 2427 2832 3291 3640 4182 4417 4795 5694 6763 7837 8821 9805 10735 11620 12503 13339 14260 15072 15791 16534 17278 17854 18396 19182 19941 20789 21622 22533 23331 24049 24675 25173 25560 26004 26360 26824 27144 27493 27863 28360 28756 29076 29664 30113 30518 30933 31168 31468 31890 32101 32286 32661 32967 33493 33952 34419 34949 35480 35894 36334 36776 37391 37762
701 561 732 1153 1531 1881 2119 2443 2852 3287 3610 4070 4413 4818 5665 6758 7762 8809 9847 10810 11748 12645 13415 14211 14988 15714 16398 17133 17731 18374 19166 19930 20744 21627 22579 23447 24247 24893 25426 25717 26237 26595 27101 27473 27777 28119 28616 28962 29338 29970 30477 30817 31223 31512 31839 32272 32528 32850 33286 33683 34129 34504 34846 35477 35946 36314 36756 37168 37593 37868
342 625 864 1314 1697 2118 2517 3074 3645 4254 4745 5296 5826 6332 7256 8486 9575 10702 11802 12839 13863 14849 15690 16532 17362 18128 18817 19588 20257 20990 21898 22847 23890 25040 26299 27486 28569 29461 30259 30713 31436 31987 32759 33351 33820 34403 35083 35656 36189 37023 37726 38242 38916 39420 39935 40533 40970 41516 42179 42866 43555 44083 44567 45480 46133 46692 47331 47964 48488 48858
