51566 51741 52236 52645 52919 52967 53059 53567 53487 53185 53453 53821 53758 53960 52814 52945 52582 52292 51884 51852 47472 47615 47830 48116 48792 49220 49726 49637 49686 49843 49940 48317 47688 45169 44882 43634 43585 43748 42528 42585 42746 43132 43529 43712 44119 44570 44911 45266 44459 44530 45058 45224 45464 45405 45127 44975 45323 45484 45578 45244 44375 44592 44198 44595 44377 44533 44532 44502 44593 44634
51146 51331 51898 52263 52301 52400 52785 53022 52862 52548 52739 53056 53151 53713 52082 52095 51674 51505 51105 51063 46773 46913 47338 47863 48292 48688 49187 48853 48909 49059 49267 47622 46969 44477 44168 43074 43029 43098 42079 42179 42299 42754 43085 43386 43677 44049 44388 44806 43984 44151 44365 44724 44909 44934 44545 44539 44746 44930 44885 44748 43963 44049 43985 44230 44045 44151 44270 44255 44367 44556
50719 50997 51557 51877 51767 52213 52195 52462 52239 52040 52242 52673 53065 53345 51703 51790 51328 51190 50784 50702 46387 46560 47166 47515 47900 48335 48726 48136 48311 48593 48648 47040 46354 44114 43788 42833 42822 42844 41927 42001 42236 42534 43089 43103 43359 43838 44269 44525 43766 43783 44132 44354 44683 44545 44228 44281 44537 44570 44804 44522 43763 43879 43939 44071 43896 43973 44098 44205 44356 44495
50364 50697 51241 51356 51756 51804 51773 52082 51782 51729 52002 52625 52736 53041 51270 51345 50937 50841 50486 50397 46109 46487 46920 47187 47573 47879 48225 47560 47768 47947 48054 46462 45741 43764 43482 42596 42593 42566 41813 42035 42058 42807 42898 42853 43706 44156 44104 44167 43543 43740 43968 44337 44402 44268 44058 44201 44315 44625 44686 44331 43672 43836 43918 44075 43855 43881 44335 44206 44308 44644
49852 50206 50611 51207 51144 51211 51168 51524 51336 51271 51594 51942 52168 52464 50542 50634 50349 50355 50159 50070 45667 45793 46090 46324 46536 46762 47298 46479 46560 46839 47142 45388 44570 43020 42831 42089 42026 42040 41468 41509 41805 41977 42297 42637 43139 43252 43323 43763 43166 43201 43507 43657 43647 43924 43685 43664 44079 44253 44230 43865 43454 43606 43666 43827 43592 43789 43846 44043 44411 44474
49219 49497 50159 50448 50427 50475 50480 50746 50930 51136 51363 51788 51815 51953 50110 50205 49904 49886 49740 49693 45325 45473 45712 45828 46026 46421 46718 45814 46002 46405 46406 44646 43891 42537 42484 41662 41722 41820 41299 41356 41411 41799 42375 42468 42635 42677 43178 43419 42832 42930 43096 43217 43581 43672 43482 43641 43769 43800 43996 43435 43343 43499 43425 43485 43436 43628 43911 44069 44197 44468
48703 49019 49634 49835 49832 49949 49957 50361 50701 50697 50901 51283 51241 51424 49594 49687 49420 49471 49329 49264 44966 44912 45147 45181 45532 45731 45889 45105 45425 45533 45560 43980 43195 42040 42035 41362 41372 41531 41093 41019 41160 41629 42140 42071 42117 42665 43208 43001 42649 42650 42761 43127 43354 43295 43447 43355 43499 43648 43716 43161 43226 43414 43276 43348 43465 43786 44064 44081 44179 44439
47976 48229 48708 48953 49045 49193 49370 49953 50102 50143 50335 50734 50546 50757 48855 48851 48776 48746 48707 48799 44430 44158 44387 44529 44616 44751 44903 44349 44436 44550 44619 43161 42417 41482 41470 40913 40860 40944 40621 40671 40871 41011 41339 41448 41944 42508 42532 42632 42199 42313 42515 42820 42767 43073 43018 42975 43081 43226 43177 42834 42789 42915 43031 43264 43380 43631 43866 43998 44154 44349
47419 47575 48051 48389 48434 48674 48949 49351 49546 49548 49828 50115 49993 50064 48405 48469 48415 48398 48512 48746 44168 43747 43972 43951 44041 44146 44299 43751 43875 44090 44024 42652 41911 41207 41272 40742 40681 40836 40475 40599 40581 40764 41148 41526 41921 42058 42348 42244 42003 42089 42409 42335 42785 42794 42771 42750 42915 42905 43081 42625 42629 42984 43101 43370 43497 43696 43904 44099 44326 44618
47003 47082 47722 47938 48154 48508 48710 48892 49076 49225 49439 50097 49661 49786 48160 48181 48114 48116 48187 48552 43587 43055 43375 43157 43284 43384 43492 43024 43186 43226 43379 42069 41293 40744 40905 40461 40423 40669 40307 40325 40272 40567 41156 41499 41448 41751 41791 41700 41624 41742 41856 42262 42383 42430 42441 42398 42497 42622 42591 42304 42782 43243 43410 43571 43507 43651 44156 44390 44562 44855
46406 46556 47073 47409 47668 47960 48047 48174 48420 48450 48987 49495 48968 49170 47611 47713 47592 47549 47817 48027 42845 42197 42426 42216 42297 42428 42585 42119 42275 42444 42441 41372 40577 40211 40323 40066 40019 40272 39847 39827 39841 40118 40858 40832 40879 41290 41111 41331 41211 41160 41532 41563 41760 41831 41852 41814 42223 42047 42035 42182 42573 43111 43193 43313 43202 43579 44075 44387 44497 44511
46051 46240 46721 47178 47370 47533 47425 47703 47790 48078 48408 48841 48255 48413 46979 47030 46925 47175 47350 47674 42293 41538 41999 41502 41578 41742 41813 41532 41722 41712 41754 40833 40076 39797 39965 39637 39618 39759 39444 39583 39511 40013 40318 40322 40554 40601 40694 40820 40740 40906 41017 41208 41363 41581 41359 41702 41698 41597 41960 42313 42448 42930 43129 42989 43279 43574 44324 44222 44300 44690
45319 45391 46203 46710 46658 46749 46704 46918 47365 47499 47697 48107 47473 47752 46436 46513 46710 46849 47039 47287 41655 40700 40763 40349 40479 40499 40688 40415 40445 40541 40822 39829 39079 39237 39414 39087 39102 39450 39034 38976 39165 39253 39747 40039 39692 40045 40150 40312 40313 40309 40588 40570 40790 40917 41108 41011 41151 41455 41907 41973 42400 42845 42673 43122 43157 43625 43666 43920 44140 44624
44224 44463 45126 45377 45368 45464 45636 45912 46320 46399 46738 47312 46658 46866 45730 45768 45773 45770 45927 46068 40604 39759 39936 39560 39631 39837 39943 39602 39750 39920 39938 39226 38647 38517 38583 38403 38362 38613 38315 38268 38412 38629 39070 39302 39159 39312 39633 39818 39661 39605 39763 39920 40157 40380 40464 40396 40680 40898 41309 41523 41832 42118 42332 42580 42741 43069 43353 43591 43880 44164
43564 43779 44308 44606 44615 44837 44827 45281 45575 45737 46219 46721 45994 46259 45189 45269 45255 45385 45515 45823 40212 39297 39483 39036 39189 39310 39457 39167 39314 39384 39387 38844 38313 38249 38279 38167 38101 38261 38025 38104 38272 38370 38869 38894 38819 39220 39639 39472 39266 39341 39575 39813 40084 40122 40132 40360 40561 40939 41264 41484 41585 42118 42355 42584 42812 43273 43659 43979 44238 44704
42771 42897 43396 43730 43867 44035 44300 44707 45112 45459 45793 46131 45437 45693 44700 44725 44728 44814 45082 45541 39623 38628 38876 38318 38423 38529 38546 38423 38552 38490 38507 38182 37779 37707 37846 37730 37599 37803 37664 37678 37667 37958 38472 38274 38550 39082 39029 39247 38918 38976 39273 39502 39578 39824 39982 40117 40521 40681 41082 41178 41644 42017 42197 42582 42922 43390 43983 44444 44739 45220
42156 42280 42808 43186 43226 43533 43807 44212 44645 44733 44874 45185 44591 44877 44009 44076 44139 44390 44805 45275 39019 37907 38159 37480 37544 37588 37679 37639 37798 37637 37685 37564 37233 37257 37459 37315 37111 37284 37220 37127 37219 37476 37667 37910 38254 38463 38668 38667 38480 38601 38872 38887 39185 39495 39515 40044 40311 40595 40852 41173 41355 41815 42312 42856 43268 43884 44530 45125 45516 46146
41311 41456 41977 42342 42496 42889 43132 43580 44210 43923 44084 44455 43912 44278 43509 43558 43705 43980 44317 44443 38240 37124 37261 36564 36635 36698 36723 36826 36854 36712 36804 36881 36596 36724 36955 36706 36509 36758 36757 36516 36678 36748 37268 37568 37607 38034 38005 37981 38323 38001 38226 38420 38752 39040 39423 39689 40095 40173 40647 40795 41153 41917 42365 42922 43328 44019 44542 45011 45474 45917
40413 40524 40963 41474 41708 42021 42316 42967 43263 42936 43202 43586 43133 43551 42858 42953 43131 43372 43542 43488 37575 36525 36659 35965 36026 36065 36219 36216 36241 36147 36389 36570 36273 36400 36700 36195 35990 36249 36402 36038 36126 36386 36918 37121 37310 37561 37448 37851 37924 37526 37816 38129 38476 38918 39233 39600 39661 40015 40364 40594 41220 42223 42729 43280 43397 44091 44736 45135 45375 45777
39696 39858 40284 40812 40941 41210 41799 42181 42460 41931 42124 42331 42104 42525 41881 42036 42245 42400 42499 42421 36815 35788 35835 35268 35250 35418 35612 35538 35543 35641 35953 35994 35841 36023 36543 35469 35299 35693 35755 35426 35539 35833 36337 36702 36586 36774 37031 37497 37307 36973 37282 37675 38217 38503 39143 38972 39325 39689 40158 40644 41276 42170 42583 42872 43242 43986 44571 44841 45429 45312
38955 39170 39550 40046 40146 40601 40855 41175 41232 40896 41045 41405 41205 41840 40996 41139 41308 41557 41305 41268 36059 35212 35179 34764 34914 35112 35190 35125 35251 35457 35533 35510 35547 35969 36350 34687 34796 35130 35073 34980 35257 35557 36073 36176 36041 36489 36662 36807 36533 36457 37036 37654 37983 38413 38467 38640 38955 39480 40186 40704 41172 41997 42149 42716 43142 43887 44247 44627 44823 45285
37994 38134 38555 38953 39352 39532 39871 40005 40283 39982 40234 40397 40639 41112 40159 40235 40386 40490 40091 40100 35301 34593 34648 34306 34462 34584 34679 34667 34916 34890 35057 35201 35474 35700 36263 34051 34150 34406 34390 34435 34712 35125 35331 35550 35785 36064 36224 36216 36001 36241 36992 37399 37885 37968 38215 38538 38895 39476 40193 40555 41129 41584 41955 42592 43135 43707 44134 44345 44596 44973
37030 37190 37542 38149 38266 38596 38783 39164 39145 39306 39395 39994 40136 40700 39540 39569 39812 39526 39036 38995 34427 33818 33815 33599 33719 33854 33908 34072 34148 34249 34582 34920 35123 35497 36038 33446 33538 33764 33788 33847 34164 34374 34680 35181 35153 35457 35556 35535 35627 36030 36539 37060 37278 37669 38015 38358 38807 39441 40021 40467 40805 41421 41789 42556 42965 43550 43860 44223 44261 44483
36019 36161 36646 37007 37258 37423 37791 37948 38468 38386 38934 39451 39639 40130 38881 38973 39203 38564 38002 37953 33590 33063 33069 32888 33023 33113 33312 33387 33581 33845 34308 34625 34948 35327 35773 32839 32939 33176 33212 33251 33440 33812 34320 34717 34443 34690 34752 35076 35336 35479 36103 36429 36988 37423 37841 38277 38707 39216 39838 40174 40607 41239 41653 42327 42726 43311 43696 43789 43787 44157
35209 35379 35752 36257 36356 36709 36853 37378 37532 37909 38318 38930 39095 39695 38210 38314 38458 37614 36969 36893 32856 32414 32476 32345 32441 32654 32821 32969 33249 33647 34194 34612 34839 35138 35488 32324 32344 32684 32749 32693 33040 33495 34034 34002 33964 34134 34483 34894 35011 35272 35758 36358 36898 37374 37845 38263 38706 39161 39687 40066 40512 41255 41682 42256 42668 43249 43360 43393 43538 43810
34488 34597 35063 35492 35701 35812 36241 36484 37032 37190 37638 38215 38399 38878 37362 37463 37665 36597 35939 36007 32286 31912 31920 31907 32094 32250 32504 32757 33185 33632 34242 34568 34721 34998 35185 31778 31905 32253 32220 32411 32824 33199 33407 33647 33470 34007 34323 34586 34932 35109 35907 36429 37011 37526 37992 38480 38928 39298 39853 40254 40824 41465 41929 42634 42581 42850 42963 43087 43319 43826
33496 33672 34106 34550 34584 34918 35216 35679 36126 36380 36858 37477 37614 37986 36530 36572 36617 35462 34684 34712 31394 31192 31288 31354 31532 31818 32091 32487 32966 33501 34080 34264 34585 34394 34527 31122 31255 31528 31637 31897 32263 32492 32839 32916 33222 33699 33891 34418 34557 34922 35681 36264 36853 37422 37846 38401 38761 39108 39636 40113 40643 41328 41791 41889 42075 42295 42426 42744 42880 43495
32581 32731 33250 33571 33788 33999 34394 34859 35370 35617 36085 36649 36671 36865 35715 35688 35776 34515 33693 33721 30763 30639 30774 30859 31116 31427 31898 32300 32862 33401 33805 34157 34553 33932 34120 30612 30694 31074 31242 31506 31694 31969 32268 32686 33002 33427 33864 34143 34490 34962 35778 36385 36982 37429 37932 38419 38914 39386 39879 40286 40844 41454 41264 41529 41680 41800 42137 42390 42688 42935
31798 31930 32481 32806 32940 33164 33567 34044 34518 34754 35246 35764 35813 36103 35025 34940 35025 33778 32867 32791 30122 30075 30268 30463 30763 31270 31727 32224 32782 33229 33775 34003 34224 33503 33685 30215 30344 30730 30927 31131 31277 31580 32125 32543 32739 33386 33538 34166 34539 35065 35925 36581 37293 37852 38434 39035 39562 40049 40568 40945 41406 41938 40918 41169 41320 41576 41926 42383 42279 42860
30853 30954 31539 31816 31919 32191 32572 33012 33427 33640 34048 34673 34774 34930 34169 34081 34133 32928 31954 31809 29461 29512 29797 30035 30527 31032 31542 32082 32579 33132 33578 33680 33745 33026 33183 29790 29912 30330 30428 30581 30804 31286 31890 32189 32572 32996 33598 34180 34526 35072 35868 36579 37323 37900 38449 39034 39568 40013 40463 40772 41226 41292 40488 40709 40965 41266 41804 41815 42098 42431
30059 30142 30740 30983 31145 31510 31819 32173 32495 32638 33138 33861 33797 33919 33454 33394 33609 32252 31218 30990 28822 28920 29263 29668 30171 30708 31296 31767 32374 32837 33225 33198 33268 32553 32718 29461 29638 30069 29959 30195 30567 31033 31582 32012 32164 33106 33899 34652 35093 35832 36861 37810 38482 39222 39641 39844 39925 39919 40353 40690 40663 40703 40172 40493 40758 41255 41353 41772 41821 42185
29144 29231 29807 30062 30345 30670 30916 31197 31407 31648 32241 32846 32750 32830 32665 32790 33080 31494 30403 30074 28022 28214 28692 29076 29628 30236 30749 31359 31870 32286 32787 32557 32635 31909 32069 29045 29269 29624 29397 29753 30102 30605 31234 31416 32045 33045 33921 34817 35403 36105 36943 37519 38512 38972 39120 39257 39322 39620 40088 40179 39987 40059 39775 40143 40632 40738 41214 41671 41439 41948
28084 28174 28779 29126 29376 29627 29770 29995 30224 30531 30963 31602 31461 31686 31905 32111 32494 30631 29507 29046 27032 27359 27737 28183 28800 29332 30015 30553 30987 31544 31870 31637 31681 31014 31105 28439 28624 28843 28669 29031 29374 30069 30427 30945 31614 32753 33729 34720 35059 35561 36273 37270 37974 38251 38256 38455 38832 39122 39296 39409 39161 39301 39186 39790 39949 40379 40842 40846 40990 41532
27135 27277 27955 28196 28419 28660 28746 29119 29260 29388 29793 30197 30409 30827 31087 31603 31399 29658 28556 28001 25876 26123 26597 27043 27591 28212 28934 29400 29926 30321 30434 30413 30464 29840 29863 27643 27736 27978 27858 28189 28591 29091 29778 30225 31037 32192 33342 34248 34339 34685 35707 36483 37106 37218 37380 37651 38021 38101 38392 38385 38294 38599 38699 39095 39489 39993 40070 40400 40719 41315
26334 26484 27160 27478 27704 27975 28093 28321 28495 28712 28976 29691 30130 30555 31135 31692 30822 29147 27966 27236 25006 25301 25795 26211 26889 27503 28116 28644 28950 29184 29454 29456 29512 28935 28997 27140 27266 27565 27453 27792 28123 28898 29480 30103 31171 32332 33309 33930 33803 34534 35460 36080 36447 36754 36983 37128 37327 37470 37608 37720 38030 38424 38407 39030 39473 39619 39940 40301 40764 41368
25571 25745 26495 26757 27035 27263 27278 27548 27747 27792 28330 29276 29770 30481 31039 31065 30129 28565 27333 26412 24057 24374 24826 25374 26011 26550 27305 27562 27691 28100 28450 28423 28391 27959 27950 26553 26700 26998 26930 27270 27778 28479 29231 30137 31011 32064 32824 33137 33535 34139 34955 35336 35908 36252 36346 36373 36610 36617 36887 37382 37712 38041 38259 38930 39070 39360 39740 40314 40750 41018
24635 24868 25528 25940 26188 26398 26406 26710 26730 27058 27809 28814 29535 30217 30774 30237 29248 27763 26493 25427 22980 23343 23901 24386 24955 25613 26134 26236 26482 26948 27270 27588 27277 26828 26800 25811 25956 26291 26302 26720 27260 28073 29091 29830 30639 31382 31923 32656 33015 33522 34102 34715 35293 35788 35509 35565 35628 35657 36331 36961 37147 37753 38019 38431 38624 39142 39633 40106 40286 40767
23817 24022 24805 25251 25432 25639 25636 25868 26172 26698 27469 28616 29214 29972 29970 29446 28551 27087 25881 24775 22218 22588 23109 23514 24125 24589 25012 25127 25507 25935 26747 26543 26302 25972 25947 25261 25471 25786 25976 26450 27041 27917 28946 29587 30158 30772 31748 32332 32652 33092 33707 34318 34995 34973 34862 34857 34918 35444 36230 36595 37001 37591 37824 38189 38576 39092 39593 39874 40258 40718
22727 22966 23797 24146 24333 24612 24559 25027 25478 26002 26900 27977 28633 29127 28820 28328 27514 26035 24925 23839 21202 21572 22080 22465 22863 23269 23721 23943 24337 25210 25716 25352 25213 24932 24854 24532 24648 25144 25459 25965 26619 27362 28335 28944 29298 30350 31296 31785 32021 32545 33024 33742 34369 33923 33970 33939 34440 35083 35705 36139 36489 37186 37347 37905 38234 38843 39219 39763 40044 40465
21702 21978 22763 23139 23382 23511 23593 24251 24687 25313 26187 27376 27822 28032 27700 27254 26500 25130 24102 23031 20307 20679 21099 21362 21726 22108 22628 22968 23727 24396 24348 24235 24158 23938 23883 23846 24150 24740 25097 25685 26285 27045 27901 28119 28950 29927 30674 31110 31481 31847 32519 33240 33247 33026 33107 33411 34054 34591 35197 35729 36174 36809 37075 37603 38036 38572 39123 39383 39883 40310
20897 21165 22035 22499 22556 22742 22919 23558 24117 24684 25676 26625 26796 26979 26700 26303 25695 24505 23575 22516 19719 19914 20189 20488 20801 21258 21905 22578 23116 23231 23332 23310 23230 23202 23369 23612 24019 24591 25049 25706 26364 26872 27419 27968 28824 29660 30209 30720 31022 31650 32356 32521 32429 32367 32726 33247 33860 34430 35030 35647 36039 36686 37127 37808 38286 38738 38846 39288 40067 40621
19633 19906 20810 21219 21202 21450 21538 22317 22925 23589 24400 25337 25268 25571 25515 25241 24658 23651 22778 21793 19156 19280 19527 19857 20281 20875 21606 22262 22310 22484 22718 22563 22524 22752 23092 23438 23792 24423 24983 25563 26184 26477 27259 27915 28558 29264 29855 30302 30819 31417 31582 31588 31708 31911 32554 33064 33654 34202 34798 35392 35805 36602 37035 37617 37891 38202 38558 39214 39931 40432
18277 18540 19424 19786 19855 20002 20210 20941 21736 22253 23123 23754 23855 24347 24639 24214 23648 22806 21958 21046 18618 18732 19019 19477 20041 20750 21428 21578 21691 22007 22019 21948 22186 22567 22997 23292 23670 24372 24919 25445 25958 26372 27252 27818 28335 29026 29588 30079 30641 30769 30793 30989 31330 31755 32421 32951 33496 34006 34575 35118 35725 36502 36899 37225 37372 37970 38495 39040 39685 40081
17160 17382 18282 18693 18658 18862 19122 19934 20575 21122 21663 22430 22775 23686 23542 23204 22706 22041 21228 20372 18192 18300 18808 19368 20013 20710 20961 21046 21312 21422 21511 21703 22162 22718 23423 23581 23746 24571 25282 25861 26315 26634 27676 28250 28563 29166 29820 30072 30213 30236 30432 30800 31376 31931 32671 33205 33591 34337 34987 35233 35771 36543 36744 36874 37495 38271 38844 39206 39484 40106
15638 15857 16754 16983 16975 17165 17639 18285 18880 19033 19672 20705 21368 22012 21819 21626 21264 20718 20042 19370 17485 17754 18459 19047 19593 19987 20174 20325 20572 20677 21035 21443 22278 22719 23062 23029 23452 24205 24948 25480 25800 26114 27181 27738 28063 29051 29472 29412 29418 29743 29823 30422 31100 31551 32263 32816 33525 34244 34599 34704 35231 35929 36091 36581 37235 37790 38347 38722 39223 39720
14373 14667 15418 15517 15527 15915 16243 16969 17004 17198 18021 19303 19814 20258 20084 20026 19871 19516 19052 18550 16774 17148 17887 18345 18567 18856 19210 19302 19537 19969 20539 21225 22029 22249 22442 22712 23140 23894 24503 25010 25074 25553 26666 26976 27721 28602 28545 28655 28843 29023 29248 29972 30627 31098 31782 32591 33343 33902 34106 34242 34693 35345 35817 36358 36864 37217 37916 38590 38983 39228
13391 13666 14324 14447 14654 14878 15187 15560 15499 15789 16741 17788 18148 18487 18377 18522 18653 18467 18282 17945 16272 16617 17177 17324 17434 17781 18175 18241 18673 19385 20213 20811 21486 21701 22104 22422 22962 23625 24082 24405 24505 25216 26158 26537 27381 27903 27732 28205 28284 28530 28942 29652 30275 30833 31614 32429 33178 33599 33683 33995 34386 35176 35760 36151 36518 36830 37817 38346 38583 38648
12440 12713 13270 13582 13614 13784 13834 14090 14078 14393 14994 15881 16077 16351 16442 16843 17005 17251 17129 17003 15593 15820 16142 16111 16293 16612 17017 17320 17979 18879 19645 20150 20664 21133 21485 21933 22380 22984 23243 23603 23859 24526 25564 26001 26538 26806 27015 27554 27765 28024 28436 29145 29858 30533 31293 32030 32724 33019 33282 33601 34029 34964 35334 35652 35919 36529 37413 37772 37875 38000
11588 11791 12425 12654 12677 12930 12690 12922 13060 13091 13564 14200 14229 14620 14882 15248 15733 15875 16068 15996 14967 15074 15356 15255 15457 15730 16357 16888 17698 18481 19174 19637 20192 20661 21054 21437 21847 22302 22672 23018 23356 24097 25147 25474 25818 26256 26644 27202 27540 27767 28168 28968 29752 30443 31173 31735 32285 32664 33001 33386 33986 34674 34962 35252 35693 36433 37095 37204 37329 37751
10675 10881 11453 11718 11819 12072 11646 11869 11902 11867 12214 12653 12742 13327 13609 14246 14505 14874 15050 15033 14377 14433 14665 14602 14818 15320 16023 16736 17518 18202 18846 19384 19908 20402 20769 21143 21429 21900 22297 22633 23202 23824 24775 25065 25569 26062 26713 27166 27441 27759 28182 29058 29865 30513 31022 31436 32090 32500 32944 33359 33895 34417 34725 35136 35671 36319 36716 36813 37070 37558
9639 9831 10372 10699 10852 10840 10508 10676 10756 10716 11004 11436 11700 12258 12884 13228 13636 13958 14291 14174 13776 13842 14003 14004 14475 15071 15865 16590 17330 17991 18635 19136 19756 20204 20602 20848 21239 21619 22035 22469 23021 23613 24380 24879 25392 26037 26688 27105 27377 27822 28365 29198 29881 30313 30834 31315 31861 32421 32899 33269 33750 34226 34542 35091 35550 36107 36447 36624 36870 37491
8699 8910 9468 9762 9816 9700 9408 9636 9686 9695 10049 10644 10938 11782 12168 12583 12946 13395 13747 13452 13197 13270 13411 13669 14244 14974 15765 16470 17192 17895 18507 19059 19687 20090 20477 20767 21103 21490 21940 22323 22851 23429 24230 24750 25316 25946 26617 27075 27410 27819 28284 29089 29754 30196 30807 31230 31808 32385 32819 33202 33669 34171 34465 34993 35461 36011 36359 36557 36882 37369
7876 8123 8651 8927 8862 8697 8414 8614 8720 8810 9368 9972 10572 11149 11612 12003 12529 12994 13400 12869 12714 12758 13136 13541 14242 14987 15785 16449 17234 18011 18670 19244 19939 20397 20845 21199 21610 22102 22647 23063 23620 24230 25123 25721 26242 26778 27428 27844 28228 28618 29032 29783 30407 30844 31479 31908 32514 33128 33604 34015 34572 35129 35492 36034 36536 37099 37481 37694 38060 38636
6964 7167 7724 8014 7810 7639 7346 7557 7805 8114 8694 9564 9924 10503 10893 11466 12000 12525 12521 12164 12171 12465 13041 13653 14564 15649 16807 17702 18783 19891 20852 21665 22570 23212 23837 24302 24778 25357 25787 26002 26350 26662 27592 28233 28852 29429 30055 30678 31290 31857 32386 33257 34043 34646 35457 36066 36903 37654 38274 38739 39382 40070 40419 40814 40966 41121 41404 41542 41819 42186
6256 6457 7095 7199 7000 6856 6620 6894 7227 7540 8346 8928 9381 9746 10298 10947 11565 11835 11675 11449 11573 11996 12828 13523 14694 15974 17456 18532 19717 20979 21901 22511 23300 23799 24269 24610 24872 25194 25517 25826 25951 26503 27533 28143 28710 29195 30180 30907 31695 32544 33189 34015 35041 35558 36333 36994 37851 38242 38749 39008 39561 40032 40315 40495 40574 40937 41291 41420 41704 42243
5430 5666 6246 6369 6135 6082 5987 6290 6577 7122 7630 8279 8635 9018 9634 10378 10781 10885 10712 10546 10696 11373 12272 13208 14478 15828 17236 18224 19353 20495 21325 22014 22773 23318 23907 24161 24414 24785 25089 25198 25546 26243 27237 27696 28225 28938 29963 30761 31656 32344 32906 33989 34687 35295 36108 36675 37243 37785 38197 38715 39194 39763 39817 39940 40268 40688 40955 41044 41533 42020
4638 4872 5410 5467 5328 5426 5325 5650 6038 6162 6620 7202 7482 8026 8738 9327 9621 9719 9651 9783 10116 10904 11994 13028 14311 15604 17004 17936 18913 19926 20858 21595 22314 23007 23410 23588 23872 24266 24366 24721 25204 25803 26742 27111 27893 28759 29767 30656 31500 32096 32865 33667 34411 35051 35714 36156 36874 37274 37889 38404 38790 39183 39250 39586 39951 40262 40465 40808 41308 41599
4183 4417 4866 4882 5109 5051 5030 5454 5530 5726 6171 6658 7182 7818 8358 8798 9064 9072 9186 9383 9834 10773 11880 13008 14268 15561 16900 17683 18491 19650 20624 21306 22225 22696 23078 23339 23666 23943 24176 24685 25051 25795 26490 26993 27917 28867 29823 30716 31358 32069 32968 33781 34511 35008 35461 36058 36617 37150 37750 38307 38564 38897 39150 39589 39902 40054 40407 40763 41138 41540
3821 4077 4374 4707 4768 4701 4856 5108 5283 5507 5847 6577 7214 7734 8155 8522 8671 8850 8969 9226 9827 10781 11888 13051 14276 15526 16662 17318 18322 19514 20403 21251 22036 22438 22949 23208 23494 23911 24231 24546 24995 25757 26476 27101 27995 29022 30009 30833 31422 32083 32968 33792 34424 34956 35596 35994 36743 37314 37734 38263 38475 39028 39225 39668 39816 40065 40417 40762 41147 41224
3499 3728 4211 4321 4317 4415 4421 4901 5014 5126 5714 6480 6974 7301 7624 7900 8261 8503 8747 9062 9633 10596 11745 12847 14026 15086 16184 17015 18062 19176 20134 20843 21639 22165 22590 22883 23318 23759 23955 24430 24776 25590 26392 26795 27774 28786 29596 30504 31154 31850 32681 33498 34240 34807 35267 35865 36433 36971 37578 38042 38341 38832 39017 39357 39642 39888 40322 40620 40903 41100
3147 3423 3812 3923 4030 4084 4267 4623 4607 4948 5500 6206 6502 6862 7117 7661 8036 8379 8632 8932 9466 10359 11471 12533 13523 14554 15816 16666 17659 18812 19721 20496 21376 21820 22338 22745 23160 23553 23815 24239 24645 25400 26129 26622 27584 28496 29421 30338 30982 31685 32533 33341 34041 34590 35100 35634 36282 36884 37433 37938 38198 38642 38887 39288 39539 39757 40140 40458 40758 40966
2812 3028 3391 3621 3692 3888 3925 4203 4525 4871 5422 5914 6235 6518 7033 7559 8068 8406 8723 8989 9569 10398 11412 12300 13268 14449 15684 16502 17525 18649 19551 20367 21197 21753 22334 22806 23138 23645 23966 24350 24761 25532 26244 26829 27511 28482 29476 30410 31054 31727 32628 33502 34287 34694 35260 35694 36554 37138 37592 37977 38271 38900 38993 39381 39518 39905 40281 40392 40720 40745
2514 2668 3069 3201 3432 3458 3526 4070 4396 4777 5168 5708 5974 6428 6871 7451 7907 8249 8459 8820 9375 10213 11192 12053 13192 14357 15550 16413 17441 18508 19431 20205 21061 21610 22255 22666 23075 23560 23927 24361 24741 25454 26189 26576 27414 28421 29356 30291 30936 31643 32564 33479 34112 34550 35160 35718 36263 36870 37459 37836 38240 38732 38837 39214 39551 39856 40119 40324 40600 40815
2280 2511 2775 3022 3134 3086 3516 3972 4306 4494 4944 5422 5815 6248 6792 7288 7750 7993 8307 8676 9273 10105 11042 12109 13179 14349 15527 16423 17489 18656 19561 20470 21474 22014 22649 23053 23425 23802 24039 24336 24681 25432 25991 26573 27466 28498 29426 30461 31078 31649 32567 33317 33988 34495 35200 35564 36172 36911 37422 37892 38145 38615 38706 39263 39524 39717 40073 40359 40737 40809
1939 2170 2479 2629 2643 2918 3163 3753 3937 4227 4674 5216 5606 6106 6574 7074 7501 7855 8160 8503 9078 9917 10934 11947 13068 14215 15453 16404 17460 18581 19537 20432 21365 21941 22496 22915 23287 23609 23835 24184 24603 25339 25947 26408 27319 28288 29233 30146 30712 31385 32268 33143 33880 34415 34914 35374 36029 36686 37229 37697 37943 38335 38551 39028 39291 39592 39916 40151 40471 40688
1620 1837 2086 2210 2494 2751 3100 3603 3929 4241 4702 5275 5747 6225 6788 7409 7912 8331 8706 9192 9960 11044 12332 13577 14975 16425 17917 19006 20345 21778 22706 23434 24348 24724 25288 25609 26071 26462 26748 27276 27607 28326 28940 29586 30476 31363 32386 33279 33955 34765 35546 36328 37167 37782 38185 38834 39494 39951 40600 40936 41030 41514 41841 42304 42460 42722 43189 43540 43867 44211
1309 1441 1769 2081 2423 2812 3252 3861 4371 4975 5807 6719 7408 8226 8897 9622 10286 10840 11285 11730 12414 13283 14260 15187 16226 17410 18575 19484 20517 21495 22407 23206 24014 24524 25120 25553 25951 26384 26802 27116 27405 28091 28971 29477 30308 31345 32285 33223 33961 34563 35412 36374 37101 37577 38179 38770 39262 39975 40402 40614 40994 41692 41811 42109 42494 42887 43324 43536 43839 44038
1061 1216 1636 2051 2430 2803 3244 3880 4353 4938 5753 6663 7346 8087 8825 9580 10261 10777 11242 11733 12329 13122 14127 15067 16191 17357 18594 19486 20470 21537 22490 23311 24192 24721 25271 25585 25893 26368 26675 27022 27368 28140 28874 29405 30269 31370 32260 33193 33813 34548 35421 36258 36940 37379 38102 38526 39292 39825 40215 40534 40968 41506 41620 42171 42455 42819 43203 43472 43892 44065
838 1089 1770 2307 2699 3097 3563 4318 4812 5345 6108 6996 7700 8533 9261 9977 10549 10977 11291 11597 12099 12921 13923 14963 16082 17285 18510 19381 20405 21507 22426 23253 24110 24594 25087 25463 25854 26251 26562 26975 27369 28066 28798 29289 30223 31217 32095 33004 33721 34421 35242 36063 36744 37287 37869 38449 39002 39560 40051 40514 40799 41337 41640 42072 42403 42706 43134 43507 43919 44189
510 1279 2223 2891 3369 3843 4332 5193 5874 6594 7540 8622 9504 10468 11313 12111 12713 13167 13520 13921 14573 15620 16888 18234 19642 21137 22642 23753 25055 26482 27679 28713 29761 30423 31082 31558 32088 32634 33047 33650 34189 34997 35927 36559 37667 38808 39852 40886 41848 42767 43730 44616 45428 46171 46881 47697 48359 48967 49638 50313 50758 51431 51908 52395 52851 53227 53808 54420 55035 55538
