976 382 374 320 329 510 536 502 321 382 237 174 325 518 397 385 372 391 309 416 685 879 793 859 857 882 904 851 831 787 700 635 658 476 459 360 351 479 459 611 647 719 649 638 569 493 449 662 568 756 956 593 476 507 680 836 687 457 523 651 727 521 510 478 882 876 519 400 444 647
693 288 352 329 348 444 387 247 146 80 155 125 269 159 101 265 235 96 195 416 556 825 753 797 821 789 824 825 872 894 780 750 779 571 538 432 321 411 433 674 655 713 524 530 305 230 258 294 329 524 757 413 287 503 496 574 637 328 346 485 448 414 454 214 462 359 297 241 304 380
387 255 201 181 242 202 191 273 75 238 205 65 206 158 108 231 191 75 127 246 330 539 483 523 545 507 525 534 575 600 519 512 556 454 539 508 533 710 653 791 772 794 688 656 463 358 411 455 377 512 606 355 285 353 355 391 456 226 215 308 312 234 281 147 469 359 195 120 235 241
708 538 358 346 560 453 519 449 296 276 282 203 430 186 330 577 460 254 421 492 540 771 741 840 846 843 848 853 853 846 756 749 759 572 553 513 537 760 740 963 870 898 687 614 405 300 353 404 376 454 525 365 337 477 560 578 721 428 401 542 648 506 592 436 815 705 468 364 651 556
520 498 342 368 365 292 265 523 206 386 364 234 321 389 233 289 248 221 280 485 533 734 619 611 624 603 606 605 620 631 586 614 683 591 699 661 630 723 625 691 664 674 676 651 505 475 418 490 350 619 630 458 386 393 395 422 389 332 222 246 288 292 416 266 732 566 327 296 342 483
522 341 254 222 300 272 290 309 167 252 195 98 240 178 138 351 202 133 162 289 360 586 565 650 687 670 685 708 743 766 667 645 676 540 602 520 504 613 519 635 627 644 521 483 365 266 343 387 347 484 600 407 225 360 420 399 449 183 237 333 359 266 275 183 550 416 174 161 305 361
560 367 236 419 596 358 395 675 255 485 531 210 115 310 306 382 188 212 362 309 316 420 459 574 631 629 647 708 762 845 805 875 946 839 995 886 811 816 738 745 721 727 644 631 549 455 453 507 700 569 748 523 517 489 584 425 476 301 355 324 420 344 401 255 796 560 228 264 292 409
619 316 262 289 365 409 346 294 145 118 228 115 214 142 83 272 177 88 197 414 526 768 740 806 851 819 852 874 935 979 883 882 931 740 750 626 481 498 447 588 538 555 412 434 263 214 241 245 283 446 638 404 327 432 435 496 523 259 273 382 364 289 357 125 438 301 212 196 289 315
665 343 490 348 311 300 290 210 138 283 179 194 310 306 134 261 224 156 58 395 514 772 704 730 746 698 733 736 786 808 669 592 622 485 548 431 391 505 432 559 611 661 564 547 476 397 490 596 555 874 1085 612 391 633 591 613 670 332 446 587 514 486 455 271 538 444 381 304 313 468
882 306 546 576 619 638 593 436 318 236 338 282 293 274 245 403 325 207 317 441 572 819 824 925 976 941 995 1029 1114 1179 1040 1003 1022 792 766 593 439 460 506 753 792 864 602 634 452 318 423 476 741 786 1198 698 485 799 829 767 908 470 617 733 652 673 628 353 610 445 384 399 358 525
598 259 410 416 505 438 399 507 287 303 295 203 267 319 300 301 392 229 262 287 486 697 698 773 800 743 788 766 837 860 751 703 721 566 571 506 529 693 645 828 857 873 697 735 566 378 541 714 733 879 1163 702 578 646 744 792 886 509 529 650 570 547 543 348 710 563 428 371 389 455
703 620 773 733 804 593 570 517 464 309 348 448 552 249 308 592 524 293 411 574 593 933 943 1024 1061 970 1009 1051 1164 1226 1071 1026 1037 860 869 779 731 849 769 994 962 977 688 662 433 262 536 592 638 872 1164 770 449 842 794 659 982 534 559 679 576 730 690 435 728 425 474 495 632 674
1138 658 885 811 685 836 739 804 671 704 656 618 614 873 539 634 557 580 429 738 896 1114 1103 1163 1241 1227 1272 1273 1337 1367 1222 1132 1153 969 985 767 608 505 359 430 628 639 602 719 799 701 815 921 1042 1445 1746 1340 856 1096 1220 1180 1074 714 891 978 794 868 817 605 1027 873 584 766 536 940
584 363 370 360 448 374 310 425 243 353 383 234 256 335 191 290 234 209 181 424 579 792 820 899 960 899 942 962 1053 1111 1003 970 1023 886 960 821 719 713 547 561 560 534 465 511 470 385 507 594 583 799 1000 683 571 560 588 635 626 334 404 511 424 345 372 176 537 389 313 310 347 394
639 487 512 502 497 452 415 553 351 429 402 312 351 413 262 455 315 246 244 432 436 644 638 700 763 742 765 795 855 901 793 772 807 672 753 623 547 546 398 465 551 542 471 517 493 392 512 542 624 906 1080 836 488 707 772 649 698 398 468 512 435 504 518 311 784 551 255 399 349 568
734 441 572 535 603 673 593 511 434 345 395 330 475 340 340 576 552 285 343 450 532 772 804 889 950 899 946 952 1042 1084 943 891 895 707 685 586 554 662 589 803 864 856 643 730 577 403 634 632 749 985 1261 938 656 914 976 971 1126 630 698 845 699 704 701 415 728 553 397 476 506 515
803 660 890 771 687 687 590 619 561 483 466 555 681 565 402 608 621 408 380 668 728 1034 996 1019 1069 999 1037 1037 1123 1149 988 904 906 741 735 629 586 670 549 753 868 868 709 772 655 497 736 794 798 1273 1505 1121 644 1023 1031 969 1118 693 727 854 638 837 819 536 866 641 541 661 598 801
810 529 678 671 623 705 569 702 528 480 544 473 508 599 390 492 499 396 391 609 752 989 981 1029 1103 1053 1098 1096 1184 1224 1102 1053 1082 907 906 765 645 618 491 619 723 706 608 724 641 514 661 723 783 1136 1389 1069 723 880 959 969 960 624 657 747 559 661 682 418 807 612 439 582 460 676
889 479 638 735 746 859 734 936 644 509 584 463 499 652 585 548 680 506 593 524 745 941 933 996 1047 1009 1058 1016 1090 1107 1020 994 1014 825 776 705 673 749 711 929 1009 1010 849 978 779 581 719 864 941 1140 1466 1097 867 923 1104 1169 1178 835 784 856 731 796 823 589 1041 841 567 653 545 723
731 518 748 774 702 694 532 989 636 727 738 612 614 887 634 383 694 605 576 649 977 1186 1110 1098 1129 1038 1084 1017 1098 1103 1027 976 1018 921 943 929 968 1114 1028 1183 1271 1262 1212 1302 1087 885 999 1257 1085 1395 1609 1129 990 847 947 1121 1049 857 731 811 609 725 775 601 973 845 756 720 563 763
642 462 566 518 504 629 498 832 552 792 855 544 662 840 553 583 654 456 471 632 764 874 836 869 961 969 981 953 954 943 844 787 774 644 622 554 588 734 668 891 1139 1112 1082 1197 1120 912 968 969 1054 1302 1277 1125 822 833 1054 1104 984 714 740 859 615 669 813 559 930 960 513 689 490 673
830 474 689 622 561 750 617 695 514 614 760 557 695 727 470 617 634 370 469 735 803 965 891 913 999 1022 1039 1028 1022 1017 885 823 792 583 489 367 300 415 464 818 1075 1104 975 1083 951 774 792 720 973 1237 1302 1069 690 972 1127 1117 1091 738 809 953 697 835 974 596 878 899 533 731 492 744
960 584 718 657 604 851 698 751 562 616 782 587 743 790 522 664 694 436 522 852 932 1092 1010 1017 1096 1122 1142 1115 1103 1088 967 914 896 669 560 426 319 391 407 715 936 948 865 1008 913 792 776 705 916 1282 1336 1140 822 1044 1194 1258 1172 845 875 1025 791 881 1063 645 978 997 626 814 589 811
784 452 590 472 407 651 532 609 480 586 589 435 611 700 433 557 581 394 337 590 733 910 861 894 969 972 997 965 977 960 830 742 728 559 512 404 388 496 425 648 868 865 805 920 869 711 797 801 858 1223 1305 1079 702 864 1030 1108 1010 653 733 890 670 684 754 505 830 838 465 610 459 654
690 421 499 503 475 668 532 736 514 514 540 378 502 615 450 487 573 413 423 473 671 862 834 878 943 913 947 909 964 967 875 831 848 701 682 627 629 729 639 823 942 921 834 949 793 615 736 802 772 1047 1210 988 714 738 900 1007 941 642 612 713 554 568 617 436 822 715 401 506 427 560
867 589 834 605 492 854 681 672 683 774 803 672 978 896 592 792 885 560 497 817 985 1201 1133 1149 1240 1229 1253 1209 1218 1180 1010 870 816 640 524 451 497 712 680 1046 1339 1335 1216 1336 1202 973 1127 1053 1070 1495 1499 1312 824 1077 1235 1372 1307 863 953 1197 841 899 974 700 838 959 646 813 664 788
682 551 695 517 515 748 584 591 594 615 699 560 858 657 475 735 799 438 449 719 853 1087 1071 1116 1210 1172 1199 1175 1217 1205 1042 931 890 716 616 557 596 803 723 1046 1240 1201 1041 1151 982 754 970 881 877 1251 1261 1135 738 936 1062 1183 1207 747 789 1028 706 743 835 544 708 750 527 674 653 627
831 391 635 393 415 669 530 332 440 431 560 480 791 565 350 549 640 364 370 789 1096 1383 1330 1396 1471 1439 1473 1440 1455 1421 1226 1064 1005 755 558 439 398 612 648 1071 1225 1257 1021 1058 846 644 761 758 745 1015 1074 790 520 702 816 1062 1021 571 692 1030 725 664 738 479 442 655 635 608 638 620
1020 526 720 497 544 885 725 413 587 425 594 544 873 584 420 723 747 458 477 889 1186 1496 1486 1584 1677 1645 1690 1665 1702 1679 1474 1315 1258 966 737 580 474 606 604 1004 1130 1140 877 957 770 589 751 702 728 1033 1156 941 622 845 974 1223 1186 670 808 1154 853 760 817 534 523 683 654 688 760 701
1045 483 640 470 509 823 708 325 473 288 397 391 654 421 313 647 578 356 354 718 940 1244 1251 1357 1434 1407 1458 1454 1512 1518 1325 1199 1173 890 733 547 398 451 424 726 805 828 582 662 534 411 572 530 617 914 1158 878 562 859 938 1100 1108 577 750 1031 829 714 712 437 532 567 510 549 622 615
1296 632 754 547 581 992 895 370 575 363 460 474 787 527 418 832 696 461 442 870 1059 1356 1356 1467 1543 1547 1595 1588 1619 1611 1407 1271 1234 916 728 508 327 358 344 659 759 793 554 646 574 489 614 530 670 1015 1250 1008 653 1034 1130 1294 1274 706 925 1228 1050 886 893 589 695 766 627 691 764 774
1586 929 1002 722 810 1242 1166 499 796 508 585 668 1080 685 639 1148 1001 675 636 1138 1302 1621 1631 1750 1814 1825 1871 1849 1864 1830 1603 1441 1383 1030 792 567 406 477 436 770 853 872 615 715 686 615 784 687 801 1263 1468 1255 891 1331 1438 1640 1654 997 1221 1585 1413 1196 1222 869 983 1077 927 972 1129 1048
1830 979 938 763 860 1263 1292 651 802 513 475 575 902 722 741 1140 920 758 708 1050 1213 1485 1469 1604 1624 1685 1722 1689 1665 1617 1442 1325 1298 942 755 518 342 363 347 591 613 680 473 533 568 566 606 635 765 1129 1425 1151 879 1274 1441 1592 1541 996 1215 1483 1533 1229 1217 975 1305 1317 976 959 1122 1190
1386 783 779 558 546 760 797 330 461 356 225 389 625 513 373 721 483 474 315 820 947 1262 1206 1288 1302 1316 1348 1346 1353 1334 1160 1043 1053 790 738 503 321 296 190 301 314 378 267 260 339 377 422 498 479 944 1193 844 518 909 935 1009 964 550 766 977 1004 815 761 591 904 846 667 623 749 928
1416 808 814 566 643 795 855 386 517 422 299 439 712 557 479 809 622 530 388 869 1020 1315 1283 1386 1395 1413 1444 1424 1412 1374 1188 1050 1033 752 653 433 309 368 278 438 460 515 369 360 444 437 513 622 619 1054 1269 899 629 982 1066 1169 1153 676 896 1159 1171 942 918 718 1025 1028 830 746 913 1009
1569 1039 914 697 752 898 982 630 679 658 420 540 759 776 657 962 710 726 478 929 1028 1278 1265 1363 1369 1397 1425 1405 1399 1368 1214 1102 1122 893 897 669 550 522 305 273 288 306 294 317 548 600 675 815 751 1286 1500 1184 892 1160 1259 1325 1231 816 1032 1217 1303 1027 981 841 1346 1249 900 866 1009 1167
1192 806 617 581 747 745 809 607 508 470 386 356 476 456 482 790 521 478 433 666 684 891 936 1061 1090 1100 1131 1151 1188 1215 1102 1076 1118 910 956 765 634 593 408 380 327 321 241 275 380 391 484 546 622 913 1156 919 760 950 1032 1002 1029 639 780 887 999 774 777 578 1127 915 593 606 774 821
1502 922 704 768 976 1038 1107 886 725 659 632 498 537 645 698 1008 650 669 669 794 814 964 1058 1234 1287 1334 1371 1408 1445 1494 1396 1399 1449 1205 1244 995 788 643 483 428 390 388 301 375 527 548 593 628 880 1014 1341 1136 996 1154 1315 1241 1211 810 1017 1085 1240 956 949 747 1367 1140 690 773 885 984
1599 1004 730 730 920 995 1062 797 705 601 509 488 562 672 674 912 615 743 634 897 1052 1271 1330 1485 1507 1520 1565 1574 1620 1647 1547 1521 1595 1354 1395 1146 918 754 533 397 260 257 220 259 425 514 541 690 690 959 1288 1025 989 1015 1115 1206 1088 763 927 1038 1235 857 828 714 1286 1090 822 754 975 1027
1267 848 591 566 799 781 824 585 538 436 371 365 479 439 495 727 518 580 497 758 954 1220 1288 1434 1450 1406 1458 1469 1553 1594 1486 1454 1531 1325 1378 1188 1019 944 708 595 390 368 281 288 340 388 497 651 521 769 1073 789 844 800 819 973 943 605 708 860 1011 637 607 506 952 762 711 552 885 765
1569 1079 829 762 919 1145 1055 712 818 471 549 615 791 665 592 903 712 792 697 1158 1475 1832 1895 2040 2097 2038 2103 2101 2208 2238 2098 2027 2095 1806 1733 1477 1153 931 653 578 377 323 227 307 343 429 547 643 438 877 1179 1027 963 907 937 1244 1080 742 820 1043 1063 719 718 574 906 765 838 767 1089 971
1504 1070 840 765 897 1123 998 697 807 557 652 663 804 716 569 874 680 795 667 1187 1506 1854 1928 2060 2134 2056 2127 2142 2274 2330 2189 2121 2207 1952 1929 1664 1321 1063 754 626 437 368 311 404 455 550 675 732 519 954 1242 1090 1041 935 911 1227 1038 719 821 1038 1007 663 659 509 785 658 805 746 1031 895
1184 754 606 543 727 878 771 527 612 457 566 487 614 519 418 686 524 592 508 909 1247 1562 1663 1824 1909 1828 1897 1922 2055 2119 1973 1898 1962 1728 1705 1472 1205 1045 797 745 594 537 416 479 464 469 626 682 536 775 1051 861 843 711 725 1004 874 514 655 888 824 479 459 338 532 466 615 532 817 633
1486 853 750 895 1225 1430 1260 984 977 672 1075 773 816 682 754 1063 876 815 1018 1148 1479 1725 1920 2161 2303 2243 2328 2389 2550 2666 2535 2524 2572 2255 2136 1876 1521 1313 1218 1322 1174 1119 827 964 791 711 860 774 1001 854 1251 1135 1221 1072 1180 1405 1353 892 1049 1267 1166 826 863 602 745 675 785 815 1049 763
1537 771 649 819 1227 1407 1309 889 888 494 902 638 736 489 730 1055 864 737 1044 1056 1387 1642 1818 2083 2191 2155 2234 2286 2412 2505 2379 2377 2406 2043 1866 1632 1313 1206 1227 1450 1241 1237 839 916 647 552 659 603 877 586 1019 860 1046 966 1099 1323 1356 863 1006 1247 1255 858 894 645 771 725 816 746 1086 743
1297 773 548 641 1067 1173 1137 756 803 405 657 504 739 340 675 1009 870 697 959 894 1236 1543 1685 1935 2000 1942 2003 2027 2136 2187 2067 2046 2067 1760 1604 1483 1333 1402 1378 1612 1334 1323 916 905 565 434 609 629 621 396 720 618 812 701 823 1094 1192 735 780 1045 1124 694 700 603 731 677 774 588 1124 667
1392 864 634 716 1090 1294 1279 1010 1020 588 702 585 892 568 922 1160 1109 927 1133 868 1284 1582 1692 1939 1983 1944 1993 1968 2043 2039 1939 1895 1896 1615 1438 1396 1389 1573 1551 1833 1599 1595 1198 1178 801 599 797 915 761 555 852 782 885 726 972 1286 1330 903 887 1140 1253 816 778 834 1037 997 897 705 1250 856
1124 686 433 563 766 1019 1011 1004 855 653 612 419 630 610 798 921 833 814 910 552 901 1126 1185 1380 1424 1411 1444 1424 1488 1492 1442 1438 1479 1309 1286 1275 1318 1453 1380 1528 1387 1388 1159 1144 845 665 785 912 715 529 784 748 736 535 787 1000 928 669 646 759 912 541 462 645 1000 891 559 459 830 673
1053 548 390 561 600 987 917 851 718 578 582 360 484 534 597 771 597 660 757 460 732 960 989 1144 1213 1195 1238 1264 1368 1429 1383 1415 1493 1350 1408 1355 1285 1290 1257 1379 1287 1317 1118 1129 803 674 738 730 661 447 785 724 613 551 675 800 721 498 536 576 685 405 281 428 700 537 266 264 477 458
1119 521 359 558 529 1016 907 778 610 569 683 371 457 558 511 713 479 570 727 579 777 966 941 1052 1134 1147 1185 1235 1316 1396 1363 1432 1529 1369 1438 1336 1149 1068 1115 1254 1197 1257 1108 1143 822 778 681 544 627 400 696 668 607 599 652 764 620 472 534 547 646 389 346 372 596 489 213 258 342 400
1129 438 301 405 388 951 835 559 454 474 638 303 466 510 407 665 436 433 584 634 800 963 910 997 1080 1124 1157 1194 1227 1278 1219 1260 1326 1121 1122 985 772 725 822 1033 1039 1111 978 1038 777 766 604 397 571 441 646 621 580 644 698 863 683 477 588 678 723 431 472 358 518 552 248 293 326 360
1040 385 240 355 354 839 725 503 359 432 587 247 374 456 348 531 351 383 515 586 784 946 888 960 1029 1050 1088 1121 1168 1229 1181 1230 1317 1136 1175 1050 842 800 878 1035 994 1061 957 1004 741 748 579 422 532 405 621 528 595 568 575 777 596 430 512 596 657 344 391 281 441 463 257 227 279 278
959 379 230 349 353 775 676 574 380 611 738 310 406 559 407 544 356 435 551 589 789 916 861 936 1014 1036 1067 1111 1152 1220 1184 1237 1327 1194 1284 1178 1016 1004 1081 1215 1203 1270 1196 1212 952 932 744 588 685 457 605 532 625 520 537 714 506 398 501 567 624 300 345 298 436 502 267 229 263 270
1056 422 280 443 472 759 747 647 384 657 643 269 283 541 489 551 350 493 549 452 623 732 697 781 819 829 869 916 979 1066 1047 1122 1241 1151 1339 1247 1135 1136 1186 1211 1140 1226 1166 1153 942 937 786 741 833 556 850 595 756 658 639 740 614 479 606 610 790 420 376 389 651 592 350 227 289 324
1368 758 555 637 631 892 958 777 569 938 728 450 489 780 717 808 531 766 665 632 763 883 835 907 912 921 958 1005 1064 1145 1123 1183 1323 1282 1566 1472 1402 1408 1377 1270 1170 1264 1282 1224 1131 1188 1051 1058 1026 858 1162 847 988 931 851 930 800 670 851 841 1114 659 537 648 969 873 611 417 544 602
1342 827 476 596 701 992 1057 928 696 984 756 423 522 782 847 964 707 860 765 564 703 792 813 924 936 943 982 1008 1077 1148 1144 1216 1352 1319 1593 1545 1553 1594 1478 1318 1178 1208 1231 1226 1152 1174 1131 1140 1043 882 1165 988 1174 980 990 1126 996 808 933 929 1231 673 567 706 1140 1005 619 451 687 578
976 666 464 409 479 553 635 532 369 717 430 273 419 551 532 642 498 542 362 445 536 686 658 707 690 660 693 698 752 790 734 736 838 812 1061 1020 1087 1232 1077 958 868 894 928 892 881 888 924 1010 823 962 1157 814 902 857 791 899 875 625 732 799 985 590 520 534 936 819 586 372 575 504
853 578 448 299 394 489 540 319 250 476 314 219 496 385 383 606 520 339 263 503 544 728 668 698 686 674 696 680 688 682 581 543 580 468 559 515 583 821 744 835 809 838 783 765 702 671 717 728 628 902 985 696 694 828 796 919 970 617 691 858 930 645 686 513 833 811 582 420 611 499
998 616 460 434 600 600 678 598 335 601 480 295 486 528 593 617 629 475 492 576 677 797 716 743 702 704 725 686 670 655 604 611 663 549 637 626 713 992 999 1103 1027 1082 1028 998 876 842 781 895 834 946 1061 683 909 874 892 1053 1076 820 815 938 1105 784 879 701 1109 1092 826 565 733 631
936 657 531 487 672 584 669 522 354 473 336 269 448 361 494 658 591 407 406 499 531 715 701 763 738 708 739 729 765 781 695 688 736 609 708 664 724 941 858 919 819 843 731 712 631 579 677 777 738 932 1142 754 822 935 921 971 1124 745 778 899 1033 787 809 612 1055 893 698 513 738 619
783 530 392 339 496 421 482 391 207 387 297 193 373 304 351 478 430 286 303 481 548 734 680 721 701 676 699 687 704 710 631 624 674 548 633 588 622 834 778 864 774 806 721 683 572 538 556 645 567 753 875 533 638 690 667 764 845 561 569 700 811 580 650 459 841 755 595 394 595 501
914 428 417 431 536 432 502 533 217 438 338 215 262 452 420 330 357 340 343 460 633 786 699 734 699 691 719 689 689 689 628 621 679 541 619 546 546 720 736 831 778 858 793 749 649 608 530 758 742 837 1061 534 680 665 700 795 789 584 608 694 832 637 684 526 958 886 695 454 510 617
877 315 356 326 413 528 542 394 187 377 346 167 326 383 372 402 435 263 306 417 564 705 623 656 645 649 683 651 649 646 563 542 572 410 429 369 385 615 698 916 929 1011 890 898 733 655 604 678 760 838 1043 592 683 770 806 946 963 637 699 845 894 671 736 500 793 814 592 412 445 454
966 569 547 445 558 591 603 523 301 602 556 379 596 613 558 528 660 446 453 716 877 1017 893 874 839 824 849 790 765 735 658 626 658 525 552 533 603 916 966 1158 1139 1201 1149 1140 988 941 859 967 895 1112 1174 725 949 920 906 1152 1143 879 862 1052 1086 836 988 708 985 1078 941 661 741 652
791 439 384 365 413 449 467 398 162 341 303 184 343 344 313 381 379 231 298 478 542 716 595 591 569 564 584 563 560 559 493 501 551 412 472 430 429 632 670 843 811 881 802 782 606 578 501 558 554 740 871 503 568 686 657 750 791 566 543 642 726 588 689 449 809 744 541 382 446 485
763 464 465 379 487 444 506 406 204 542 453 271 465 412 422 534 520 285 325 484 494 627 540 554 537 533 549 541 530 533 445 431 456 351 440 420 520 836 886 1086 1109 1178 1074 1033 884 794 782 803 862 967 1050 644 710 870 844 884 1008 678 739 877 926 749 834 583 881 884 654 477 556 510
957 373 384 456 574 695 682 539 284 390 399 197 294 376 451 461 505 337 422 409 557 694 654 698 689 666 718 695 745 781 720 741 805 650 708 654 638 810 871 1024 964 1027 891 941 737 671 661 729 837 860 1190 713 889 914 912 1058 1117 770 794 895 978 731 772 517 860 768 608 427 480 421
1014 423 434 454 572 628 652 513 270 391 349 216 328 417 463 429 495 368 410 479 669 828 757 793 762 742 787 748 772 779 711 706 761 598 637 578 574 774 832 986 914 993 871 878 703 653 613 765 790 871 1165 637 827 842 848 1022 1054 746 765 891 1001 747 791 570 916 863 728 478 561 541
772 506 381 360 537 553 552 458 257 429 420 228 427 343 414 530 552 310 375 503 578 732 696 727 720 686 720 699 732 749 678 686 736 610 678 657 701 935 903 1021 942 954 858 883 720 663 698 720 692 856 985 669 840 835 809 970 1054 723 701 845 901 648 761 490 833 772 624 445 615 420
920 796 633 546 753 690 713 552 435 637 556 419 641 469 567 789 751 491 470 681 686 863 872 910 903 839 879 877 944 983 889 883 943 849 980 950 1012 1235 1093 1105 997 972 901 926 852 816 961 960 880 1154 1289 966 1103 1145 1046 1169 1328 914 935 1094 1142 857 931 649 1006 884 806 626 872 585
