419 595 905 746 655 665 659 781 624 636 904 1082 702 808 732 863 907 787 778 789 699 841 916 777 928 927 1038 784 832 933 880 694 718 691 714 560 555 719 448 505 566 833 775 626 732 892 862 877 474 545 907 858 739 495 581 435 784 738 693 495 412 628 212 609 331 488 380 246 338 267
426 611 901 705 534 632 590 827 622 508 699 813 478 648 378 391 346 314 321 360 385 525 778 696 777 788 851 717 773 747 674 582 614 363 379 240 206 275 152 252 298 517 551 301 574 690 550 536 218 385 582 591 555 388 316 310 464 393 315 225 200 286 105 290 148 255 297 156 162 199
355 633 859 635 410 456 421 689 457 311 513 671 440 608 433 519 390 348 297 305 277 450 679 594 712 762 846 575 751 825 700 578 613 349 305 237 229 278 113 187 235 475 555 250 505 479 431 420 222 240 392 385 345 277 169 222 336 255 233 190 90 206 103 152 41 117 216 106 151 186
512 845 1035 744 611 659 605 914 445 458 730 1030 793 872 727 802 587 491 327 327 442 820 1127 1096 1248 1343 1463 1081 1288 1387 1215 1074 1170 744 651 507 566 539 345 567 549 1001 921 556 1068 1017 852 844 377 573 767 830 754 620 373 536 650 546 456 466 218 381 311 409 262 289 545 360 265 336
632 986 1114 1048 717 783 692 1044 589 340 457 578 379 649 432 524 445 468 419 376 341 467 617 612 707 736 876 664 745 836 736 741 678 482 347 426 363 318 169 209 448 566 498 340 670 617 645 584 334 369 577 560 430 342 202 182 437 484 429 429 111 263 240 401 156 353 217 196 368 276
515 793 1139 813 594 642 530 789 569 439 666 887 573 711 515 610 484 466 411 428 358 560 799 680 844 889 987 709 897 980 873 665 696 497 448 300 359 448 206 337 392 638 745 397 563 559 513 417 182 280 445 455 454 377 187 285 413 301 347 273 181 273 149 209 87 192 282 158 128 288
726 1042 1405 1126 878 903 763 990 748 594 757 948 695 877 738 836 643 724 621 557 536 753 988 794 1002 1114 1138 756 1076 1097 1010 818 777 558 564 448 511 670 471 397 488 758 1129 731 669 720 700 469 450 451 447 611 587 528 429 380 524 567 539 327 436 625 360 317 200 405 432 215 180 285
557 809 1133 902 655 759 696 1003 751 597 787 905 553 764 450 445 361 348 308 286 261 411 639 578 665 709 756 597 685 674 594 509 506 274 263 171 179 262 146 196 289 429 574 299 496 586 474 387 196 310 425 485 431 305 246 224 330 320 271 209 164 286 115 233 116 250 234 132 155 195
416 572 968 666 496 520 441 640 653 471 603 676 331 402 244 309 300 283 396 558 580 692 917 793 884 861 914 726 851 904 798 583 617 463 528 280 258 413 168 292 309 492 580 378 472 609 596 544 378 465 666 479 523 410 341 352 516 408 489 320 324 354 117 269 126 199 253 194 227 292
596 675 1166 864 744 839 750 844 902 804 988 1109 693 818 548 569 522 567 638 735 742 858 1178 940 1067 1086 1063 905 1066 951 938 696 715 532 694 395 403 649 460 497 444 726 1037 667 616 872 679 589 413 581 695 730 819 669 609 584 683 574 555 269 599 670 298 378 305 448 576 315 174 358
355 505 833 687 489 589 621 748 717 659 908 1086 712 914 632 734 667 624 642 676 552 658 887 714 795 850 842 587 742 731 728 538 501 413 525 428 401 653 402 382 329 606 844 513 556 736 509 636 471 420 625 546 551 468 493 454 524 449 437 222 390 663 262 323 212 376 500 312 275 211
731 920 1329 975 712 875 721 999 872 713 909 1144 782 940 542 593 412 464 501 634 638 838 1299 1152 1228 1263 1313 1116 1307 1267 1213 1004 997 718 728 549 531 657 409 606 535 847 1065 574 862 909 649 670 427 596 707 637 792 791 441 691 687 446 504 406 474 529 456 316 290 416 750 555 379 549
1095 1166 1739 1584 1290 1380 1239 1281 1452 1178 1298 1368 814 1094 705 782 942 1078 1269 1360 1050 940 1004 789 918 868 851 812 843 791 901 602 432 719 896 684 740 1088 719 708 897 840 1118 969 532 885 837 678 651 703 982 807 869 759 727 614 754 775 1009 664 876 1013 555 790 577 884 597 566 549 744
660 899 1347 1069 762 848 809 1085 1039 823 1000 1092 663 872 541 579 517 515 541 553 391 462 639 524 595 648 633 435 582 606 554 381 333 267 333 235 261 511 290 243 308 357 700 433 340 493 412 345 394 339 422 345 343 296 341 264 319 337 411 258 347 532 213 248 161 327 284 237 288 283
792 1008 1411 1210 885 969 792 980 867 625 760 928 557 822 488 568 530 657 700 741 589 669 855 717 870 886 927 743 890 893 897 662 534 542 572 436 501 661 360 439 605 702 911 620 544 670 610 443 347 422 598 539 582 544 308 378 443 417 583 402 407 532 338 387 229 461 385 320 259 465
615 740 1115 922 680 809 766 900 900 813 1060 1256 845 1102 691 716 651 675 691 736 603 720 968 838 942 985 957 783 913 852 869 618 545 473 589 415 488 691 443 550 540 739 995 607 639 827 565 579 438 496 672 629 690 638 486 602 477 369 486 326 471 661 382 385 339 468 593 460 295 480
845 969 1351 1209 883 1037 917 1079 1065 809 951 1100 679 965 499 567 580 685 824 957 779 783 1035 915 979 953 981 915 971 925 973 760 636 660 735 609 602 775 463 611 703 797 919 642 686 855 662 686 499 600 870 660 764 743 475 620 622 500 679 525 559 661 497 543 411 616 646 594 504 672
898 1043 1452 1379 1022 1181 1111 1263 1243 987 1148 1252 778 1145 650 700 751 849 945 955 664 598 736 599 669 671 657 610 638 565 657 491 323 451 554 511 518 767 507 477 640 621 881 650 486 724 556 532 472 475 700 603 622 564 505 455 495 512 632 431 559 763 447 557 406 690 523 469 462 541
716 827 1104 1190 895 1079 1106 1167 1081 1004 1271 1461 1029 1446 977 1072 1094 1126 1141 1066 760 736 871 696 776 815 801 678 702 603 748 617 431 559 676 725 691 950 708 612 700 847 1084 783 723 974 674 819 616 552 843 847 801 700 729 627 688 689 675 435 625 1002 558 696 525 848 749 563 533 464
741 903 1114 1261 895 1064 1198 1326 1284 1035 1228 1286 899 1320 885 1040 1105 1092 1193 1152 755 576 656 504 486 503 499 413 418 390 496 483 330 476 573 781 611 896 681 445 559 576 779 628 545 732 542 835 774 515 825 638 562 520 730 504 685 734 678 485 631 997 586 722 526 844 683 594 802 489
960 1175 1415 1491 1192 1248 1322 1303 1226 914 1063 1170 807 1201 836 980 1073 1171 1213 1176 758 619 586 457 607 649 605 457 583 566 643 453 346 495 650 636 745 980 683 590 822 845 948 845 491 703 598 591 531 455 794 662 583 527 499 424 416 585 710 517 617 867 565 760 549 751 540 492 477 689
963 1104 1364 1410 1203 1266 1274 1222 1137 836 928 1002 645 976 618 694 816 963 1055 1104 873 775 833 707 863 865 824 759 844 741 807 618 554 576 765 604 704 868 625 646 864 960 956 869 632 910 767 680 466 614 961 860 824 689 545 523 536 668 752 533 662 778 533 802 579 742 584 484 372 711
1011 1171 1380 1502 1258 1337 1359 1372 1197 920 1008 1059 684 1060 659 688 839 962 1033 1041 837 754 752 711 830 831 794 759 761 667 736 611 498 549 711 606 699 824 612 634 912 933 868 861 710 1014 866 782 551 694 1060 957 849 680 591 517 529 734 804 628 630 813 550 903 637 823 549 526 474 696
809 952 1267 1254 1001 1066 1082 1094 1090 853 1025 1132 709 1035 671 763 889 949 1032 1059 734 649 655 543 677 672 658 566 612 596 660 431 335 487 634 514 615 831 528 558 747 772 824 714 478 725 618 592 442 467 830 670 630 524 467 436 443 510 677 487 541 726 414 674 469 642 446 428 393 618
721 890 1154 1194 864 1007 1041 1136 1048 876 1128 1292 880 1296 847 951 995 1017 1030 954 569 501 564 437 533 560 570 465 491 462 561 418 270 416 489 546 566 779 529 472 628 670 835 594 494 664 476 570 425 340 648 600 540 475 471 417 442 455 525 378 446 742 426 574 412 668 510 430 451 491
991 1101 1391 1385 1150 1228 1323 1267 1352 1063 1257 1356 921 1264 831 932 1093 1134 1254 1322 892 719 727 619 740 717 686 666 698 666 740 488 457 604 791 655 782 997 692 774 927 936 915 807 553 785 624 694 514 552 985 747 746 672 570 634 527 536 745 617 710 821 600 843 692 774 668 661 575 945
914 1090 1375 1300 1013 1130 1217 1284 1267 1010 1241 1391 964 1314 815 883 928 947 991 1019 630 552 648 579 673 701 663 589 666 639 679 459 427 461 595 510 643 833 562 654 756 798 869 648 535 696 463 554 413 431 758 583 589 568 424 555 360 346 528 476 530 685 527 624 545 614 625 606 489 807
783 933 1319 1089 982 1058 1229 1291 1326 1098 1331 1402 907 1052 690 747 835 736 825 930 640 564 699 591 653 663 627 572 637 618 575 382 550 428 616 397 478 730 512 578 562 692 688 561 459 688 478 604 347 471 816 606 597 446 502 487 495 471 493 406 558 609 345 610 510 480 561 464 408 655
944 1076 1527 1266 1124 1245 1376 1471 1505 1327 1605 1715 1139 1329 855 859 944 850 913 981 661 613 755 665 728 742 695 682 700 649 643 424 543 476 658 424 554 818 596 703 695 775 838 653 550 813 542 628 372 538 860 712 713 559 581 601 527 487 554 482 634 712 429 681 611 611 660 579 464 761
794 894 1396 1076 935 1046 1062 1193 1253 1144 1410 1535 977 1132 715 686 738 675 736 819 638 690 877 771 859 860 833 785 812 757 740 481 546 473 630 328 450 692 469 622 608 718 856 606 560 831 602 581 345 546 796 710 743 577 548 585 533 444 544 419 562 629 316 536 471 507 548 461 326 609
914 997 1509 1175 1083 1164 1148 1257 1298 1230 1490 1619 1047 1169 788 729 818 757 814 916 800 898 1049 976 1094 1079 1060 1018 1015 966 938 641 711 643 808 416 593 800 561 798 813 931 977 777 747 1060 853 752 441 739 1028 948 962 740 669 723 668 597 732 602 676 715 396 717 615 623 615 557 381 745
1060 1146 1633 1282 1219 1294 1288 1427 1412 1423 1710 1882 1288 1369 978 885 969 863 896 1027 989 1181 1332 1338 1444 1435 1417 1344 1317 1299 1242 919 997 895 1054 605 830 999 728 1084 1070 1231 1165 989 1100 1430 1168 1088 682 1046 1381 1245 1241 997 869 1000 866 788 965 883 825 897 588 956 842 789 834 828 593 958
948 1039 1501 1170 1179 1208 1109 1248 1105 1270 1575 1808 1263 1277 1077 1023 1095 972 950 1045 1155 1483 1614 1586 1756 1740 1803 1619 1586 1617 1548 1224 1268 1174 1264 795 981 1106 810 1172 1184 1477 1335 1166 1388 1715 1536 1378 811 1222 1588 1562 1491 1144 1038 1075 1180 1101 1194 1024 867 1007 587 1090 854 889 849 775 590 813
800 942 1471 1036 941 956 771 1025 939 893 1080 1221 718 696 532 515 576 511 589 764 870 1117 1295 1248 1380 1322 1431 1284 1282 1371 1249 959 1008 905 927 503 596 711 405 736 799 968 880 745 934 1154 1149 939 536 881 1173 1023 1025 770 625 667 893 774 921 776 574 569 291 687 458 520 451 459 418 596
763 912 1414 982 946 940 830 1042 947 965 1183 1360 854 785 653 653 693 582 633 823 949 1244 1420 1384 1515 1491 1566 1338 1387 1492 1353 1032 1121 975 1046 586 713 864 523 862 852 1119 1001 872 1068 1321 1244 1105 665 998 1320 1125 1110 846 731 781 953 859 991 832 648 712 366 771 542 548 579 560 462 618
935 1110 1626 1228 1094 1074 879 1142 1036 1061 1271 1466 955 946 821 828 880 801 839 984 1077 1394 1482 1472 1624 1594 1692 1428 1455 1618 1502 1153 1113 1131 1149 742 889 1041 638 968 1057 1218 1157 1045 1180 1424 1442 1214 878 1124 1432 1234 1192 959 836 864 1045 988 1229 1051 750 894 506 911 638 736 598 680 644 732
818 1051 1506 1134 937 966 769 1074 862 886 1110 1345 919 1003 804 790 697 675 611 652 761 1124 1313 1277 1440 1487 1544 1223 1354 1441 1334 1045 974 855 853 549 694 819 515 744 810 1032 1174 883 1052 1224 1150 908 682 870 1010 1007 974 815 646 708 771 738 886 731 551 751 428 607 434 566 541 512 411 508
1090 1295 1839 1453 1285 1305 1077 1309 1144 1220 1466 1716 1237 1339 1149 1117 1036 1052 955 936 1016 1385 1536 1434 1659 1726 1743 1405 1563 1598 1537 1191 1089 1039 1092 729 938 1137 832 990 1075 1297 1584 1251 1213 1474 1397 1035 866 1071 1162 1293 1252 1050 939 917 979 1004 1147 890 862 1102 637 842 671 858 749 655 494 673
1025 1264 1819 1382 1193 1230 1047 1433 1227 1315 1587 1789 1256 1304 1119 1073 1013 904 823 808 895 1265 1401 1366 1500 1543 1613 1314 1368 1483 1368 1116 1055 994 970 685 802 993 719 868 934 1077 1290 1043 1179 1399 1368 1110 910 1064 1176 1222 1129 896 943 832 1029 1028 1113 941 759 1012 538 829 630 807 647 639 660 581
804 1081 1597 1104 882 955 850 1331 1129 1195 1503 1699 1197 1235 1000 951 805 625 527 514 587 959 1185 1172 1237 1306 1370 1062 1148 1279 1116 924 928 736 681 477 538 720 505 635 600 759 1028 700 982 1102 1014 901 760 825 869 884 818 659 740 684 807 731 766 699 527 769 388 527 432 536 551 537 594 426
1263 1531 2128 1688 1354 1540 1469 2020 1800 1758 2087 2224 1528 1711 1185 1061 1036 853 796 722 563 757 909 961 944 977 1030 971 853 920 847 747 706 678 616 520 581 798 625 722 801 688 941 708 909 1102 945 865 720 830 938 939 840 658 814 692 796 776 827 848 647 880 525 773 669 847 643 730 853 690
1356 1629 2269 1795 1415 1595 1535 2106 1984 1852 2147 2214 1513 1715 1168 1027 1010 844 820 747 537 661 795 837 803 833 855 833 732 793 711 615 575 566 524 441 500 753 611 644 739 519 886 663 739 928 828 713 739 776 812 795 719 580 798 643 702 705 792 816 687 876 532 718 665 830 587 719 891 747
1117 1380 2041 1504 1196 1344 1347 1818 1801 1677 2000 2090 1425 1571 1096 1009 942 765 729 673 426 539 719 668 672 737 718 616 644 695 597 437 483 404 429 295 378 701 547 526 513 414 879 566 516 691 561 491 569 555 556 556 530 425 665 529 545 509 568 543 607 777 396 481 497 598 525 545 645 597
1522 1744 2424 1938 1683 1887 1957 2294 2290 2242 2629 2758 2070 2317 1723 1578 1442 1322 1185 1001 707 814 1054 909 965 1116 974 871 986 850 833 667 718 556 704 552 717 1118 1077 912 834 833 1562 1069 824 1103 769 660 801 817 688 976 954 830 1120 941 774 812 742 633 1066 1311 815 783 914 1035 1053 859 762 883
1265 1484 2086 1565 1457 1638 1724 2041 1911 2029 2474 2683 2065 2197 1735 1599 1392 1202 990 819 710 979 1311 1159 1248 1419 1317 1114 1269 1139 1066 903 1052 689 813 586 739 1064 1053 977 789 1039 1628 1072 1086 1329 927 866 762 900 799 1173 1127 923 1165 1033 934 900 697 597 989 1235 745 763 877 925 1129 806 633 736
981 1275 1751 1192 1079 1261 1365 1781 1504 1698 2231 2561 2025 2109 1706 1649 1348 1048 769 605 502 876 1270 1168 1243 1422 1428 1126 1296 1295 1153 1012 1218 762 741 607 717 932 877 928 669 1047 1449 818 1183 1221 812 922 637 739 717 1030 975 822 949 977 914 723 506 558 698 959 641 597 713 698 1085 772 636 645
951 1225 1610 1176 1072 1263 1403 1725 1421 1711 2348 2793 2267 2409 2026 2080 1810 1462 1152 942 678 1024 1356 1212 1322 1488 1562 1223 1353 1406 1334 1165 1336 1036 970 937 1028 1244 1097 1162 902 1356 1631 973 1380 1364 926 1190 730 764 917 1215 1129 974 1080 1136 1147 875 663 712 784 1147 796 816 866 911 1288 933 811 773
852 1124 1478 1156 959 1107 1144 1400 1155 1333 1903 2317 1877 2121 1821 1960 1756 1517 1253 1006 625 853 1068 856 1037 1155 1286 962 1090 1181 1163 975 1027 940 823 879 942 1137 941 931 841 1170 1467 853 1064 988 758 909 563 484 669 977 890 781 850 856 989 734 617 600 642 977 659 689 666 836 979 676 670 671
912 1116 1544 1201 959 1111 1043 1275 1190 1224 1696 1985 1576 1878 1555 1639 1487 1370 1194 963 589 696 923 652 854 912 1036 865 961 963 972 791 807 752 651 667 703 872 771 720 722 894 1323 698 753 687 582 558 373 325 408 799 784 690 730 712 849 574 500 442 627 778 545 527 557 762 776 487 515 680
1035 1241 1621 1345 1119 1231 1137 1360 1226 1150 1497 1648 1306 1626 1350 1361 1276 1237 1091 858 601 656 823 598 813 844 952 870 928 872 855 749 772 646 565 541 581 661 677 598 732 803 1162 684 690 670 675 477 336 382 423 875 807 648 708 601 775 639 522 460 626 667 498 593 579 768 609 366 445 687
940 1132 1462 1231 1089 1140 1100 1267 1120 1030 1309 1386 1056 1320 1102 1060 1053 1012 895 722 579 644 733 592 806 826 890 824 859 798 740 628 697 516 512 370 471 515 545 529 697 761 951 648 641 720 742 487 301 445 546 914 792 559 638 507 630 613 514 450 547 556 371 626 557 646 435 265 313 620
822 1034 1345 1111 954 1002 994 1222 1071 975 1238 1275 965 1210 1018 970 942 866 753 582 482 556 653 532 703 731 790 704 743 703 612 551 627 403 387 289 336 386 450 383 528 577 801 519 566 630 670 458 334 409 465 804 664 441 611 423 577 577 434 382 467 501 294 527 467 550 347 198 324 487
911 1158 1484 1203 1051 1058 1067 1268 1162 1004 1254 1277 1007 1225 1108 1110 1062 993 879 705 549 586 670 500 701 744 798 663 785 776 659 574 694 458 448 353 411 491 544 416 556 610 892 598 520 535 650 416 383 390 414 750 623 437 634 429 605 614 476 410 557 556 363 541 502 562 382 212 365 576
708 910 1267 918 810 782 726 937 910 886 1154 1218 995 1122 1146 1168 1053 960 846 714 721 892 1044 824 1041 1084 1157 895 1080 1108 961 812 904 641 624 465 476 578 592 485 524 711 1089 699 708 719 859 623 612 566 529 870 786 603 810 608 836 750 620 464 642 688 387 499 470 546 467 250 399 481
825 1026 1428 953 864 774 633 907 937 962 1224 1297 1101 1111 1280 1313 1186 1053 962 903 1027 1299 1455 1251 1486 1495 1628 1295 1492 1626 1405 1185 1286 1026 951 703 710 780 732 736 752 957 1290 906 1014 970 1241 943 934 887 845 1109 1052 870 1037 886 1175 999 963 811 846 837 552 677 634 669 603 464 660 709
792 1028 1374 959 807 754 661 964 926 1083 1467 1659 1432 1536 1607 1640 1454 1263 1061 894 913 1257 1368 1213 1450 1516 1632 1220 1416 1582 1399 1155 1178 1004 899 750 825 912 822 831 824 1038 1433 953 1113 1044 1204 993 1000 843 810 1123 1019 884 1057 961 1086 911 923 826 789 972 633 689 682 737 693 579 725 711
454 688 992 600 445 374 295 620 584 631 894 1031 823 844 919 968 822 655 578 596 733 1069 1221 1148 1303 1335 1442 1035 1230 1434 1208 970 1008 782 714 510 533 600 423 545 519 752 946 620 900 865 1007 888 844 737 796 802 743 639 705 695 815 656 738 654 483 619 353 435 365 359 411 400 544 460
362 595 789 507 401 350 329 597 422 442 663 811 604 636 624 642 541 400 336 414 608 946 1106 1128 1260 1292 1374 1020 1173 1327 1110 902 974 659 640 389 458 448 264 509 504 799 732 516 923 950 955 893 641 711 898 813 729 584 505 596 622 533 599 572 300 422 252 439 312 237 352 356 375 402
322 577 646 496 450 383 440 687 382 493 720 862 733 760 853 898 771 588 465 478 765 1148 1291 1306 1429 1500 1576 1134 1306 1452 1227 1116 1192 798 784 617 611 593 471 591 565 981 886 708 1200 1247 1223 1237 918 929 1118 1110 926 715 789 726 878 881 763 684 433 687 393 651 458 423 528 439 527 320
351 581 787 509 394 385 336 633 406 519 766 980 767 799 761 782 599 466 368 429 700 1130 1385 1375 1492 1562 1629 1199 1395 1517 1322 1122 1143 788 770 544 572 599 402 614 536 945 991 665 1152 1201 1099 1082 815 867 995 964 899 765 677 764 798 689 694 608 403 633 374 470 354 349 565 479 445 341
335 610 783 532 409 391 378 697 404 422 629 784 588 627 598 628 476 342 253 300 533 893 1111 1121 1223 1286 1366 982 1156 1287 1072 944 1009 623 585 411 414 414 262 423 405 755 728 493 962 984 938 917 643 702 847 807 700 549 509 534 647 602 549 504 260 443 244 400 251 239 383 317 365 245
297 513 722 551 491 456 466 676 455 474 645 745 526 544 604 688 616 498 473 529 748 1023 1198 1108 1214 1256 1326 951 1111 1207 1043 935 991 691 724 551 472 570 405 423 410 790 790 639 935 1068 1055 1054 762 791 985 938 808 581 710 534 860 874 722 518 435 659 260 543 303 387 424 273 396 145
233 387 558 425 409 372 439 553 424 470 674 764 551 613 622 658 619 499 465 513 698 939 1086 1010 1139 1177 1201 885 1028 1066 922 774 855 548 644 411 408 485 366 433 405 772 756 584 840 1007 935 935 644 707 920 915 794 561 664 558 699 697 588 414 404 587 222 508 336 331 401 250 276 215
341 572 604 543 504 442 598 809 553 556 716 747 598 641 686 713 675 492 452 516 770 1026 1125 1175 1232 1280 1311 969 1085 1196 979 933 1042 648 707 557 510 515 429 501 497 829 651 626 1058 1179 1138 1227 932 937 1181 1048 845 615 784 649 798 882 735 663 447 671 371 712 496 425 481 443 585 337
318 550 642 543 433 423 412 652 333 297 447 541 390 499 468 499 427 353 305 342 575 839 1016 1013 1121 1147 1238 950 1055 1121 955 895 933 576 554 418 372 321 226 348 418 735 608 460 910 969 945 912 566 673 882 875 736 535 499 459 654 657 542 467 246 391 215 477 263 300 324 235 319 216
310 527 644 441 412 327 349 502 326 311 461 572 472 477 562 621 503 418 375 486 768 1083 1287 1244 1398 1449 1492 1088 1338 1433 1211 1026 1142 709 764 489 517 511 364 528 491 920 849 646 999 1055 1041 993 731 810 982 915 839 680 608 655 723 688 648 534 416 520 326 493 350 261 466 351 330 372
248 380 552 444 372 388 448 616 509 622 868 965 745 880 809 797 705 579 508 487 684 953 1137 1059 1158 1218 1218 909 1033 1024 912 798 808 509 596 433 398 490 433 440 383 722 880 602 902 1075 940 962 767 750 864 961 843 636 799 668 735 713 576 399 459 723 305 489 384 431 504 332 366 198
222 377 547 414 379 373 441 635 473 584 815 909 683 741 738 754 680 516 465 490 731 1022 1205 1144 1227 1275 1308 976 1088 1131 982 885 939 610 676 497 430 514 423 459 392 772 808 607 980 1146 1042 1098 808 826 999 1015 876 634 814 657 843 823 655 483 453 706 282 551 383 416 497 338 420 172
328 579 681 536 392 397 466 754 494 533 762 888 704 832 728 716 571 428 314 306 501 822 1001 1040 1118 1203 1225 871 1023 1102 919 826 857 483 493 375 390 397 310 413 393 697 731 491 934 994 877 909 716 700 820 820 681 543 581 579 552 558 491 463 284 537 303 431 330 303 427 373 411 269
510 769 944 668 478 473 488 860 681 720 945 1082 882 964 844 798 602 453 353 400 651 1047 1268 1346 1407 1495 1504 1110 1302 1426 1197 1033 1047 662 658 476 530 545 413 603 538 808 929 631 1108 1141 1043 1033 962 919 962 886 811 742 710 815 662 607 670 675 444 673 477 486 455 376 580 611 615 502
