33498 30575 29693 25187 25444 25302 25338 25731 25856 26263 26506 26426 26670 26896 26909 27142 27551 27616 28042 28160 28417 28585 29210 29906 30617 31015 31247 31610 32084 32576 32886 33216 33500 33903 34540 35267 34514 34634 34496 32112 32115 32011 32037 32117 31756 31696 31848 31958 32124 32190 26809 27049 27217 25754 25824 25943 26207 22971 21559 21671 21233 21392 19993 20124 20561 20894 20902 21000 21333 20326
33174 30387 29479 25102 25096 25100 25205 25301 25690 26001 26313 26110 26529 26680 26961 27167 27361 27611 27806 28019 28223 28461 29023 29734 30417 30757 31063 31559 32134 32703 33121 33703 34296 35007 35755 36357 33828 33955 33816 31560 31554 31580 31562 31625 31210 31111 31300 31446 31551 31830 26366 26675 26962 25289 25513 25651 25866 22718 21274 21370 20695 20745 19496 19671 19992 20253 20274 20527 20459 19971
32914 30187 29276 24909 24879 24977 24916 25150 25305 25718 25811 26052 26453 26764 26917 27081 27319 27466 27655 27891 28159 28367 28805 29450 30131 30565 30938 31501 32154 32753 33173 33727 34331 35094 35941 36416 33269 33376 33171 31034 31079 31061 31055 31262 30773 30676 30881 31134 31346 31719 26109 26435 26537 24899 25021 25167 25274 22347 20978 21061 20236 20267 19267 19369 19650 19945 20134 20030 20519 19749
32675 30093 29194 24783 24800 24757 24960 25043 25296 25415 25837 26242 26497 26918 27080 27322 27696 28048 28479 28686 28982 29172 29790 30654 31535 31684 31738 32138 32689 33316 33672 34114 34575 35019 35623 36209 32611 32776 32522 30472 30452 30450 30542 30735 30214 30114 30354 30685 30973 31419 25724 25912 26253 24415 24611 24685 24769 22021 20683 20694 19966 20283 19028 19068 19403 19642 19631 20325 20486 19544
32192 29909 29017 24498 24445 24666 24835 24973 25008 25500 25767 25935 26476 26818 27087 27370 27717 28029 28213 28620 29012 29335 29828 30576 31035 31159 31341 31827 32507 33092 33487 33995 34428 34963 35735 36454 31981 32039 31786 29895 29873 29930 30055 30226 29553 29594 29890 30280 30571 30981 25166 25616 25734 23823 23932 23941 24116 21534 20219 19992 19562 19530 18398 18555 18728 18872 19516 19623 19776 19037
31860 29701 28783 24223 24301 24517 24599 24617 24885 25269 25597 25891 26382 26846 27103 27359 27735 27933 28238 28586 28982 29304 29788 30218 30640 30870 31184 31765 32384 32922 33268 33679 34119 34707 35441 36070 31078 31116 30884 29110 29177 29297 29332 29546 28868 28908 29187 29555 29903 29927 24527 24827 25264 23138 23279 23375 23537 21187 19960 19539 19285 19213 18147 18189 18360 18901 19053 19177 19308 18832
31579 29571 28635 24106 24225 24383 24320 24735 24943 25128 25568 25813 26401 26996 27115 27379 27780 27985 28201 28533 29036 29315 29523 29907 30397 30787 31234 31890 32741 33500 34088 34797 35063 35411 35747 35966 30603 30540 30407 28716 28860 28879 28983 29126 28456 28523 28876 29288 29427 29282 24192 24700 25070 22663 22814 22937 23007 20833 19619 19077 18919 18808 17832 17774 18243 18498 18805 18706 18852 18589
31218 29350 28305 23865 23864 23931 24238 24554 24801 25334 25856 26091 26541 26826 27086 27373 27697 28033 28164 28532 28857 29169 29617 30348 31176 31686 32092 32648 33235 33766 34128 34292 34494 34779 35130 35361 30080 30151 30032 28350 28361 28431 28399 28519 27910 27965 28221 28383 28375 28243 23520 23919 24153 21708 21916 22016 22375 20202 19119 18453 18508 18508 17414 17583 18026 18209 18281 18305 18294 18422
31007 29180 28109 23694 23659 23950 24212 24376 24805 25481 25899 26194 26535 26852 27153 27399 27692 27894 28182 28483 28907 29346 30089 31050 31986 32685 33300 34065 34841 35571 33733 33904 34105 34450 34890 34845 29670 29775 29576 27979 28036 28007 27938 28006 27494 27515 27673 27786 27798 27586 23147 23397 23843 21145 21272 21581 21842 19781 18775 18017 18088 18217 17198 17416 17725 18052 17922 17907 18403 18326
30819 28926 27895 23503 23643 23888 24023 24483 24915 25298 25944 26075 26707 27080 27211 27428 27762 28163 28591 29058 29512 29956 30691 31642 32642 33479 34210 34699 35379 36043 33172 33323 33425 33734 33914 34084 28968 29035 28913 27420 27507 27541 27554 27748 27165 27196 27387 27458 27642 27207 22975 23298 23674 20729 21000 21244 21514 19437 18426 17605 17801 17779 17000 17077 17374 17618 17418 17847 17973 18117
30414 28503 27459 23186 23399 23477 23813 24125 24440 25080 25640 25989 26615 26690 27003 27277 27759 28079 28531 28924 29323 29792 30610 31564 32618 33441 33802 34456 35243 35843 32556 32622 32728 32944 33377 33507 28476 28585 28418 26976 27027 27047 27198 27388 26757 26759 26936 27236 27447 26821 22705 22997 23199 20190 20338 20639 20767 18814 17921 17100 17222 17196 16676 16703 16972 17147 17377 17556 17717 17973
30056 28198 27296 23033 23068 23569 23744 23946 24458 24982 25585 26032 26264 26801 27006 27314 27776 28238 28570 29215 29607 30205 31123 32044 32541 32996 33460 34225 34914 35441 31900 32003 32102 32405 32813 32721 27891 28047 27850 26466 26480 26562 26610 26776 26070 26035 26475 26791 26764 26110 22196 22458 22902 19700 20000 20210 20229 18454 17625 16897 16827 17044 16452 16515 16756 17223 17310 17378 17797 18195
29377 27586 26855 22504 22797 22991 23454 23860 24059 24611 25264 25237 26044 26287 26733 27071 27665 27816 28399 28819 29468 30064 30710 31157 31802 32376 32856 33530 34204 34906 30939 31019 31197 31594 32012 31833 27220 27228 27082 25782 25839 25871 25945 26169 25426 25695 26062 26231 26175 25437 21730 22128 22546 19067 19187 19300 19354 17704 16996 16248 16747 16447 16069 16329 16590 17091 16889 17348 17675 17762
28902 26879 26139 22086 22180 22511 22832 23007 23379 23919 24510 24808 25359 25857 26215 26614 27134 27552 27880 28301 28849 29409 29655 30266 31107 31725 32336 33137 33954 34656 30182 30320 30471 30729 31103 30720 26484 26510 26431 25157 25228 25299 25395 25672 24874 25022 25386 25654 25316 24757 21178 21594 22083 18440 18561 18684 18815 17215 16556 15870 16070 15882 15812 15960 16364 16390 16771 16976 17330 17496
28694 26584 25896 21903 22044 22411 22618 22988 23476 23867 24602 25007 25846 26314 26730 27224 27873 28069 28172 28469 29011 29118 29501 30212 31025 31770 32530 33308 33894 34714 29597 29688 29809 30118 30500 29983 26048 26072 26117 24823 24876 24920 25011 25212 24386 24525 24839 25109 24544 23958 20656 21060 21292 17705 17863 18042 18140 16743 16108 15477 15563 15668 15632 15799 16029 16531 16754 17043 17344 17535
28362 26219 25528 21655 21845 22023 22459 22951 23155 23785 24530 24965 25646 26225 26766 27319 27721 27695 27843 28251 28416 28715 29207 29967 30947 31828 32372 32963 33983 34765 28988 29063 29194 29446 29742 29111 25489 25603 25610 24361 24399 24474 24542 24730 23943 24014 24309 24524 23784 23250 20214 20495 20757 17180 17392 17649 17553 16381 15839 15136 15385 15540 15481 15639 16075 16303 16635 16823 17290 17335
27927 25767 25184 21362 21470 21860 22448 22499 22969 23609 24381 24800 25740 26323 26938 27009 27193 27210 27589 27744 28060 28246 28752 29617 30751 31420 31824 32901 33827 33793 28278 28376 28500 28735 29096 28389 24981 25116 25055 23866 23858 23874 23929 24230 23287 23393 23784 23985 23186 22621 19748 20035 20417 16747 16950 17176 16965 15934 15472 14829 15053 15372 15221 15518 15702 16308 16436 16819 16993 17314
27347 25090 24656 20871 21089 21595 21821 22137 22385 23124 23946 24548 25506 26120 26272 26281 26585 26729 26819 27090 27272 27419 27960 29063 30017 30580 31470 32494 33189 32590 27342 27443 27497 27718 27965 27280 24128 24179 24141 23037 23039 23105 23293 23731 22579 22786 23174 23435 22493 21941 19252 19685 20005 16311 16480 16567 16376 15467 15092 14488 14876 15041 15112 15336 15687 16043 16314 16478 16868 17102
26892 24512 24148 20508 20897 21056 21377 21532 22041 22783 23891 24432 25362 25558 25566 25684 26209 26087 26265 26364 26476 26882 27713 28565 29409 30451 31341 32117 32462 31632 26603 26624 26703 26834 27286 26347 23470 23554 23483 22412 22400 22517 22779 22972 21873 22010 22434 22776 21580 21096 18626 19042 19079 15728 15906 15832 15730 15024 14751 14240 14651 14981 15005 15281 15620 16037 16134 16491 16899 17147
26252 23914 23679 20158 20362 20681 20710 21081 21704 22866 23714 24232 24821 24909 25031 25280 26227 25426 25549 25701 26029 26535 27219 27931 29196 30228 30874 31267 31607 30566 25818 25916 25992 26287 26968 25430 22726 22827 22703 21671 21677 21848 21775 22012 20843 21022 21552 21897 20458 20042 17772 18222 18084 15126 15183 15108 15107 14576 14457 14090 14508 14718 14938 15185 15624 15925 16232 16532 16883 17206
25561 23195 23169 19670 19888 20020 20195 20704 21548 22464 23423 23688 24066 24297 24571 25252 25524 24692 24904 25220 25531 25925 26456 27624 28844 29653 29902 30242 30393 29293 24804 24864 25031 25425 26021 23973 21492 21555 21509 20499 20626 20663 20436 20591 19502 19791 20346 20583 19014 18632 16693 17032 16830 14302 14316 14408 14522 14049 14013 13913 14324 14696 14888 15224 15827 16452 16942 17469 18172 18399
25119 22728 22635 19315 19452 19531 19867 20540 21280 22056 22951 22917 23383 23857 24486 24483 24681 24112 24360 24570 24931 25190 26140 27214 28433 28838 29118 29670 29335 28339 24095 24227 24395 24708 25082 22757 20466 20550 20552 19569 19661 19562 19293 19336 18453 18665 19201 19434 17779 17479 15860 16145 15989 13872 14006 14202 14253 13836 13790 13853 14339 14825 15006 15237 15861 16653 16904 17491 17992 18175
24680 22229 22000 18868 19019 19134 19638 20079 20663 21484 22132 22244 23085 23704 23725 23759 23958 23536 23671 23980 24213 24712 25525 26649 27554 28004 28540 29301 28288 27411 23374 23522 23585 23806 24218 21632 19449 19518 19584 18613 18637 18496 18271 18340 17623 17839 18385 18555 16936 16706 15302 15625 15397 13614 13747 13841 13839 13583 13632 13808 14291 14821 14842 15203 15865 16479 16726 17270 17663 17833
24276 21716 21365 18410 18627 18890 19215 19462 20100 20728 21503 22014 23013 23289 22981 23030 23301 22857 23077 23294 23775 24145 24942 25715 26702 27413 28167 28692 27267 26465 22615 22679 22733 23023 23472 20566 18448 18546 18540 17675 17678 17486 17282 17402 16762 16996 17453 17624 16022 15829 14634 14913 14644 13272 13336 13395 13352 13457 13580 13700 14222 14637 14704 15122 15689 16247 16448 16889 17362 17488
23936 21297 20913 18147 18434 18601 18729 19189 19627 20287 21358 22006 22941 22580 22352 22411 22703 22355 22529 22915 23282 23741 24241 25139 26272 27205 27683 27822 26388 25675 22048 22076 22150 22361 23022 19576 17625 17726 17838 16930 16863 16657 16451 16654 16007 16208 16738 16675 15195 15076 14098 14487 14039 13008 13108 13076 13302 13408 13610 13702 14178 14543 14730 15063 15521 15995 16310 16660 17135 17321
23456 20845 20533 17896 18056 18145 18473 18816 19310 20386 21466 21906 22595 21857 21767 21810 22149 21805 22167 22512 22957 23214 23872 24892 26139 26785 26815 26835 25457 24853 21473 21528 21620 22040 22599 18664 16881 17075 17129 16204 16110 15811 15485 15584 15060 15326 15814 15471 14114 14057 13360 13516 13213 12553 12603 12892 13125 13388 13742 13948 14645 15337 15628 16217 17027 17937 18312 19001 19694 20112
22882 20193 19868 17398 17539 17630 17845 18061 18839 19750 20859 21253 21764 20870 20803 20920 21210 21077 21419 21799 22058 22217 22880 24045 25237 25716 25537 25643 24362 23872 20741 20793 20927 21189 21208 17424 15737 15929 16070 15076 14878 14552 14258 14403 13978 14203 14659 14329 13207 13226 12722 12911 12710 12370 12627 13022 13351 13668 14044 14271 14883 15474 15728 16229 16905 17724 18207 18802 19498 19983
22350 19628 19356 16960 17039 17088 17341 17861 18479 19370 20301 20567 20762 19964 20018 20085 20365 20449 20792 21042 21241 21498 22272 23315 24287 24868 24359 24389 23247 22869 20008 20103 20169 20476 19973 16426 14841 15090 15192 14158 13877 13458 13134 13191 12942 13128 13576 13191 12312 12360 12058 12126 12099 12259 12605 13063 13560 13947 14495 14899 15710 16583 16955 17540 18485 19475 19920 20652 21368 21955
21917 19168 18882 16561 16733 16768 17146 17440 18075 18862 19729 19822 19975 19255 19338 19465 19797 19883 20195 20402 20652 20900 21568 22417 23563 24200 23370 23404 22398 22104 19451 19514 19593 19826 18947 15612 13984 14225 14322 13283 12899 12496 12204 12290 12100 12311 12692 12382 11749 11786 11622 11717 12018 12271 12634 13162 13771 14260 14885 15334 16319 17258 17593 18257 19234 20223 20605 21341 22006 22516
21407 18601 18316 16113 16291 16406 16646 16967 17548 18208 19091 18901 19095 18457 18556 18728 19057 19151 19385 19662 19954 20174 20592 21576 22797 23647 22305 22370 21530 21328 18885 18969 19040 19192 18084 14984 13314 13494 13615 12543 12094 11642 11327 11403 11276 11421 11778 11563 11168 11191 11128 11525 11955 12158 12582 13173 13834 14314 14855 15340 16260 17141 17540 18227 19166 20142 20579 21246 21937 22397
21023 18132 17848 15783 15981 15994 16302 16655 17177 17917 18710 18235 18422 17866 18009 18235 18493 18586 18859 19135 19414 19482 20090 21195 22516 23345 21430 21455 20776 20657 18400 18480 18461 18491 17337 14491 12874 13052 13240 12071 11580 11096 10773 10808 10756 10929 11328 11029 10802 10819 11056 11454 11821 12038 12535 13189 13901 14399 14975 15589 16645 17737 18278 19187 20362 21622 22255 23190 24152 24758
20611 17612 17268 15387 15604 15554 15905 16163 16814 17472 18051 17515 17615 17254 17428 17607 17847 17977 18238 18499 18672 18871 19570 20784 22177 22152 20494 20536 20043 19988 17898 17949 17885 17770 16624 14015 12405 12626 12771 11584 11068 10572 10274 10284 10320 10552 10687 10576 10500 10759 11045 11348 11708 11989 12635 13413 14251 14852 15570 16277 17519 18809 19431 20418 21636 22988 23596 24632 25924 26675
20049 16926 16566 14818 15159 14978 15402 15701 16251 16690 17127 16586 16754 16532 16634 16776 17012 17129 17398 17612 17966 18111 18838 20090 21018 20653 19270 19296 19068 19046 17152 17158 17135 16945 15843 13500 11827 11989 12070 10981 10494 9981 9717 9708 9849 9860 10108 10175 10351 10592 10893 11135 11570 12053 12803 13548 14417 14916 15462 16294 17384 18645 19190 20182 21402 22693 23388 24651 25806 26327
19465 16333 15904 14340 14460 14592 14930 15247 15747 16168 16308 15857 16048 15943 16031 16159 16307 16443 16691 17078 17405 17584 18494 19348 19658 19460 18252 18330 18240 18229 16509 16602 16585 16383 15307 13039 11288 11416 11368 10493 10084 9624 9379 9378 9392 9556 9797 9973 10186 10417 10602 10933 11478 11999 12706 13436 14307 14800 15356 16178 17132 18205 18824 19834 20994 22310 23233 24300 25449 26069
19137 15910 15436 14008 14177 14308 14703 15114 15407 15580 15794 15374 15481 15509 15643 15754 15919 16086 16432 16663 16990 17563 18071 18402 18744 18594 17528 17621 17583 17622 15993 16049 16008 15679 14569 12432 10769 10928 10775 10084 9725 9401 9255 9250 9437 9699 10033 10226 10456 10747 11031 11358 11903 12414 13088 13816 14656 15132 15715 16543 17498 18688 19407 20466 21725 23118 24080 25221 26470 27228
18774 15482 14996 13660 13901 14101 14647 14767 14829 15035 15058 14817 15024 15129 15251 15314 15518 15748 15996 16273 16979 17365 17009 17316 17590 17559 16642 16761 16800 16941 15352 15379 15383 14957 13819 11835 10212 10245 10138 9648 9326 9143 9085 9172 9455 9717 10107 10479 11001 11538 12040 12694 13595 14368 15252 16093 17023 17553 18164 19066 20103 21264 22069 23277 24602 25856 26641 27531 28616 28966
18365 14949 14469 13276 13497 13905 14224 14255 14486 14388 14463 14268 14506 14758 14709 14781 15090 15312 15545 16116 16665 16816 16033 16279 16544 16711 15708 15901 16016 16136 14601 14658 14672 14170 12949 11074 9625 9580 9549 9247 8989 8943 8970 9153 9377 9711 10182 10730 11356 12032 12578 13422 14456 15296 16322 17300 18298 18876 19415 20208 21013 21845 22492 23389 24427 25430 26343 27176 28210 28722
18006 14566 14084 12981 13344 13624 13869 14129 14095 14008 14259 13894 14240 14401 14329 14523 14769 15083 15601 16012 16321 16336 15418 15578 15958 16176 14974 15124 15257 15406 13908 13940 13972 13423 12218 10514 9280 9214 9214 9041 8807 8783 8857 9055 9404 9858 10481 11136 11944 12764 13499 14608 15909 17002 18302 19537 20788 21587 22308 23290 24381 25399 26271 27352 28648 29824 30868 31860 33082 33718
17505 14035 13453 12573 12879 13061 13425 13438 13550 13648 13816 13441 13686 13779 13870 13992 14354 14993 15267 15447 15624 15633 14732 14969 15378 15834 14165 14324 14504 14644 13169 13216 13253 12656 11529 9966 8989 8978 9014 8895 8645 8614 8699 9014 9411 9850 10404 11098 11957 12847 13632 14783 16206 17466 18897 20211 21622 22489 23343 24441 25674 26728 27535 28645 29899 30937 31848 32681 33646 33955
17021 13494 12900 12168 12353 12695 12830 13029 13250 13363 13514 13044 13164 13410 13388 13654 14194 14691 14779 14849 15013 15039 14167 14451 15093 15651 13458 13688 13801 13830 12451 12525 12580 11982 10914 9447 8669 8720 8763 8722 8534 8535 8762 9180 9651 10123 10696 11393 12185 13102 13847 14933 16313 17544 18950 20261 21644 22528 23427 24460 25572 26585 27425 28487 29747 30714 31685 32414 33362 33839
16582 13035 12543 11817 12071 12269 12662 12957 13090 13186 13761 12701 12906 13017 13167 13630 13964 14313 14325 14436 14594 14691 13773 14268 14979 15102 12848 13005 12977 12995 11742 11809 11837 11275 10269 8985 8390 8480 8575 8544 8407 8643 9067 9740 10376 11173 12126 13079 14071 15151 16080 17406 18950 20265 21793 23116 24538 25470 26419 27513 28999 30213 30806 31807 33012 33850 34581 35277 35938 36105
15979 12295 11909 11269 11437 11735 12246 12393 12429 12881 13029 12027 12232 12384 12677 12926 13124 13603 13433 13583 13841 14060 13071 13572 14182 14049 12023 12181 12181 12225 11032 11091 11112 10666 9764 8645 8136 8192 8283 8259 8395 8740 9233 9990 10625 11465 12472 13502 14486 15509 16330 17595 19078 20264 21698 23004 24449 25358 26429 27498 28947 29947 30577 31688 32818 33672 34469 35003 35668 35907
15403 11500 11204 10665 10832 11268 11601 11693 12074 12063 12295 11364 11537 11830 11878 12040 12365 12624 12577 12754 13249 13102 12418 12817 13345 13022 11219 11386 11407 11463 10281 10217 10213 9838 9043 8161 7822 7898 7931 8155 8399 8730 9213 9952 10577 11413 12442 13406 14346 15363 16168 17371 18823 20071 21482 22831 24237 25252 26358 27339 28752 29759 30467 31439 32686 33530 34271 34790 35480 35849
14933 10889 10667 10222 10538 10842 11025 11464 11655 11411 11780 10809 11055 11192 11173 11431 11626 11864 11941 12336 12590 12282 11866 12175 12867 12148 10560 10695 10763 10770 9684 9517 9465 9082 8363 7754 7608 7691 7986 8339 8796 9443 10322 11451 12352 13618 15045 16306 17447 18622 19679 21274 22901 24233 25995 27816 29649 30933 32151 32467 33672 34331 34831 35544 36718 37451 37736 37893 38596 39063
14063 9959 9704 9442 9773 9891 10277 10434 10535 10393 10803 9921 10064 10070 10148 10271 10437 10834 11111 11348 11488 11102 11017 11351 11987 10953 9582 9719 9912 9810 8837 8567 8456 8101 7638 7366 7426 7702 8022 8343 8744 9357 10225 11279 12297 13412 14802 16094 17218 18451 19558 21035 22636 24114 25934 27776 29436 30676 31214 31858 33015 33780 34396 35140 36447 37012 37199 37837 38440 39159
13164 9171 8867 8721 9013 9338 9407 9399 9546 9667 10066 9112 9150 9258 9224 9330 9553 10074 10277 10531 10515 10226 10304 10603 11128 9895 8721 8939 9123 8917 8076 7733 7620 7346 7186 7231 7502 7974 8442 8860 9312 9950 10857 11970 13092 14202 15527 16794 17899 19191 20278 21610 22953 24291 25928 27537 29197 29768 30522 31308 32291 33181 33922 34759 35844 36457 36980 37582 38502 39118
12197 8513 8291 8098 8577 8789 8677 8774 9071 9206 9788 8264 8381 8589 8467 8566 8958 9272 9560 9732 9809 9624 9628 9867 10235 8933 7970 8171 8277 8038 7395 7068 6987 6847 7073 7387 7882 8651 9377 10041 10712 11564 12748 14165 15614 17050 18684 20201 21330 22627 23546 24289 24878 25558 26665 27503 28416 29142 30005 30860 31714 32647 33534 34285 35244 36129 36741 37588 38417 38990
10970 7759 7686 7469 7945 8048 7889 8185 8496 8800 9259 7164 7483 7804 7608 7728 8122 8282 8582 8894 8933 8915 8674 8800 9033 7786 7065 7232 7328 7098 6731 6568 6584 6771 7183 7739 8308 9060 9726 10376 11079 11916 13054 14454 15753 17117 18705 19944 21122 22257 22826 23659 24307 25177 26128 26947 27874 28687 29660 30358 31079 32098 32972 33710 34745 35774 36627 37276 38208 38522
9913 7170 7215 7048 7368 7295 7242 7754 8241 8457 8486 6296 6731 7010 6912 7034 7461 7581 7953 8066 8243 8290 7963 8075 8302 7032 6475 6571 6615 6466 6336 6369 6659 7076 7681 8363 8931 9605 10218 10864 11619 12508 13619 14961 16032 17217 18364 19605 20765 21665 22162 23182 24055 24865 25905 26738 27686 28653 29446 30035 30999 31815 32660 33517 34612 35693 36522 37164 38015 38371
8965 6572 6800 6606 6732 6542 6587 7356 7811 7754 7608 5579 6012 6173 6163 6489 6864 7126 7198 7325 7539 7575 7394 7598 7876 6540 6119 6101 6186 6103 6169 6394 6813 7407 8123 8849 9436 10143 10842 11571 12367 13283 14289 15369 16044 16933 18117 19399 20404 21266 21785 22968 23778 24633 25657 26497 27583 28451 29137 29901 30938 31715 32582 33450 34786 35935 36824 37636 38530 38886
8167 6029 6342 6096 6070 5895 6060 6732 7272 6897 6687 5015 5333 5433 5613 6044 6427 6694 6535 6655 6841 6900 6964 7243 7598 6233 5921 5875 5912 5991 6103 6391 6792 7403 8068 8743 9418 10130 10837 11509 12304 13181 14095 15100 15850 16739 17919 19103 20074 20988 21573 22650 23534 24353 25356 26268 27382 28184 28930 29779 30855 31741 32480 33447 34909 36148 37020 37964 38939 39324
7649 5661 5929 5682 5581 5520 5615 6191 6800 6034 5804 4609 4865 5037 5298 5787 6100 6237 6018 6122 6321 6442 6510 6837 6889 5941 5755 5747 5892 6017 6170 6539 7031 7719 8448 9161 9847 10557 11244 11900 12670 13510 14385 15371 16117 16976 18108 19286 20266 21232 21839 22972 23979 24901 25989 26975 28163 28984 29748 30593 31639 32445 33139 34051 35492 36588 37425 38253 39112 39432
7205 5342 5656 5303 5192 5186 5195 5853 6327 5281 5091 4333 4594 4845 5160 5606 5696 5691 5645 5759 5976 6140 6267 6392 6286 5747 5665 5731 5929 6080 6267 6674 7237 8076 9016 9950 10803 11664 12445 13232 14213 15234 16272 17426 18296 19313 20634 21917 22935 24019 24681 25928 27026 28078 29236 30277 31517 32176 32419 32730 33362 33672 33841 34432 35644 36770 37723 38499 39221 39503
6696 4992 5222 4860 4784 4850 4745 5371 5339 4502 4295 3995 4237 4640 4916 5133 5149 5278 5257 5321 5569 5886 5903 5877 5751 5591 5666 5801 6154 6477 6813 7361 8071 9051 10128 11180 12029 12845 13547 14252 15147 16023 16901 17894 18690 19512 20542 21758 22879 23970 24680 25939 27194 28438 29797 30554 31256 31517 31783 32272 32879 33063 33502 34105 35604 36745 37630 38270 39081 39554
6146 4616 4731 4436 4368 4648 4349 4906 4541 3969 3836 3796 4133 4541 4618 4771 4850 5112 5016 5073 5438 5727 5657 5634 5546 5644 5831 6114 6627 7155 7713 8482 9428 10678 12023 13165 14047 14900 15604 16297 17178 17912 18684 19647 20475 21261 22157 23343 24537 25506 25778 26538 27564 28484 29325 29864 30471 30807 31212 31789 32271 32591 33103 34008 35559 36531 37422 38068 39056 39383
5431 4048 3966 3832 3954 4094 3790 4213 3765 3442 3497 3637 3891 4164 4145 4402 4586 4739 4701 4790 5169 5380 5342 5381 5570 5734 5985 6387 6977 7587 8155 8821 9638 10624 11788 12954 13846 14711 15431 16134 16981 17819 18719 19816 20839 21832 22707 23537 24329 24967 25220 26099 26948 27722 28418 28830 29528 29960 30357 30928 31524 31863 32601 33590 34919 35808 36885 37591 38582 38770
4665 3495 3316 3328 3353 3592 3240 3334 3152 3221 3303 3355 3456 3803 3739 3982 4123 4317 4366 4537 4892 5126 5167 5565 5921 6225 6594 7168 7884 8649 9310 10121 11045 12161 13468 14643 15533 16458 17195 17844 18586 19224 19805 20524 21096 21603 22155 22916 23541 24165 24540 25329 26142 26793 27430 27997 28744 29166 29615 30236 30814 31292 32138 32977 34270 35263 36528 37092 38059 38412
4249 3153 2999 3072 3108 3259 2928 2882 2982 3206 3168 3205 3415 3568 3660 3835 3988 4202 4426 4641 4850 4870 5360 6155 6772 7198 7717 8419 9168 9960 10599 11391 12227 13206 14319 15257 16097 17060 17769 18327 18935 19462 19863 20399 20987 21487 22068 22658 23179 23873 24319 24942 25679 26290 26980 27650 28392 28813 29284 29970 30541 31286 31903 32804 34055 35211 36251 36866 37810 38102
3987 2953 2811 2924 3016 3119 2700 2671 2807 2880 2956 3190 3355 3530 3602 3756 3928 4272 4469 4592 4711 4812 5368 5960 6651 7189 7786 8549 9460 10382 11098 11936 12776 13648 14577 15379 16119 16945 17668 18239 18848 19349 19825 20390 21082 21585 22184 22825 23431 24262 24815 25657 26542 27390 28292 29129 30073 30322 30612 31153 31441 32085 32578 33250 34438 35193 35968 36712 37514 37877
3584 2708 2567 2690 2834 2866 2520 2366 2455 2762 2961 3250 3456 3611 3676 3805 3982 4240 4440 4587 4741 4791 5253 5896 6630 7236 7794 8569 9402 10273 10943 11782 12581 13394 14275 15044 15781 16638 17386 17975 18564 19101 19609 20200 20870 21373 21942 22596 23229 24054 24669 25504 26496 27327 28224 29074 29762 30057 30356 30835 31214 31754 32271 33010 34034 34830 35680 36330 37170 37682
3175 2402 2364 2486 2510 2447 2212 2180 2436 2776 2968 3172 3357 3533 3608 3733 3880 4160 4338 4506 4621 4691 5159 5834 6564 7088 7615 8350 9194 10073 10785 11578 12342 13168 14139 15017 15813 16708 17491 18113 18745 19311 19827 20418 21039 21534 22142 22824 23452 24272 24819 25606 26495 27246 28115 28793 29463 29803 30072 30630 30979 31559 32135 32885 33821 34701 35509 36170 37059 37515
2886 2223 2223 2304 2339 2183 2031 2227 2569 3038 3272 3419 3627 3786 3861 3854 3955 4188 4363 4464 4594 4725 5279 5930 6599 7125 7673 8367 9211 10080 10701 11454 12207 13103 14150 15124 15931 16856 17683 18373 19087 19666 20192 20766 21389 21903 22537 23238 23946 24755 25295 26020 26755 27319 27957 28562 29315 29595 29935 30481 30878 31547 32128 32737 33792 34612 35392 36160 37000 37520
2582 2015 2060 2062 2070 1920 1875 2128 2645 3214 3588 3691 3875 3798 3807 3860 3991 4191 4392 4488 4540 4694 5352 6127 6937 7487 8014 8588 9257 9986 10568 11336 12120 13065 14100 15015 15886 16849 17687 18383 19141 19818 20419 21042 21693 22254 22942 23570 24090 24722 25155 25816 26501 27042 27696 28362 29102 29484 29845 30347 30873 31558 32078 32755 33913 34861 35575 36366 37217 37732
2341 1856 1852 2021 1845 1784 1744 2066 2661 3243 3530 3694 3739 3720 3740 3896 3978 4267 4373 4424 4541 4737 5465 6250 7094 7576 7968 8542 9275 10105 10729 11603 12454 13431 14527 15467 16476 17556 18455 19230 20041 20609 21168 21676 22311 22826 23459 24061 24660 25494 25985 26639 27454 28000 28642 29376 30176 30539 30958 31443 31942 32598 33009 33688 34862 35549 36331 37124 37999 38479
2004 1566 1599 1670 1552 1550 1718 2027 2504 3078 3392 3578 3722 3588 3683 3771 3854 4078 4235 4397 4532 4650 5233 6011 6796 7215 7672 8298 9043 9807 10442 11291 12154 13136 14212 15199 16158 17206 18170 18963 19635 20309 20785 21343 21978 22500 23167 23884 24494 25246 25715 26476 27224 27818 28550 29255 30060 30442 30757 31315 31722 32328 32788 33444 34445 35315 36089 36911 37740 38195
1734 1402 1396 1492 1366 1611 1811 2117 2613 3189 3525 3541 3492 3654 3657 3761 3907 4064 4273 4439 4633 4758 5427 6068 6713 7179 7757 8477 9322 10169 10845 11757 12705 13862 15019 15882 16683 17573 18251 18845 19589 20151 20678 21346 22076 22664 23373 24070 24642 25388 25870 26524 27251 27862 28563 29308 30096 30561 31026 31708 32171 32865 33472 34235 35462 36570 37553 38505 39550 40279
1414 1189 1136 1154 1433 1713 1838 2243 2778 3127 3263 3261 3446 3509 3599 3759 3861 4154 4340 4468 4569 4707 5219 5856 6560 7109 7669 8366 9193 10036 10736 11637 12579 13618 14679 15573 16361 17202 17953 18596 19275 19952 20625 21381 22155 22817 23592 24381 25062 25870 26477 27431 28449 29243 30201 31138 32081 32671 33132 33697 34348 35024 35610 36335 37522 38354 39033 39699 40436 40888
1068 911 878 1100 1419 1620 1794 2181 2603 2958 3123 3278 3431 3491 3574 3690 3812 4135 4355 4463 4538 4677 5282 5992 6747 7333 7916 8634 9474 10349 11076 11995 12915 13918 14969 15900 16776 17734 18583 19285 19996 20640 21250 21916 22654 23251 23938 24639 25274 26054 26644 27513 28468 29260 30191 31106 32095 32651 33146 33771 34416 35193 35833 36606 37826 38732 39486 40263 41096 41626
727 651 821 1122 1368 1651 1854 2052 2429 2858 3139 3356 3522 3665 3758 3965 4183 4561 4768 4952 5088 5204 5703 6428 7268 7880 8484 9288 10195 11148 11933 12911 13922 14987 16100 17004 17838 18763 19590 20277 20981 21695 22391 23194 24017 24733 25580 26442 27180 28140 28820 29777 30802 31575 32469 33342 34236 34740 35210 35816 36353 37010 37576 38337 39494 40349 41184 41901 42735 43224
426 867 1175 1666 2040 2592 3024 3231 3570 4020 4369 4736 4999 5326 5581 5984 6374 6945 7267 7602 7941 8230 8806 9655 10624 11440 12278 13393 14599 15872 16963 18259 19620 21038 22475 23568 24474 25462 26334 27067 27820 28579 29293 30140 31027 31786 32619 33506 34307 35380 36192 37257 38568 39602 40750 41902 43020 43766 44502 45375 46144 46956 47703 48717 50078 51133 52266 53103 54147 54851
