281 304 667 682 144 400 230 378 319 242 435 263 326 265 95 453 476 768 695 766 524 593 505 576 545 626 733 983 1178 1219 1106 1043 723 726 798 682 593 518 637 436 468 481 638 424 260 309 324 382 561 453 369 564 683 662 553 537 312 601 416 533 420 251 279 449 395 395 388 377 393 354
240 63 342 371 105 203 270 410 366 75 69 194 319 151 188 233 354 558 489 578 327 334 301 327 400 545 692 901 1000 1018 839 762 668 542 626 672 625 471 434 284 311 278 385 472 76 148 286 424 493 266 365 432 507 638 631 627 474 738 438 708 646 541 500 749 610 543 501 445 478 212
152 73 277 182 76 187 221 462 288 54 178 173 160 195 135 145 294 474 530 548 362 331 332 310 311 404 528 727 731 748 640 554 486 351 463 500 545 460 369 185 174 233 305 370 79 155 197 243 245 148 275 372 403 625 603 514 319 604 372 639 584 432 374 524 421 331 317 266 283 205
382 156 713 392 158 380 463 569 385 165 374 423 285 289 263 276 503 551 657 758 577 524 468 509 486 579 792 1114 1158 1175 1105 936 905 742 841 857 846 705 632 474 473 578 528 586 275 375 508 539 436 310 578 754 481 854 914 829 615 986 662 850 699 433 400 439 520 283 367 440 388 483
279 99 419 389 186 391 260 416 451 232 301 322 320 296 201 289 419 655 759 747 550 548 614 603 611 746 903 1129 1109 1136 963 877 673 582 821 757 869 819 667 264 292 323 587 634 217 276 247 268 365 265 390 463 519 710 514 442 312 578 384 494 491 453 480 615 372 375 392 389 488 359
211 149 364 209 93 279 249 341 228 61 207 303 158 209 135 250 279 410 518 597 427 370 364 377 337 442 603 892 906 927 800 680 636 513 620 597 624 487 449 278 275 341 425 384 182 270 339 372 359 263 415 485 562 621 675 601 359 741 444 603 678 373 400 608 453 375 431 314 349 295
430 323 431 324 279 338 278 429 169 205 413 399 170 450 328 488 560 685 826 973 808 664 715 676 590 669 836 1148 1172 1300 1157 991 917 820 767 961 999 811 738 398 376 473 614 336 293 312 340 238 300 308 411 315 413 413 490 505 267 555 468 516 607 356 502 624 379 523 521 203 388 378
252 80 282 273 99 179 202 314 245 60 114 218 245 146 167 242 391 603 575 686 429 389 401 390 395 537 706 961 1004 1066 871 788 696 575 609 701 714 540 481 310 353 340 394 413 116 188 305 371 452 301 369 396 471 587 571 586 402 640 383 566 583 480 474 707 463 513 428 330 412 166
133 184 347 400 187 326 360 550 480 160 171 274 399 334 254 399 480 675 611 750 497 506 453 480 499 634 757 954 993 947 828 775 716 533 658 706 701 542 510 296 266 274 481 523 118 167 217 392 423 207 314 379 602 642 686 691 485 821 559 875 865 698 610 923 744 606 651 550 565 256
460 338 404 507 328 330 474 588 439 210 175 371 468 425 453 566 566 747 675 858 599 558 492 512 587 724 866 1087 1227 1287 1101 985 974 832 765 955 811 590 633 441 441 390 573 494 229 287 467 605 685 437 550 476 719 636 805 883 664 967 694 972 1022 766 789 1125 954 931 912 613 722 383
360 268 315 386 215 257 416 656 433 205 288 217 409 429 332 468 613 975 973 991 679 711 626 580 614 702 817 973 1039 1137 1029 917 776 662 608 762 624 633 698 276 319 279 522 482 193 315 365 446 561 399 510 584 717 892 859 892 603 820 628 914 858 663 568 743 711 616 583 473 555 360
532 336 425 338 415 484 771 800 763 319 208 615 673 582 650 559 650 815 929 1006 751 706 670 676 778 944 1128 1356 1333 1318 1153 927 1120 852 950 1102 1009 897 846 454 467 451 734 933 405 564 721 893 804 498 904 885 990 1117 1281 1277 1053 1427 973 1303 1462 1077 975 1343 1193 862 1062 916 958 665
685 676 578 851 610 805 658 635 706 558 541 700 780 779 596 1091 835 1193 1187 1317 1026 1064 1033 1014 1008 1175 1345 1581 1610 1709 1474 1474 1170 1142 1198 1143 1069 982 1097 649 706 563 1058 798 596 683 691 816 1064 885 914 799 1406 1058 1019 1118 780 1201 966 990 1315 1036 1193 1595 1156 1357 1304 935 1187 684
312 299 220 308 248 286 310 486 328 206 301 296 364 391 306 491 627 965 968 1084 760 717 720 652 583 707 846 1086 1066 1164 1000 941 828 692 637 797 815 700 684 350 402 381 527 454 243 332 374 420 551 447 458 467 698 745 717 789 492 689 532 734 818 683 633 887 597 686 581 407 543 237
401 281 379 365 292 491 438 434 429 231 282 494 397 480 349 607 524 709 828 923 723 686 703 675 664 810 1019 1284 1228 1290 1104 1006 872 766 893 897 909 813 789 375 389 363 719 597 327 422 433 489 552 429 653 561 868 794 811 809 532 987 698 733 1008 691 813 1095 741 794 844 575 753 479
497 332 423 384 318 405 602 694 528 233 297 449 512 505 457 595 668 887 879 946 690 689 620 562 606 726 921 1106 1081 1163 1020 933 853 719 713 845 739 690 738 483 512 444 609 617 329 477 573 688 703 537 776 755 930 1080 1153 1156 844 1237 886 1091 1221 922 893 1141 972 929 871 690 776 486
588 414 456 555 500 671 797 815 884 437 319 642 795 693 634 782 714 998 1076 1093 820 869 828 798 902 1084 1275 1444 1379 1397 1205 1124 1035 872 1053 1036 963 960 957 468 512 393 862 987 463 627 686 888 938 655 978 940 1282 1315 1305 1304 1026 1468 1060 1279 1512 1212 1190 1550 1291 1140 1215 1044 1172 715
610 440 358 566 453 557 564 615 631 402 366 508 652 600 511 776 704 1103 1137 1158 848 883 878 807 849 1011 1181 1366 1347 1473 1237 1200 962 900 943 968 904 898 939 454 546 401 809 748 437 574 611 713 919 737 845 774 1180 1118 1013 1071 771 1078 821 932 1164 975 1030 1341 990 1116 1019 775 998 547
740 488 493 674 446 517 594 718 640 454 485 445 670 638 528 780 784 1265 1278 1192 876 964 911 834 924 1033 1172 1299 1373 1561 1359 1264 940 954 917 981 788 909 1043 482 600 446 864 738 478 639 658 708 966 816 906 900 1174 1238 1061 1101 808 1037 823 929 1027 846 884 1076 910 1011 900 721 926 648
751 620 368 785 626 613 666 1033 933 674 631 406 864 810 669 817 883 1584 1628 1418 1022 1160 1137 1009 1104 1211 1239 1260 1299 1466 1283 1271 902 886 896 926 819 1046 1092 365 504 338 862 912 522 682 631 711 1064 892 845 944 1302 1457 1094 1126 847 867 807 1133 1072 1113 988 1154 1042 1078 908 832 1039 668
815 576 545 757 610 792 683 926 656 513 697 530 542 778 539 875 655 1015 1224 1157 938 973 940 793 769 861 1036 1205 1126 1338 1206 1354 848 885 942 765 788 877 847 420 489 365 678 575 486 620 647 654 857 818 904 908 1230 1376 1187 1131 696 1098 1011 1126 1138 996 1154 1107 1050 1259 942 691 955 685
818 469 635 853 606 803 753 904 732 459 511 570 611 714 584 864 604 814 942 980 786 816 759 682 748 891 1109 1295 1279 1429 1259 1399 967 957 1072 903 883 839 781 471 506 352 672 649 403 503 637 747 893 719 904 843 1146 1249 1178 1148 798 1290 1093 1242 1238 1089 1287 1320 1259 1399 1132 852 1092 693
818 437 720 932 585 816 731 847 749 494 563 584 676 693 556 899 750 998 1046 1102 863 921 873 793 844 1001 1249 1442 1417 1577 1388 1540 1026 1033 1154 1000 996 962 910 575 640 465 767 734 433 530 630 738 926 766 912 873 1125 1297 1135 1140 814 1266 1078 1146 1128 1082 1265 1286 1151 1366 1056 867 1107 670
606 446 529 689 444 672 585 722 594 379 502 473 528 593 402 768 584 891 958 963 732 793 733 655 657 777 961 1142 1109 1237 1087 1197 775 778 878 709 689 708 741 444 499 371 654 573 391 516 556 650 815 705 795 815 1162 1215 1093 1057 679 1131 911 1023 1100 913 1026 1143 995 1137 914 715 894 556
605 420 390 535 373 505 486 637 542 360 454 389 509 522 381 636 567 1005 1076 964 700 773 749 651 686 790 927 1065 1061 1223 1039 1037 683 705 751 677 605 720 792 380 483 356 669 601 411 574 577 615 832 743 801 837 1140 1217 1020 981 653 948 725 839 956 783 832 992 804 939 762 604 785 528
873 674 664 870 710 929 924 1130 928 581 673 667 769 812 660 927 641 954 1073 994 780 870 775 664 710 829 997 1119 1044 1162 1034 1243 820 815 954 670 653 728 738 570 630 455 673 779 579 758 870 1028 1144 989 1125 1200 1569 1719 1611 1498 1059 1567 1277 1544 1567 1359 1421 1501 1497 1546 1230 1053 1195 798
784 539 518 609 582 742 846 1033 793 450 559 593 657 697 602 755 625 928 1074 1004 764 808 735 601 624 743 934 1085 964 1094 968 1100 804 739 820 662 656 722 702 505 580 440 566 731 506 714 846 970 1022 882 1085 1161 1391 1667 1593 1495 1056 1506 1186 1462 1502 1275 1272 1346 1331 1330 1047 916 1037 691
703 534 518 764 546 640 734 1030 727 412 479 421 625 529 529 630 511 856 907 938 618 666 531 472 491 615 737 925 979 1081 966 1149 878 787 773 599 553 476 467 450 535 400 363 580 367 526 806 999 1107 857 857 1064 1229 1454 1429 1396 984 1273 1030 1522 1280 1167 1077 1156 1341 1250 910 850 897 514
798 600 599 783 574 681 790 954 721 439 509 548 703 544 577 731 621 953 960 1027 693 731 601 546 552 694 858 1087 1131 1250 1095 1245 998 919 867 725 651 550 596 629 741 581 499 667 492 676 973 1162 1268 1023 1038 1204 1382 1547 1554 1550 1124 1448 1119 1508 1399 1221 1162 1317 1383 1362 1021 939 995 576
568 446 547 625 388 510 609 674 538 280 337 484 580 404 432 636 597 831 739 896 590 604 494 486 492 641 826 1078 1142 1211 1039 1087 938 832 794 769 678 501 579 624 692 577 531 583 380 518 756 943 1012 779 827 910 1114 1156 1246 1275 929 1299 923 1203 1226 990 958 1242 1130 1133 928 797 836 432
638 507 790 800 445 655 698 684 588 343 440 626 654 454 466 765 704 839 696 930 651 666 537 564 551 710 942 1239 1315 1362 1195 1266 1071 979 974 900 816 575 669 822 871 762 662 658 471 587 837 1040 1080 850 914 993 1170 1189 1316 1347 1003 1476 1056 1251 1284 1025 1051 1330 1196 1234 1027 908 926 524
797 638 1127 1015 582 876 971 898 810 510 659 864 887 632 633 974 1015 1090 904 1193 892 925 748 793 759 924 1217 1548 1593 1614 1486 1556 1355 1226 1240 1164 1068 820 930 1119 1168 1066 889 927 668 806 1067 1306 1271 1025 1175 1314 1352 1519 1667 1705 1333 1879 1387 1551 1542 1260 1240 1480 1405 1360 1177 1177 1128 743
683 591 1355 1135 446 840 777 608 642 490 704 852 791 540 469 964 1042 1060 806 1158 898 939 765 910 854 1000 1292 1689 1866 1861 1733 1675 1430 1360 1402 1332 1185 891 1078 1204 1225 1200 1105 887 671 735 908 1083 1094 894 984 1128 1105 1115 1247 1311 1042 1595 1142 1109 1107 789 866 1130 995 987 979 999 933 745
306 364 895 781 274 632 511 387 539 311 385 643 613 359 294 687 725 784 603 935 675 689 595 743 689 868 1099 1475 1587 1498 1340 1266 1161 1009 1170 1089 1058 738 814 814 807 817 886 778 424 460 572 782 790 546 628 736 890 757 875 930 723 1221 793 865 962 679 697 1111 815 731 848 825 776 477
401 429 1026 877 332 696 647 584 596 370 526 671 662 468 369 776 879 942 782 1130 838 858 705 837 756 910 1158 1544 1654 1594 1501 1446 1301 1133 1227 1172 1106 814 905 875 872 890 896 794 461 517 656 860 839 601 717 890 914 946 1076 1145 866 1362 976 1094 1051 762 737 1021 911 755 833 872 798 563
415 548 1171 942 384 831 653 495 618 493 719 844 743 604 392 975 1109 1180 995 1358 1081 1103 996 1123 975 1124 1398 1810 1862 1800 1695 1595 1395 1261 1397 1357 1336 1075 1207 1068 1059 1107 1210 930 648 686 674 815 825 691 788 909 1020 942 1012 1095 821 1365 994 898 1043 722 755 1098 757 734 884 901 862 668
380 363 879 585 250 543 491 377 366 290 524 668 489 469 330 730 950 993 889 1209 963 905 857 917 791 922 1203 1600 1614 1629 1503 1326 1235 1086 1118 1259 1241 987 1052 862 855 925 973 703 482 531 548 593 571 494 665 678 693 721 837 914 661 1128 797 701 875 552 612 888 535 574 684 601 628 508
634 611 1101 809 425 698 574 393 336 437 740 857 564 632 471 1003 1144 1153 1022 1416 1191 1091 1049 1110 943 1060 1361 1812 1881 1966 1810 1626 1478 1398 1315 1506 1452 1132 1262 1130 1124 1191 1198 700 690 707 739 713 749 740 829 750 826 688 861 988 708 1192 913 678 930 554 748 1024 591 826 874 640 742 653
493 597 1070 840 362 626 470 329 390 479 742 780 655 520 395 899 1200 1360 1126 1503 1174 1125 1087 1182 993 1125 1367 1811 1926 1959 1792 1595 1468 1362 1291 1476 1441 1129 1278 1144 1184 1257 1218 814 695 714 720 735 837 785 719 786 825 706 762 923 698 1001 733 583 747 508 542 904 441 609 684 645 663 541
350 472 785 557 259 400 407 403 369 360 583 592 574 395 352 625 1068 1303 1089 1383 1012 957 924 976 810 931 1119 1501 1575 1590 1449 1238 1253 1072 967 1233 1214 953 1048 935 989 1076 935 750 550 612 650 688 738 658 603 747 696 762 812 941 721 891 613 675 743 560 418 776 411 433 489 545 497 377
651 669 810 780 467 604 547 414 578 562 665 777 873 452 510 828 1157 1579 1341 1586 1113 1108 1104 1133 985 1173 1373 1771 1842 1913 1645 1526 1436 1317 1205 1336 1320 1082 1215 1126 1305 1245 1108 1018 799 929 1048 1135 1333 1179 999 1154 1252 1200 1116 1291 1037 1127 771 797 982 882 755 1224 707 878 776 855 876 505
665 750 707 752 553 614 553 491 609 608 695 789 900 512 579 863 1187 1639 1388 1631 1152 1123 1153 1141 974 1163 1333 1702 1731 1807 1527 1456 1390 1258 1118 1292 1335 1078 1173 1131 1303 1239 1067 1001 824 941 1049 1132 1347 1220 972 1089 1286 1198 1114 1295 1033 1073 765 848 1066 1022 872 1377 776 1025 845 862 910 458
580 687 495 553 465 440 459 533 427 447 587 589 663 432 494 689 951 1385 1219 1432 986 920 920 877 706 849 976 1319 1364 1471 1248 1197 1181 1040 812 1015 1033 786 872 887 1030 995 750 689 644 766 928 982 1157 1054 808 935 1114 1065 1070 1216 889 919 674 895 1012 904 741 1154 745 933 706 642 686 326
1204 1065 752 839 853 634 796 894 533 693 879 857 853 753 921 1034 1245 1640 1496 1727 1302 1155 1151 1037 897 1013 1166 1514 1617 1893 1629 1583 1558 1484 998 1372 1290 997 1110 1241 1410 1321 908 739 947 1080 1396 1356 1563 1507 1252 1234 1352 1332 1454 1641 1260 1239 1054 1259 1348 1211 1176 1466 1147 1540 1090 808 969 629
1130 926 894 836 709 516 749 856 438 574 799 763 735 602 819 848 1144 1423 1254 1518 1128 978 918 874 769 862 1022 1398 1606 1847 1632 1514 1552 1459 965 1356 1201 860 986 1221 1359 1328 801 653 828 945 1330 1298 1423 1328 1135 1197 1075 1177 1380 1541 1215 1209 983 1236 1147 971 913 1125 1021 1252 888 704 764 602
927 775 861 609 523 417 698 833 446 474 739 677 628 454 661 551 940 1220 1145 1276 920 807 730 716 619 684 813 1172 1351 1510 1366 1167 1307 1173 811 1093 950 725 841 1058 1191 1239 683 703 769 945 1284 1257 1266 1173 1084 1327 1017 1300 1460 1495 1190 1200 869 1204 1049 789 597 776 837 783 592 631 542 605
1061 927 1047 754 579 580 796 916 572 613 936 765 711 558 673 640 911 1284 1289 1251 937 906 795 797 724 747 839 1158 1379 1548 1434 1204 1232 1197 910 1008 788 745 970 1093 1252 1296 861 824 950 1180 1445 1385 1435 1381 1296 1642 1346 1602 1654 1595 1257 1320 947 1223 1085 711 543 675 859 730 618 724 607 855
824 814 824 577 433 507 489 596 375 493 820 631 461 450 430 526 591 967 1036 903 708 687 661 658 583 591 639 913 1101 1253 1107 884 813 875 736 705 564 589 809 837 953 1020 823 612 830 1012 1101 974 1097 1151 1014 1256 1234 1220 1183 1048 758 909 592 707 783 373 357 558 515 551 506 461 429 725
712 751 582 453 422 410 331 418 304 391 573 577 380 344 396 437 352 649 644 531 418 358 418 415 406 449 464 684 870 979 739 551 558 631 555 547 469 389 552 745 811 852 706 492 717 834 921 828 974 1013 821 879 1133 848 879 729 546 732 384 501 773 397 474 873 544 751 671 411 443 551
710 672 612 572 460 437 253 362 280 375 515 558 342 292 381 428 308 493 413 385 318 228 339 340 349 425 466 686 877 981 692 606 529 621 595 578 595 384 438 773 804 828 636 420 622 653 768 687 865 902 651 610 911 593 616 481 383 587 304 385 615 415 595 971 526 918 705 372 462 437
616 515 681 659 386 433 233 379 229 277 469 460 269 215 277 405 317 404 253 334 257 180 240 243 233 321 425 662 834 931 684 727 517 596 587 532 588 307 309 754 761 764 474 292 445 441 601 574 722 739 504 486 700 539 568 457 330 614 370 461 525 438 634 881 534 958 614 339 414 303
504 455 578 593 331 318 149 378 206 251 431 350 249 171 240 318 358 505 308 388 264 191 261 252 236 319 391 601 775 863 626 657 473 520 482 512 584 309 288 685 694 712 413 268 365 346 478 451 621 637 349 361 543 447 435 354 257 429 246 403 396 406 517 767 415 820 473 253 312 185
583 600 588 628 455 409 197 520 238 340 568 403 235 289 322 372 342 487 374 427 341 233 322 288 236 292 324 530 689 790 580 643 466 521 467 470 593 318 259 679 665 722 396 227 437 404 526 454 621 692 356 371 592 465 468 351 223 380 277 487 450 449 577 774 472 894 515 231 308 248
435 610 672 598 392 331 174 502 226 342 590 412 258 343 327 401 526 626 411 521 440 327 398 410 354 383 392 584 785 824 660 583 531 535 459 636 698 406 409 760 687 824 558 271 440 365 390 314 432 520 214 211 407 235 316 232 169 315 217 406 401 333 399 687 332 665 476 196 210 253
425 815 997 782 527 558 343 630 441 544 831 685 471 540 461 602 803 812 518 698 649 536 605 678 575 598 601 816 1006 933 811 678 718 671 684 869 972 628 650 1068 933 1158 883 546 671 556 486 435 473 585 285 319 524 278 414 312 298 517 367 519 579 449 464 863 406 653 632 414 328 441
477 839 1054 673 459 519 357 605 346 528 968 707 431 554 414 621 944 1006 727 843 775 676 729 749 588 571 613 836 962 956 870 693 682 675 613 842 911 690 794 1165 1072 1305 945 536 771 724 593 460 481 705 441 522 604 514 596 476 377 605 428 455 570 370 361 674 233 523 470 330 229 488
142 472 794 486 257 393 343 630 422 339 660 483 395 455 283 456 853 927 691 843 692 647 642 668 548 579 660 859 892 805 776 638 641 495 563 768 854 670 683 797 690 892 732 559 429 406 273 285 231 298 234 374 408 534 590 509 382 666 465 644 633 489 344 623 317 327 378 381 246 325
155 220 791 490 170 400 442 689 468 209 488 398 365 361 228 371 734 740 572 741 569 562 490 513 450 520 699 913 904 831 821 772 675 499 636 726 791 623 570 645 561 687 538 556 242 266 253 351 233 185 315 495 368 752 800 712 529 935 661 884 721 606 474 591 506 389 372 476 341 321
303 305 988 734 262 434 475 844 536 362 689 384 449 479 323 457 961 1037 831 981 774 784 699 724 674 711 858 1048 1135 1117 1131 1047 851 716 770 952 966 833 785 732 658 803 671 611 298 283 246 284 252 230 279 500 228 735 688 642 511 760 644 872 496 524 380 355 404 316 265 433 314 408
241 255 846 503 199 373 524 729 511 269 522 459 468 468 349 470 958 1000 829 1020 797 778 695 726 682 750 942 1171 1194 1148 1135 952 936 724 776 1035 1009 860 849 718 648 785 730 688 312 348 324 398 284 210 415 558 350 764 839 824 659 997 731 920 775 612 451 587 507 326 424 525 409 430
178 158 709 466 146 310 387 651 435 204 434 324 356 340 243 324 760 842 715 879 651 632 574 598 552 631 800 1030 1063 1029 997 881 805 614 693 866 899 738 663 549 498 621 550 569 193 216 224 293 229 145 275 448 250 669 675 646 493 771 566 805 577 516 369 455 409 265 284 402 311 301
228 244 721 692 205 329 318 642 441 296 476 246 405 400 260 444 794 998 838 1003 733 751 675 728 710 782 889 1097 1265 1269 1214 1098 906 779 801 975 930 778 763 492 454 543 649 520 176 152 142 205 301 182 167 326 250 495 437 481 354 522 459 706 396 406 308 400 389 309 327 371 352 309
253 209 706 644 185 293 352 710 403 201 419 201 334 339 232 381 681 799 588 736 521 542 440 457 470 529 656 814 952 969 929 908 683 583 592 737 688 534 523 505 448 501 445 381 110 102 150 241 279 182 192 333 256 588 587 570 409 674 546 834 507 510 430 476 518 495 359 370 325 248
367 312 922 874 366 494 571 1055 715 437 684 326 581 544 412 509 1000 1171 944 1072 797 853 744 734 725 786 915 1044 1121 1116 1126 1167 874 726 785 927 955 848 747 658 611 677 579 669 241 232 243 357 386 284 290 547 316 929 799 781 629 809 755 1129 604 797 591 510 651 553 362 573 479 388
202 85 678 563 149 318 332 609 470 195 338 254 352 292 213 293 617 706 562 678 486 503 462 495 532 629 785 963 1043 1016 936 870 689 557 709 800 823 676 577 452 400 468 511 546 111 107 121 216 225 100 208 333 222 582 520 473 386 673 485 715 465 491 423 505 441 369 338 410 372 282
281 245 817 612 295 446 551 939 570 273 519 370 386 505 374 426 754 724 616 778 634 608 519 527 523 577 735 904 933 889 909 881 763 576 684 825 865 692 568 555 432 559 486 526 179 166 195 290 174 92 273 406 244 711 788 704 538 919 759 1093 762 704 602 591 683 522 472 498 412 400
300 260 679 593 203 207 351 702 405 235 437 225 408 374 309 413 855 1022 717 849 605 618 544 534 565 619 734 853 994 1035 962 865 708 607 532 852 763 629 659 622 580 626 550 449 183 181 191 252 316 249 232 316 243 578 571 592 476 646 510 765 521 552 430 553 461 516 376 366 331 240
264 252 756 691 201 260 364 721 467 278 469 226 455 374 293 418 875 1067 776 928 651 687 589 620 639 700 808 956 1131 1140 1087 988 812 691 655 915 827 684 708 608 572 633 594 520 180 170 185 274 347 235 204 368 243 595 556 591 482 629 512 801 464 518 360 465 455 410 332 411 343 270
273 192 697 482 198 286 442 786 470 233 494 298 398 394 308 357 874 994 805 926 683 677 617 576 548 611 781 944 945 962 934 870 733 567 578 827 850 742 669 606 569 652 501 551 207 244 249 305 262 218 324 479 260 816 780 750 580 811 638 900 630 660 483 505 468 421 288 409 335 283
340 370 856 518 359 456 687 993 678 391 671 561 617 623 523 566 1197 1252 1029 1217 962 927 869 818 744 813 1013 1192 1096 1058 1061 960 959 701 720 1070 1134 993 909 872 803 927 727 811 417 464 427 509 359 330 519 657 432 1027 1077 1059 866 1155 915 1179 1013 975 719 823 683 570 515 653 527 446
