622 302 402 516 648 733 446 343 391 357 379 642 447 460 967 1048 1228 1164 1123 1049 922 925 1000 1173 1219 1153 1116 1151 901 670 710 463 365 308 356 273 200 247 232 306 291 225 370 334 208 443 589 356 381 380 323 360 301 385 285 442 409 241 278 245 296 441 405 414 294 231 154 308 551 451
242 187 252 239 316 293 271 219 248 331 237 410 283 237 591 789 778 697 665 636 606 604 609 725 707 604 658 858 644 527 624 519 542 469 451 443 357 210 252 208 326 172 433 434 251 334 367 180 139 286 319 298 382 454 313 448 382 301 289 221 277 257 162 327 183 198 235 127 139 133
293 128 149 199 276 194 164 194 134 164 142 204 146 165 465 658 648 683 711 657 617 564 510 568 570 496 451 533 387 381 451 374 376 344 377 364 359 196 174 77 192 83 255 213 90 219 223 66 127 207 165 104 237 266 131 247 254 216 142 178 200 129 121 340 120 80 110 182 149 92
326 119 185 159 396 271 265 285 335 311 333 255 361 549 983 1144 1183 1254 1260 1186 1125 1056 972 1020 991 817 683 710 489 359 356 280 335 411 496 408 426 380 168 111 344 264 562 376 166 223 428 212 357 479 423 183 496 395 210 300 373 347 302 360 268 216 253 655 229 228 243 410 373 375
602 251 377 410 465 240 136 154 159 106 183 300 158 291 600 652 598 672 742 654 627 577 510 575 650 686 581 560 466 486 549 337 304 364 432 496 450 252 266 86 197 61 303 255 61 380 267 177 242 182 248 170 177 341 232 261 487 405 261 168 127 174 247 357 261 167 195 215 279 263
313 100 208 139 361 282 257 305 201 195 220 225 270 282 603 784 843 846 841 779 715 663 660 754 774 657 595 711 542 443 458 322 285 244 286 247 245 156 153 100 221 107 337 306 106 269 376 143 212 253 192 184 357 372 180 344 391 288 200 282 247 186 162 418 87 94 69 200 188 189
684 298 366 355 548 367 285 463 206 231 276 210 234 380 720 904 859 907 868 742 699 598 573 649 633 591 560 701 683 777 816 666 648 601 586 468 550 414 402 238 323 149 200 274 219 214 523 284 340 423 165 334 497 277 243 519 556 285 270 368 523 317 376 435 267 212 170 292 428 395
296 126 220 233 315 215 176 225 198 246 174 330 263 258 636 862 802 753 721 657 631 602 586 690 690 611 624 808 660 612 702 549 527 465 441 435 365 206 279 148 310 129 347 383 202 304 399 201 176 291 268 313 381 411 300 469 430 328 289 231 265 240 116 275 157 148 198 94 108 124
214 220 277 259 297 423 399 339 256 371 259 431 271 105 349 516 553 458 409 393 337 345 387 504 525 458 527 737 569 475 635 590 628 560 604 592 492 323 393 315 333 206 482 450 270 485 392 250 138 295 304 302 392 494 340 457 400 274 303 323 369 251 240 391 194 204 187 195 206 173
372 410 460 360 494 579 625 600 430 645 497 598 489 339 663 936 927 751 631 614 573 574 654 808 737 593 765 1164 958 853 980 939 1002 808 714 614 560 419 527 539 582 378 560 710 564 469 683 411 281 526 430 581 773 692 553 836 655 391 467 503 715 526 401 505 328 402 380 271 299 319
410 298 323 446 411 511 504 466 297 527 444 577 368 290 753 1004 932 834 786 748 664 647 654 761 732 650 668 920 683 654 822 780 835 687 629 544 477 348 401 388 439 268 337 514 362 381 532 347 278 402 339 330 578 570 415 589 556 287 288 335 498 441 302 457 301 261 278 313 254 256
262 379 458 235 343 373 669 648 423 668 621 497 538 409 702 979 855 756 714 729 710 693 684 760 697 514 517 865 629 537 641 710 889 790 754 754 688 465 511 469 604 439 799 873 545 605 576 440 325 485 560 462 975 959 617 717 856 663 536 645 690 466 381 793 387 470 509 503 199 314
878 669 970 869 1033 1091 993 967 727 890 823 1118 837 580 874 1016 1063 811 713 671 572 600 775 1004 1126 1142 1295 1695 1488 1376 1550 1258 1117 898 843 809 646 527 902 863 854 536 716 1078 747 1007 1168 818 681 670 674 926 859 1143 986 1275 1255 821 819 791 846 891 699 688 555 599 492 367 492 640
421 224 316 423 394 414 365 446 250 392 285 490 354 249 636 898 802 722 664 591 527 494 506 613 641 607 622 862 755 789 970 843 805 680 642 619 532 352 509 338 430 230 340 497 329 483 569 394 293 392 307 435 533 571 459 660 622 385 359 376 451 381 214 316 239 195 233 200 183 220
520 286 523 371 593 476 496 565 344 427 451 487 413 342 602 752 728 639 612 554 501 469 512 640 718 695 712 978 827 797 887 687 634 552 556 532 464 298 483 356 469 203 443 629 312 519 658 375 365 367 352 424 552 681 501 709 823 543 457 492 478 415 357 556 262 287 228 207 200 316
357 325 463 417 553 552 655 696 526 732 627 696 608 448 812 1121 1047 897 842 824 773 760 775 891 891 775 843 1216 950 895 1034 957 964 807 746 673 577 424 583 519 711 425 607 841 547 543 794 472 439 592 561 548 789 847 656 894 796 591 572 623 665 598 368 713 376 430 438 331 174 276
490 507 727 560 659 669 835 769 583 818 755 852 669 448 694 884 805 629 607 621 573 591 642 775 834 776 845 1222 949 864 1035 942 979 841 813 846 692 466 704 648 759 481 808 1050 633 848 808 582 480 524 683 617 860 1142 845 965 1086 820 703 707 679 644 493 799 472 543 536 411 213 395
691 506 734 712 764 718 723 726 529 727 659 894 642 473 827 1039 941 762 721 681 620 623 690 851 925 924 1005 1362 1147 1125 1300 1081 1007 817 728 737 592 400 709 622 718 405 559 916 595 769 879 608 515 517 570 689 750 997 819 1035 1074 737 650 594 647 701 463 569 456 465 466 290 247 402
878 619 776 871 880 847 806 765 598 827 814 1022 710 639 1172 1399 1286 1125 1096 1048 966 965 1006 1165 1186 1167 1202 1512 1218 1180 1320 1110 1067 855 722 667 553 433 650 671 748 461 477 884 636 674 929 651 611 593 603 675 804 948 795 1020 1056 686 613 556 727 853 592 672 601 557 560 447 424 509
1060 829 873 1180 885 939 852 726 555 847 771 1158 640 523 990 1181 1008 901 934 894 805 806 813 932 976 1050 1067 1275 1047 1135 1394 1253 1231 1004 881 931 801 568 798 781 733 535 469 851 709 895 778 707 605 536 632 668 724 1027 875 965 1068 721 587 493 697 842 625 545 704 567 647 572 517 551
990 630 888 1012 1197 982 832 841 719 860 736 1032 696 679 906 1032 1073 994 1032 945 835 775 797 927 1068 1120 1226 1481 1250 1344 1539 1246 1026 845 813 733 705 560 788 722 890 531 524 911 653 705 1040 572 775 747 697 663 582 963 870 1157 1066 742 692 670 585 719 550 675 439 444 410 323 409 625
805 631 910 859 1145 932 858 804 774 931 748 1017 703 655 792 895 966 823 821 770 700 672 724 879 985 988 1206 1560 1293 1298 1486 1230 1081 919 886 801 746 582 797 760 952 562 721 1040 731 700 1037 531 686 778 790 722 647 1019 919 1211 1048 758 782 705 622 686 560 721 426 523 475 242 356 603
848 600 919 933 1162 923 786 749 803 919 744 1096 737 720 944 1028 1054 909 905 836 771 756 790 950 1087 1134 1319 1630 1371 1374 1581 1260 1088 980 962 900 784 621 858 746 985 563 750 1057 711 760 1094 613 743 815 863 777 612 1020 969 1226 1088 821 860 693 573 730 569 716 505 562 537 231 380 626
715 480 749 785 988 892 768 739 672 788 668 977 686 558 817 961 1038 890 886 835 733 720 788 952 1086 1091 1210 1499 1224 1177 1347 1067 877 709 696 639 535 423 676 638 790 457 582 888 573 711 969 527 629 636 648 636 545 922 792 1052 933 676 659 616 523 666 465 637 372 411 360 235 303 476
789 495 689 791 862 761 681 674 546 685 660 911 639 548 963 1174 1133 1016 1035 981 894 875 904 1049 1130 1128 1147 1393 1122 1101 1227 968 826 630 550 534 437 310 556 541 662 381 415 773 508 642 835 511 569 501 525 568 582 862 701 921 924 663 543 501 527 700 439 576 434 402 406 318 288 391
809 727 995 1026 1258 1166 1118 1031 1004 1178 958 1314 1000 778 925 1117 1241 1065 1097 1088 981 971 1036 1193 1332 1292 1474 1828 1463 1403 1602 1369 1150 909 883 844 744 611 900 936 1143 790 922 1275 915 987 1215 693 870 906 984 864 789 1331 1124 1390 1159 980 927 909 721 898 608 912 522 630 609 433 375 624
613 533 765 807 992 868 912 899 832 1025 822 1073 874 701 923 1189 1206 1074 1106 1087 1000 967 971 1084 1183 1105 1211 1558 1221 1207 1397 1225 1068 860 821 789 701 539 776 744 1025 682 824 1150 782 815 1054 593 753 817 875 720 802 1217 984 1223 1056 903 808 822 634 753 432 842 426 516 553 394 212 467
462 513 621 757 861 924 865 714 781 995 643 1069 818 633 891 1152 1286 1127 1100 1089 973 963 1016 1158 1190 1033 1217 1539 1183 1055 1282 1176 1052 810 765 707 628 533 653 741 920 718 870 1030 804 764 931 526 617 814 847 716 747 1111 892 1121 777 654 673 661 533 631 326 576 296 406 468 343 294 489
481 516 691 768 930 977 948 850 905 1104 774 1183 1007 785 1120 1436 1544 1335 1278 1267 1156 1157 1228 1395 1433 1248 1420 1804 1422 1241 1437 1278 1125 867 795 737 616 550 739 812 1056 802 991 1210 904 869 1136 677 740 926 963 889 931 1276 1037 1309 959 827 833 808 654 795 382 697 382 517 578 388 299 533
320 357 531 510 703 783 770 728 732 886 638 945 844 604 965 1280 1364 1141 1044 1034 950 967 1055 1233 1254 1073 1228 1620 1291 1079 1229 1076 973 763 707 641 500 436 628 650 858 608 856 1020 717 733 996 584 554 758 759 783 838 1037 834 1112 806 675 718 703 630 686 337 633 328 451 470 287 236 384
367 389 627 550 856 917 856 820 900 989 739 1058 990 760 1112 1390 1543 1300 1183 1167 1079 1107 1216 1418 1466 1277 1453 1843 1495 1215 1342 1132 991 825 809 716 553 540 725 737 990 709 1033 1145 793 829 1184 693 691 917 912 917 895 1110 936 1238 882 780 881 839 695 784 450 785 407 562 542 330 355 516
395 445 728 647 990 1074 1029 991 1154 1228 961 1266 1241 1023 1434 1709 1870 1618 1488 1475 1376 1413 1504 1698 1762 1545 1684 2066 1665 1327 1465 1263 1142 1047 1083 967 758 784 918 896 1242 940 1362 1404 958 1023 1439 920 930 1198 1222 1090 1119 1338 1148 1413 1054 996 1138 1087 833 958 606 1096 595 767 750 536 516 716
557 414 695 581 989 1092 896 848 1045 980 893 1123 1131 1056 1610 1764 1999 1788 1630 1579 1465 1512 1633 1860 1915 1720 1769 2001 1637 1195 1223 937 833 839 925 764 574 715 732 750 985 769 1207 1110 731 891 1356 896 884 1078 1039 990 968 1012 891 1136 908 806 998 926 771 920 736 1068 643 746 638 579 782 834
307 231 467 297 578 723 594 532 618 563 502 716 709 554 937 1046 1238 1067 942 910 822 869 995 1194 1269 1131 1163 1355 1111 744 804 585 532 549 665 623 434 447 513 464 569 433 933 768 418 780 860 592 473 608 648 664 649 766 589 732 665 572 666 621 486 520 455 688 360 437 346 341 488 506
304 234 449 360 632 816 677 599 708 701 586 798 778 671 1109 1228 1429 1270 1134 1092 975 1009 1110 1293 1354 1190 1212 1402 1118 761 864 691 662 695 826 718 544 595 575 538 685 547 1012 835 490 761 962 657 581 778 772 674 743 815 646 792 675 554 706 695 532 560 492 795 394 471 386 436 570 619
541 288 583 488 769 922 713 726 765 669 685 869 865 765 1260 1336 1511 1366 1232 1159 1036 1072 1183 1377 1504 1422 1359 1487 1269 933 1005 727 643 734 904 814 602 667 719 581 710 541 1000 849 460 920 1121 840 734 814 785 781 766 831 705 847 860 699 825 807 633 707 667 930 563 576 442 541 730 738
443 156 383 289 555 554 454 589 519 471 508 531 617 622 1126 1297 1322 1242 1126 1032 958 942 974 1112 1167 1073 994 1161 1010 832 878 661 634 702 793 682 558 545 567 366 565 354 702 637 322 570 892 616 552 672 550 588 715 592 500 698 725 547 625 646 584 536 484 778 434 430 353 410 508 517
757 354 620 505 881 840 662 868 745 667 719 740 861 894 1451 1643 1703 1588 1421 1293 1210 1184 1261 1440 1488 1391 1358 1581 1455 1271 1278 973 878 898 945 759 665 716 781 594 789 526 786 813 539 681 1252 857 808 937 685 893 945 712 697 1034 966 694 837 866 878 824 733 928 620 627 499 533 768 773
704 310 510 531 696 795 548 687 656 548 599 768 837 833 1519 1708 1746 1642 1476 1354 1258 1264 1337 1518 1567 1476 1358 1464 1346 1095 1127 831 755 810 879 780 609 670 712 517 645 503 802 700 461 801 1105 900 734 823 662 868 869 680 641 848 847 656 766 729 739 780 655 769 643 577 511 587 808 728
446 187 260 377 372 525 390 521 471 441 433 586 675 631 1319 1610 1555 1492 1360 1263 1185 1179 1187 1308 1302 1169 1015 1109 992 807 878 725 726 754 796 747 590 576 573 369 512 436 700 564 380 677 815 728 537 672 545 673 815 601 503 638 632 536 581 584 617 601 423 623 520 433 466 560 589 482
656 382 584 707 663 775 629 723 753 737 665 1055 1071 920 1675 2009 1921 1752 1617 1531 1449 1480 1538 1722 1771 1644 1526 1709 1521 1259 1357 1054 931 862 827 881 612 593 802 620 828 680 988 1017 694 1093 1175 1041 803 844 874 1081 1074 1128 959 1103 1089 978 925 789 715 927 491 655 677 627 726 599 580 620
701 458 630 795 685 800 658 795 771 775 649 1093 1086 864 1544 1924 1803 1631 1499 1415 1348 1373 1429 1602 1659 1560 1484 1699 1570 1390 1528 1243 1093 979 922 1004 738 656 939 701 895 731 985 1057 783 1184 1200 1084 816 876 882 1171 1099 1178 1039 1211 1128 1035 977 847 801 969 498 612 709 652 776 599 562 590
550 371 451 654 567 713 604 738 635 710 522 907 922 703 1320 1755 1675 1528 1398 1319 1236 1228 1277 1427 1430 1279 1248 1499 1362 1234 1382 1193 1062 875 788 802 633 558 774 615 781 650 783 883 713 925 1036 867 668 797 697 981 1009 1003 855 1095 895 780 747 729 745 806 350 477 503 470 591 506 442 460
973 784 833 1043 1068 1068 1006 1242 1071 1245 961 1287 1354 1212 1878 2466 2320 2135 1958 1855 1796 1745 1780 1935 1842 1621 1719 2158 2001 1968 2100 1912 1759 1432 1188 1077 1005 940 1178 1065 1344 1084 1020 1348 1267 1026 1589 1207 1096 1361 1075 1484 1573 1365 1300 1769 1322 1111 1147 1150 1316 1302 693 810 844 871 1019 772 726 814
808 670 643 828 925 951 890 1070 1007 1148 885 1105 1254 1230 1968 2535 2453 2310 2123 2023 1962 1907 1917 2058 1892 1583 1650 2021 1809 1680 1745 1626 1560 1296 1082 905 883 898 935 913 1205 1028 1014 1173 1143 780 1426 1049 990 1335 1017 1306 1511 1143 1074 1514 1043 901 996 1022 1213 1161 645 828 770 812 949 795 782 802
615 489 400 597 668 727 730 853 840 921 776 864 1117 1147 1937 2481 2430 2388 2280 2203 2124 2058 2005 2093 1917 1552 1439 1633 1358 1156 1142 1101 1093 913 776 649 651 704 586 633 925 894 949 930 871 645 1094 839 853 1102 877 955 1340 988 785 1065 784 786 750 850 940 937 490 856 645 651 811 883 706 665
899 654 593 810 934 1007 958 1001 994 1035 1029 1088 1307 1368 2253 2739 2781 2754 2700 2630 2499 2439 2407 2518 2369 1997 1787 1887 1497 1196 1098 991 932 729 605 472 490 649 505 716 949 974 967 991 899 754 1214 931 1045 1120 944 962 1373 1114 826 1074 917 897 769 906 974 1132 681 1066 777 753 861 1100 914 846
1061 634 631 780 970 945 803 883 767 698 856 889 1048 1097 1845 2220 2319 2328 2331 2247 2122 2056 2065 2197 2130 1882 1656 1677 1372 1128 960 728 567 356 256 174 225 358 332 535 636 653 576 669 611 650 997 717 874 755 574 756 971 820 572 841 812 756 546 689 801 991 660 871 651 577 592 899 841 694
1033 712 708 712 942 855 753 879 698 606 746 800 948 856 1384 1787 1879 1836 1836 1781 1725 1677 1734 1893 1828 1620 1538 1667 1451 1255 1067 813 613 323 171 157 210 231 383 550 589 553 487 650 643 678 901 607 697 594 424 834 864 764 565 913 782 776 554 661 872 968 638 717 609 581 579 701 689 492
1088 762 787 762 1040 817 634 788 716 552 620 777 858 800 1171 1514 1619 1581 1581 1509 1503 1456 1511 1677 1640 1503 1544 1682 1553 1427 1262 939 687 432 290 295 348 299 500 565 636 526 497 627 667 667 894 549 660 625 447 917 695 653 594 985 728 782 641 628 833 908 642 599 608 600 597 521 680 480
889 605 682 696 1025 779 521 652 734 557 491 768 771 736 1033 1322 1483 1427 1410 1328 1318 1278 1325 1494 1497 1386 1518 1672 1530 1411 1327 982 701 509 425 384 405 359 531 526 690 503 543 612 618 571 904 459 620 704 522 865 510 550 582 987 570 664 663 577 667 763 525 525 484 513 504 313 576 437
826 556 561 671 857 664 392 523 603 449 364 679 636 603 935 1238 1337 1306 1288 1202 1200 1162 1181 1327 1313 1227 1336 1450 1354 1287 1246 951 715 542 458 440 447 362 507 453 581 434 443 471 541 522 747 410 508 617 432 779 427 423 487 842 439 550 560 457 605 672 452 395 469 445 476 294 547 351
983 679 640 785 980 771 471 622 642 479 385 686 654 637 889 1189 1328 1345 1349 1251 1238 1170 1185 1313 1298 1219 1334 1414 1364 1361 1317 1041 775 574 495 463 541 447 570 528 613 502 427 450 604 555 771 426 581 678 424 808 443 426 502 887 454 561 558 519 681 695 524 417 490 457 478 383 664 445
942 667 536 673 800 738 452 623 551 395 389 558 567 536 867 1174 1282 1309 1273 1182 1173 1119 1136 1255 1191 1107 1167 1214 1208 1189 1124 941 791 640 587 519 595 517 561 505 485 445 366 298 523 510 679 456 493 627 303 740 486 244 348 702 331 418 474 503 817 701 639 503 596 508 487 523 814 442
1050 794 646 737 870 920 608 792 712 466 537 646 731 648 966 1234 1401 1450 1403 1320 1307 1271 1304 1420 1378 1296 1288 1246 1282 1193 1091 935 811 746 786 736 784 735 734 640 556 597 616 374 599 778 803 669 641 762 435 881 617 320 419 709 398 565 643 719 1010 846 890 782 822 708 638 806 1116 630
1091 692 583 768 906 913 599 875 767 505 648 699 850 815 1320 1660 1766 1836 1803 1694 1656 1601 1588 1686 1659 1567 1438 1367 1353 1279 1147 945 780 729 760 673 709 722 719 593 620 617 553 395 560 731 945 757 796 851 479 874 692 342 434 742 474 637 673 784 1025 962 885 926 882 723 669 893 1105 637
569 360 277 442 460 574 374 524 456 325 370 444 471 392 788 1034 1090 1144 1119 1048 1003 974 936 1000 1007 950 839 796 752 701 723 653 625 667 784 735 693 610 556 362 393 377 501 260 290 577 559 481 437 566 356 474 433 236 251 392 251 373 438 529 648 522 558 718 577 442 412 621 718 366
273 165 183 290 405 430 303 364 456 388 322 423 398 382 716 904 973 1001 990 935 888 862 795 850 881 800 750 773 615 534 622 559 558 651 800 726 654 561 458 269 459 345 614 375 241 431 516 320 374 582 486 322 344 309 280 381 219 339 441 462 395 328 357 707 382 335 329 406 447 291
560 337 261 530 527 548 309 339 486 426 377 510 379 524 992 1133 1160 1246 1235 1143 1090 1051 944 982 967 925 847 770 642 618 722 668 720 854 987 864 828 757 526 343 480 409 559 284 289 385 531 409 468 699 535 353 362 191 268 346 198 269 437 406 476 420 531 724 575 440 450 569 743 496
319 198 179 280 326 397 339 414 419 429 417 400 401 443 918 1131 1092 1118 1070 1008 965 938 853 897 868 769 667 719 567 501 591 593 708 819 932 823 751 658 495 298 466 360 614 401 271 399 538 422 388 621 493 335 552 332 290 373 325 334 444 491 543 401 451 798 503 423 425 546 540 370
303 149 124 270 290 305 192 235 303 285 237 313 261 343 763 934 919 975 956 883 841 804 712 752 740 667 583 584 457 418 523 490 565 673 789 716 662 547 381 185 342 258 500 263 170 317 380 278 285 494 396 231 351 224 196 259 203 238 324 323 340 241 310 575 361 275 303 398 448 296
538 323 259 471 411 517 282 230 274 303 256 439 218 319 788 884 907 926 873 787 718 701 673 760 732 706 680 679 566 514 650 587 671 727 802 698 651 567 404 298 285 239 380 196 211 337 392 332 266 457 325 282 319 168 197 283 227 107 258 217 400 313 443 431 422 295 281 404 641 434
417 306 257 458 498 549 343 316 420 456 316 532 320 348 733 907 969 948 904 842 788 772 739 830 802 741 813 904 726 676 813 749 769 765 816 683 640 554 448 362 458 326 443 328 324 303 505 282 309 577 427 351 312 228 282 458 180 162 354 310 441 377 397 510 389 330 324 314 508 334
545 425 339 702 579 629 379 323 547 578 381 696 389 481 874 1001 1007 1055 1054 978 925 904 794 833 835 832 851 824 673 700 924 897 947 1046 1163 1071 993 853 669 474 614 505 652 424 428 499 549 437 473 762 676 419 344 339 434 482 244 309 514 403 446 426 497 639 584 460 523 507 680 501
403 250 249 361 402 341 190 170 305 278 227 374 203 297 638 741 748 783 788 724 703 682 610 675 677 652 648 663 524 489 591 502 550 638 730 683 625 478 364 206 329 207 448 261 180 305 333 202 232 416 378 233 215 198 209 279 206 235 324 232 286 239 340 493 367 292 306 284 429 279
376 324 265 389 490 482 371 385 459 477 347 410 295 359 590 738 798 856 851 795 761 713 624 654 635 570 610 663 528 548 684 709 782 862 989 859 866 720 532 371 517 394 592 367 336 331 464 260 353 655 504 289 360 259 284 409 191 245 415 450 487 296 447 717 418 380 370 437 541 385
486 374 275 517 456 518 353 399 438 504 395 580 384 383 874 1144 1081 1044 981 919 896 886 831 914 845 790 840 971 822 820 950 908 965 934 922 801 734 612 557 419 522 366 416 374 407 345 564 400 341 622 440 468 462 256 346 541 261 245 425 368 625 535 473 566 557 454 486 409 542 302
471 353 248 511 417 541 335 308 404 458 352 571 347 381 898 1098 1079 1058 995 930 884 883 835 921 860 802 819 879 720 664 808 775 859 877 911 797 718 626 497 386 444 355 464 320 349 369 496 395 319 588 448 405 415 235 299 422 210 184 375 306 525 459 466 530 530 414 440 441 614 371
359 218 171 421 377 350 237 324 409 435 322 459 343 404 846 1092 1004 1047 1037 962 938 897 769 795 776 726 684 734 597 642 792 763 814 883 951 867 800 645 533 291 519 358 505 371 304 342 496 346 375 631 507 339 406 288 326 433 255 322 435 397 445 375 341 630 469 368 441 412 425 275
342 283 238 450 383 421 398 557 570 609 491 550 530 505 924 1229 1089 1127 1099 1037 1024 985 841 841 830 766 688 771 669 732 908 949 1042 1150 1258 1187 1083 891 797 453 722 551 771 592 468 583 679 573 533 833 702 516 674 504 515 597 437 546 663 687 689 527 484 912 653 558 639 633 524 370
