60014 45709 40214 37766 35657 35661 35628 29427 29447 29578 29570 29769 30201 30545 30808 30753 30680 30820 31094 31493 32012 32547 33009 33329 33759 34208 34646 34893 35107 35176 35444 35659 35925 36136 36562 36975 37304 37608 38138 38010 38134 38642 39260 39756 40091 40168 40365 40745 40466 40439 40660 40804 41007 41054 41215 41406 41844 42069 42763 43353 43564 43709 44369 44282 44721 45019 45377 45906 46362 46901
59110 45195 39735 37316 35310 35390 35341 29228 29293 29395 29550 29736 29892 30207 30263 30251 30414 30648 30918 31284 31786 32329 32856 33256 33683 33891 34095 34278 34343 34498 34781 35074 35247 35639 36024 36532 36748 37228 37361 37308 37831 38636 38985 39442 39845 39931 40256 40447 40196 40225 40553 40832 40881 40779 40984 41332 41732 42061 42680 43020 43253 43639 43861 44184 44508 44934 45308 45852 46194 46979
58562 44907 39509 37050 35160 35301 35129 29131 29242 29357 29539 29633 29870 30004 30085 30293 30578 30891 31418 31879 32354 32595 32936 33253 33578 33441 33615 33677 33856 34046 34412 34588 34970 35304 35771 36132 36447 36668 36824 37071 37828 38348 38685 39188 39544 39708 39955 40187 39988 40304 40774 40682 40718 40583 41098 41249 41608 41879 42347 42795 43231 43199 43698 43962 44605 44780 45235 45586 46173 46724
57930 44467 39004 36435 34787 34782 34683 28901 28951 29093 29137 29279 29553 29691 29923 30304 30486 30920 31365 31707 31776 32053 32490 32815 32877 32767 32885 33077 33314 33560 33801 34189 34506 35001 35360 35753 35842 36084 36566 37047 37665 38064 38503 38787 39269 39337 39606 39774 39868 40028 40342 40311 40299 40481 40686 41002 41369 41508 42050 42605 42782 42955 43393 43870 44228 44570 44867 45543 45950 46618
57239 44068 38559 36042 34529 34507 34568 28770 28825 28909 28900 28986 29205 29444 29812 30138 30421 30836 31284 31379 31613 32066 32469 32567 32545 32495 32681 32903 33170 33316 33720 34038 34465 34790 35125 35320 35483 35973 36586 36892 37242 37852 38114 38671 39069 39188 39514 39706 39835 39972 40128 40090 40158 40183 40465 40712 40904 41168 41847 42079 42377 42600 43102 43492 43865 44140 44569 45185 45669 46164
56551 43720 38206 35666 34293 34325 34383 28658 28690 28763 28716 28816 29050 29736 30293 30410 30678 30955 30943 31177 31628 31989 32163 32146 32088 32039 32220 32462 32648 32944 33300 33744 34012 34285 34453 34753 35140 35754 36237 36345 36950 37521 37938 38447 38840 39003 39277 39642 39929 39721 39808 39902 39942 40025 40200 40334 40678 41029 41348 41783 42075 42433 42919 43253 43586 43998 44404 45021 45333 45920
55997 43340 37962 35433 34159 34351 34258 28548 28544 28588 28610 28661 29099 29729 29897 30185 30467 30564 30775 31104 31404 31595 31744 31728 31705 31772 31981 32124 32416 32672 33160 33447 33669 33810 34052 34502 35010 35576 35829 36081 36596 37349 37874 38315 39040 39028 39445 39833 40043 39630 39888 39907 39845 39918 40084 40320 40627 40730 41314 41732 42139 42414 42847 43150 43572 43941 44421 44827 45150 45719
55389 42980 37591 35129 33917 33954 33945 28366 28361 28453 28415 28632 28974 29295 29640 30018 30164 30401 30652 30718 30775 30936 31137 31123 31246 31282 31456 31739 31989 32367 32729 32951 33099 33360 33796 34379 34830 35150 35525 35833 36559 37233 37652 38254 38808 39043 39401 39712 39837 39453 39683 39675 39656 39800 40071 40318 40437 40723 41206 41821 42372 42824 43320 43897 44292 44720 45095 45477 45544 45801
54743 42586 37237 34834 33701 33793 33750 28298 28267 28302 28387 28447 28742 29092 29552 29797 30015 30281 30338 30345 30456 30653 30741 30845 30921 30950 31214 31449 31843 32094 32333 32495 32667 33074 33606 34201 34473 34790 35189 35637 36253 36931 37528 38165 38783 38998 39387 39647 39695 39340 39525 39486 39537 39690 39883 39924 40253 40483 41186 41827 42354 42698 43325 43717 44155 44528 44735 44976 45050 45452
53989 42228 36816 34570 33466 33558 33561 28183 28133 28214 28208 28310 28605 29271 29370 29757 29926 30149 29930 29962 30138 30291 30551 30628 30655 30741 30978 31369 31621 31783 31998 32171 32558 33045 33616 34031 34255 34660 35199 35652 36364 37264 37912 38476 39159 39169 39364 39473 39511 39192 39246 39484 39411 39601 39562 39783 40105 40526 41201 41780 42237 42727 43166 43641 44020 44179 44308 44500 44739 45140
53226 41818 36462 34418 33264 33356 33475 27967 28036 28047 28090 28240 28521 28774 29158 29386 29586 29846 29508 29560 29715 30022 30248 30313 30404 30513 30886 31107 31261 31413 31649 32041 32530 33117 33427 33733 34027 34640 35116 35622 36512 37334 37826 38694 39422 38977 39137 39226 39058 39064 39206 39302 39281 39387 39765 39944 40449 40656 41448 42047 42533 42915 43465 43610 43775 43712 43867 44195 44336 44750
52742 41521 36171 34023 33034 33209 33197 27821 27799 27828 27900 28043 28338 28846 29130 29448 29751 29882 29162 29216 29444 29673 29865 29917 30027 30192 30404 30564 30730 30845 31280 31747 32299 32573 32796 33239 33673 34219 34978 35502 36251 36901 37650 38550 39054 38441 38693 38864 39090 38772 39009 38982 39035 39112 39384 39699 39974 40400 41168 41867 42346 42533 42877 42960 43071 43153 43361 43579 43767 43977
52064 41167 35728 33630 32748 32824 32837 27613 27618 27680 27701 27840 28294 28715 29047 29428 29775 29496 28757 28838 28974 29137 29335 29442 29646 29651 29833 30003 30141 30459 30993 31530 31822 32036 32460 33014 33405 34175 34885 35432 36015 36852 37712 38132 38205 38055 38453 38836 39155 38480 38614 38725 38749 38950 39253 39448 39907 40280 41035 41683 42026 42210 42417 42388 42598 42639 42904 43221 43181 43391
51370 40723 35346 33357 32500 32605 32682 27459 27447 27608 27564 27713 27975 28377 28894 29343 29791 29096 28403 28415 28550 28809 29096 29301 29416 29301 29417 29531 29825 30248 30816 31111 31270 31638 32111 32657 33299 33989 34696 34941 35652 36740 37205 37450 37754 38029 38511 38844 39049 38365 38539 38607 38608 38878 39067 39379 39795 40301 41031 41490 41822 41702 41790 42029 42095 42339 42537 42650 42610 42868
50869 40363 35102 33125 32340 32467 32538 27353 27459 27504 27460 27487 27744 28485 29130 29381 29382 28715 28151 28115 28278 28511 28816 28934 28957 28891 29004 29287 29728 30183 30505 30664 30975 31443 31933 32680 33251 33968 34309 34680 35628 36367 36631 36981 37729 38051 38491 39069 38800 38257 38391 38418 38620 38732 39116 39394 39764 40273 40861 41371 41717 41271 41505 41530 41827 41899 41969 42099 42066 42378
50621 40093 34972 32897 32244 32334 32459 27237 27235 27284 27231 27311 27716 28556 28877 28906 29176 28271 27761 27699 27796 28093 28359 28412 28403 28404 28689 29105 29552 29752 29951 30259 30667 31157 31818 32431 33018 33540 34071 34512 35213 35871 36255 37091 38024 38258 38611 38658 38426 38103 38270 38442 38482 38666 39045 39280 39728 40114 40869 41362 41826 40932 41065 41287 41558 41440 41494 41643 41540 41954
50229 39899 34763 32651 32080 32269 32369 27059 27078 27083 27085 27292 27800 28189 28250 28601 28913 27735 27290 27279 27461 27719 27903 27899 27963 28127 28558 28977 29172 29252 29592 29966 30425 31093 31635 32250 32679 33333 33835 34259 34798 35553 36235 37159 37936 38071 38261 38247 38082 37962 38187 38309 38262 38559 38859 39163 39484 39947 40622 41247 41707 40472 40739 40905 40970 40800 40897 41084 41003 41255
49741 39609 34464 32396 31883 32134 32125 26932 26933 26915 27040 27298 27553 27699 28166 28615 28863 27465 26994 26908 27059 27277 27460 27515 27711 27964 28413 28621 28689 28919 29340 29771 30418 30959 31502 32066 32596 33138 33683 33932 34568 35344 36234 37029 37787 37702 37981 37843 37834 37813 38050 38071 38196 38393 38776 38927 39412 39762 40515 41130 41342 40024 40312 40319 40397 40238 40433 40517 40454 40782
49102 39278 33965 31949 31524 31710 31777 26628 26643 26648 26842 26966 27134 27715 28172 28581 28601 27094 26504 26402 26510 26715 26942 27129 27413 27664 27955 28067 28306 28633 29131 29719 30300 30849 31358 32024 32401 33026 33398 33843 34488 35275 35923 36623 37318 37108 37356 37520 37784 37411 37528 37785 37810 38066 38308 38594 38982 39293 40030 40420 40687 39329 39436 39431 39452 39427 39582 39615 39697 40024
48662 39100 33739 31809 31440 31561 31600 26492 26539 26714 26793 26885 27229 27930 28186 28362 28295 26643 26013 25873 26053 26330 26674 26960 27208 27320 27457 27692 28022 28431 29096 29650 30213 30681 31287 31801 32286 32790 33338 33687 34398 35312 35846 36432 36738 36751 37026 37390 37452 37180 37444 37577 37687 37887 38153 38401 38734 39069 39628 40051 40073 38759 38899 38808 38843 38855 38889 38996 39042 39289
48190 38765 33529 31649 31325 31422 31530 26418 26565 26669 26747 26846 27195 27537 27921 27845 27984 26247 25672 25445 25638 26020 26482 26738 26900 26886 27121 27428 27826 28387 28994 29572 29983 30580 31041 31630 32064 32681 33114 33488 34370 35222 35842 36099 36552 36704 36922 37419 37101 37322 37712 37934 38180 38347 38840 38956 39210 39519 40053 40306 39756 38459 38778 38470 38567 38480 38528 38727 38645 38864
47753 38417 33295 31261 31051 31226 31277 26295 26358 26423 26521 26689 27051 27449 27547 27722 27794 26097 25486 25207 25409 25833 26188 26307 26337 26420 26760 27174 27756 28259 28876 29290 29822 30295 30850 31349 31860 32414 32915 33518 34314 35106 35349 35858 36282 36387 36830 36892 37165 37252 37668 37979 38163 38360 38629 38767 39052 39412 39811 39931 39439 38232 38365 38086 38138 38110 38233 38258 38267 38553
47364 38121 33094 31024 30832 30969 30969 26171 26209 26278 26414 26548 26817 26976 27298 27420 27692 25871 25305 24978 25230 25530 25748 25738 25884 26101 26570 27179 27692 28211 28659 29178 29598 30174 30639 31205 31685 32283 32891 33399 34078 34533 35062 35422 36003 36260 36371 36856 37101 37254 37684 37925 38090 38249 38486 38675 38914 39150 39408 39712 39086 37961 38133 37679 37708 37704 37770 37908 37936 38335
46605 37574 32691 30699 30520 30657 30642 26031 26019 26173 26364 26286 26389 26738 27006 27418 27336 25642 25107 24627 24814 25049 25208 25339 25588 25897 26529 27052 27578 27942 28523 28978 29504 29971 30536 31146 31684 32320 32862 33342 33770 34377 34836 35481 36077 36004 36539 36808 37090 37309 37743 38090 38308 38564 38879 39142 39082 38993 39331 39409 38814 37727 37753 37401 37464 37422 37545 37622 37909 38527
45993 37311 32397 30424 30299 30369 30497 25857 26076 26198 26252 26108 26182 26585 27025 27339 26975 25300 24772 24241 24368 24520 24790 25026 25365 25822 26395 26922 27309 27802 28340 28858 29347 29919 30708 31391 31927 32511 32896 33217 34001 34894 35086 35294 35710 36024 36376 37197 37737 38032 38353 38543 38742 38808 39108 39024 38747 38634 38781 38930 38366 37403 37339 37089 37019 37017 37146 37527 37861 37956
45427 36853 32121 30153 30087 30161 30336 25714 25846 25816 25821 25839 26021 26447 26963 27064 26649 24859 24280 23681 23793 24106 24451 24781 25208 25623 26124 26483 26989 27456 28048 28593 29095 29807 30475 31121 31599 32184 32635 32978 33993 34587 34910 35421 35878 36224 36598 37330 37725 37944 38290 38497 38696 38810 38979 38685 38393 38351 38661 38905 38157 37112 36911 36774 36787 36901 37112 37563 37385 37544
44947 36464 31921 29862 29927 30148 30070 25613 25520 25452 25568 25618 25906 26375 26709 27083 26343 24558 23934 23300 23531 23899 24310 24698 25091 25444 25775 26259 26736 27244 27830 28371 28982 29589 30198 30765 31261 31887 32339 32944 33593 34318 34889 35743 36695 37098 37814 38163 38322 38414 38900 39468 39809 38975 38592 38349 37986 38187 38607 38974 37957 36872 36444 36494 36624 36883 37235 37495 36981 37278
44307 36136 31619 29582 29621 29887 29633 25308 25223 25214 25298 25528 25756 26233 26652 27095 25916 24255 23712 23022 23253 23606 24062 24421 24788 24968 25526 26029 26569 27095 27712 28299 28943 29549 30137 30658 31166 31779 32332 32919 33465 34166 34900 35702 36616 37053 37580 37863 38104 38465 39064 39639 39891 38608 38263 38120 37670 37862 38312 38684 37540 36515 36125 36195 36487 36609 37029 37115 36604 36799
43395 35620 31085 29104 29201 29383 29090 24946 24897 24886 25052 25178 25690 26385 26867 26755 25487 23960 23508 22782 22964 23310 23718 24062 24297 24707 25292 25868 26449 27005 27661 28315 28982 29611 30257 30848 31499 32269 32744 33512 34191 34955 35601 36064 36677 36856 37396 37755 38167 38431 39045 39504 39708 38270 37965 37895 37424 37674 38027 38035 37090 36192 35838 36054 36228 36396 36665 36645 36277 36578
42617 35164 30597 28710 28661 28744 28494 24517 24486 24583 24663 24994 25484 26093 26077 26006 24821 23487 23163 22484 22650 22956 23313 23521 23981 24456 25109 25714 26297 26888 27579 28218 28849 29504 30131 30750 31456 32055 32646 33284 33833 34673 35109 35529 36356 36600 37161 37565 38095 38450 38844 39267 39516 37751 37606 37572 37075 37320 37581 37373 36586 35812 35605 35785 35903 35967 36119 36141 35979 36263
41611 34571 30008 28166 27989 28024 27828 24019 24109 24149 24446 24770 25236 25370 25297 25240 24082 22978 22796 22152 22287 22515 22696 23098 23618 24158 24831 25433 26077 26708 27385 28012 28652 29290 29980 30657 31239 31896 32339 32989 33645 34287 34592 35264 36036 36313 36914 37504 38025 38122 38510 38997 39278 37240 37202 37265 36722 36886 37081 36668 36060 35401 35375 35510 35455 35440 35573 35752 35669 36095
40940 34231 29676 27876 27588 27534 27416 23703 23784 23991 24364 24796 25028 24692 24716 24753 23640 22614 22488 21907 22021 22173 22603 23153 23785 24175 24785 25485 26211 26865 27513 28151 28778 29377 30002 30542 31073 31749 32323 32844 33332 33882 34521 35226 35917 36387 37084 37591 37851 38329 39043 39650 40078 36908 37037 37118 36415 36498 36547 36193 35736 35117 35156 35168 35246 35118 35311 35381 35538 35778
39894 33659 29027 27214 26953 26834 26912 23319 23518 23775 24167 24451 24400 24454 24659 24461 23398 22364 22209 21684 21666 21984 22529 23124 23535 23972 24725 25485 26226 26811 27558 28305 28976 29699 30509 31184 31954 32766 33447 34092 34596 35138 35499 36164 36719 37162 37794 38407 38907 39761 40605 40914 40800 36644 36891 36789 36077 36103 35942 35561 35267 34801 34751 34809 34803 34769 34839 35149 35304 35660
38433 32744 28045 26107 25920 25937 25950 22588 22822 23095 23468 23579 23936 24083 24450 23830 22779 21608 21376 21036 21228 21605 22055 22397 22830 23425 24204 24940 25645 26356 27166 27897 28601 29346 30175 30893 31621 32488 33147 33739 34413 34994 35577 35994 36392 36845 37355 38224 38816 39440 39922 39943 39959 36196 36237 36044 35476 35494 35218 34797 34602 34255 34332 34262 34240 34218 34342 34684 34989 35016
37131 31826 27217 25298 25093 25216 25197 22049 22285 22556 22780 23160 23556 23881 24398 23345 22355 21182 20909 20583 20822 21236 21615 22039 22614 23234 23984 24696 25454 26248 27063 27841 28580 29363 30188 30963 31793 32743 33454 34239 35277 36379 37435 38113 38788 38294 38344 38809 39200 39130 39334 39483 39828 36007 35894 35765 35252 35407 34978 34534 34388 34059 34012 34103 34073 34106 34402 34759 34758 34785
36033 30908 26441 24612 24253 24413 24420 21473 21696 21840 22269 22497 22970 23444 24088 22583 21734 20737 20513 20226 20440 20789 21263 21848 22481 23136 23879 24659 25557 26526 27487 28442 29392 30350 31375 32142 32829 33792 34467 35359 36360 37240 37990 38282 38668 37799 37927 38434 38648 38634 38889 39370 39400 35640 35519 35507 34979 35124 34708 34318 34186 33866 33713 33880 33877 34060 34396 34547 34512 34552
34877 30035 25630 23931 23365 23471 23483 20802 20965 21232 21600 22016 22493 23114 23502 21787 21073 20171 19961 19713 19896 20321 20909 21524 22148 22756 23578 24499 25488 26438 27457 28447 29404 30361 31208 31849 32691 33651 34412 35248 36097 36999 37557 37801 38264 37176 37340 37667 37975 38021 38547 38811 38782 35171 35143 35227 34677 34824 34357 33994 33889 33578 33503 33694 33820 33992 34218 34273 34247 34445
33880 29309 24932 23254 22593 22657 22717 20249 20475 20794 21247 21612 22175 22664 22601 20994 20366 19598 19451 19283 19493 19959 20561 21170 21814 22514 23469 24459 25445 26404 27442 28432 29364 30190 30924 31679 32547 33524 34287 35002 35904 36735 37126 37425 37634 36691 36767 37217 37488 37725 38154 38269 38231 34801 34890 34948 34442 34539 34022 33670 33620 33397 33455 33619 33755 33854 33971 34113 34177 34384
32908 28524 24266 22546 21851 21967 21948 19742 19993 20436 20853 21300 21773 22044 21729 20282 19712 19080 18983 18855 19104 19613 20245 20885 21615 22443 23437 24411 25396 26369 27409 28397 29177 29882 30715 31506 32367 33362 34105 34771 35663 36334 36848 36995 37308 36255 36283 36785 37217 37402 37952 37747 37777 34552 34664 34761 34242 34320 33803 33487 33486 33300 33452 33620 33714 33759 33876 34059 34209 34399
31884 27611 23471 21731 21046 21130 21181 19179 19514 19936 20404 20731 21180 21053 20772 19466 18995 18480 18427 18354 18605 19154 19872 20646 21551 22675 23930 25099 26189 27005 27668 28252 28917 29746 30610 31369 32230 33224 33968 34540 35319 36008 36504 36724 37032 35873 35859 36492 36858 37134 37593 37279 37286 34296 34475 34564 34040 34067 33636 33361 33350 33230 33415 33540 33613 33638 33803 34073 34271 34450
30676 26532 22524 20723 20024 20145 20230 18460 18793 19228 19661 20006 20389 20012 19694 18600 18235 17839 17759 17730 18020 18662 19483 20397 21588 22674 23854 24940 25776 26383 27025 27766 28544 29382 30236 31004 31860 32896 33544 34025 34877 35560 36130 36379 36726 35282 35266 35951 36378 36560 36985 36611 36644 33953 34133 34235 33718 33767 33443 33196 33167 33101 33284 33414 33467 33583 33825 34082 34356 34559
29452 25398 21560 19700 19030 19173 19291 17713 18067 18443 18901 19263 19530 19008 18714 17798 17486 17146 17065 17045 17435 18176 19164 20399 21523 22571 23668 24495 25127 25718 26542 27407 28225 29049 29918 30675 31521 32500 33138 33626 34499 35215 35862 36134 36267 34707 34692 35439 35745 35952 36503 35951 36005 33654 33860 33850 33449 33538 33258 33051 33025 32961 33172 33270 33502 33651 33858 34155 34339 34458
28154 24122 20481 18536 17904 18107 18182 16847 17125 17525 17996 18227 18254 17869 17599 16865 16605 16363 16298 16367 16811 17700 19009 20188 21306 22297 23154 23784 24399 25174 26117 27023 27822 28684 29545 30257 31049 32042 32675 33154 34063 34820 35551 35588 35928 34036 34067 34703 35033 35341 35770 35201 35228 33268 33398 33423 33113 33259 33024 32868 32837 32782 32949 33219 33460 33525 33823 34002 34181 34372
26997 22985 19545 17570 16972 17164 17183 16106 16424 16817 17266 17126 17137 16847 16664 16060 15827 15676 15728 15818 16425 17640 18927 20123 21203 21967 22646 23267 24064 24961 25956 26832 27697 28564 29369 30041 30836 31803 32422 32941 33829 34598 35089 35294 35754 33501 33545 34122 34569 34782 35369 34564 34572 32961 33130 33156 32904 32940 32804 32705 32710 32641 32961 33219 33391 33465 33720 33862 34085 34302
25924 22006 18643 16622 16041 16174 16280 15411 15743 16096 16511 16080 16044 15856 15697 15261 15151 15060 15187 15496 16461 17731 18936 20047 20865 21411 22086 22894 23809 24750 25707 26632 27494 28297 29062 29754 30544 31510 32133 32696 33635 34202 34758 35049 35347 32944 32939 33691 34025 34325 34781 33911 33919 32623 32796 32769 32606 32661 32558 32511 32535 32653 32990 33154 33314 33426 33621 33876 34109 34348
24681 20850 17658 15583 15015 15212 15361 14622 14899 15254 15836 14965 14895 14764 14633 14375 14337 14463 14780 15427 16431 17577 18786 19654 20244 20797 21631 22539 23495 24408 25418 26364 27152 27901 28694 29370 30158 31135 31824 32428 33180 33855 34537 34722 34883 32359 32405 33037 33499 33733 33961 33229 33221 32284 32392 32438 32325 32402 32366 32386 32519 32655 32916 33112 33285 33367 33649 33845 34112 34330
23490 19765 16737 14659 14102 14332 14478 13909 14207 14691 15151 13951 13880 13805 13741 13631 13808 14141 14741 15401 16303 17438 18410 19053 19653 20350 21298 22258 23198 24166 25215 26085 26848 27626 28413 29122 29910 30916 31656 32088 32934 33687 34283 34253 34408 31820 31830 32570 33143 32945 33181 32558 32590 32000 32133 32162 32138 32180 32225 32388 32568 32736 33132 33355 33559 33646 33906 34094 34419 34637
22222 18605 15717 13680 13171 13453 13422 13179 13596 13967 14073 12915 12825 12806 12862 13124 13442 13991 14560 15092 16002 16958 17783 18455 19186 19964 20953 21891 22868 23868 24861 25716 26518 27286 28097 28853 29647 30692 31349 31829 32827 33430 34336 33822 33979 31302 31315 32184 32425 32111 32294 31929 31986 31710 31807 31899 31985 32049 32315 32560 32817 33075 33605 33753 33924 33967 34301 34543 34990 35299
20870 17366 14606 12657 12203 12319 12362 12496 12875 12816 12840 11807 11728 11900 12306 12719 13210 13728 14136 14632 15379 16229 17146 17982 18788 19594 20564 21539 22532 23482 24481 25369 26200 26987 27834 28606 29386 30376 31140 31740 32577 33393 33637 33336 33386 30754 30898 31446 31383 31206 31264 31295 31379 31346 31527 31692 31812 32069 32445 32783 32951 33212 33440 33634 33828 33939 34296 34595 34969 35421
19886 16652 14046 12126 11690 11727 12050 12317 12350 12259 12205 11230 11282 11849 12391 12955 13647 14370 14961 15589 16266 16987 17813 18620 19472 20283 21232 22193 23192 24136 25212 26241 27280 28364 29469 30624 31702 32731 33352 33767 34149 34815 33002 32822 32892 30365 30634 30781 30748 30686 30786 30963 31177 31610 32225 32884 33607 34472 35538 35998 35887 35910 35682 35693 35949 36309 37073 38050 38921 39982
19430 16365 13863 11808 11516 11681 12164 12508 12128 12044 12016 10993 11077 11803 12435 13201 14199 15159 15902 16696 17597 18603 19794 20940 22092 23145 24304 25443 26617 27748 28628 28983 29313 29859 30507 31019 31571 32271 32789 32866 33437 34275 32241 31759 31964 29732 30045 30223 30434 30290 30426 30672 31116 31820 32551 33300 34057 34309 34962 35286 35144 35165 35001 35088 35502 36142 37148 38061 38689 39837
19011 15959 13581 11395 11234 11575 12049 12303 11743 11666 11723 10565 10637 11554 12348 13267 14316 15363 16053 16670 17560 18817 20095 21286 22757 24090 25390 26298 26978 27347 27752 28055 28577 29246 29698 30267 30862 31517 31681 31836 32542 33193 31174 30480 30917 28954 29284 29631 29904 29757 29985 30419 31270 32049 32730 33271 33256 33582 34137 34414 34305 34315 34287 34492 35211 35990 37021 37740 38399 39416
18590 15415 13185 10909 10817 11198 11680 11797 11158 11107 11141 9962 10134 11252 12239 13163 14362 15234 15762 16374 17417 18525 19790 21415 23028 23975 24973 25642 26048 26317 26698 27196 27873 28393 28940 29490 30038 30445 30614 30864 31428 32052 30004 29258 29748 28096 28417 28811 29168 29071 29570 30416 31275 32017 32571 32576 32568 32892 33398 33579 33565 33747 33796 34302 35171 35861 36906 37573 38137 39220
18045 14739 12693 10394 10282 10688 11077 11107 10489 10469 10452 9331 9588 10866 11936 13040 14121 14881 15334 16044 16938 18066 19889 21406 22470 23377 24145 24548 24838 25086 25663 26320 26829 27451 27983 28522 28877 29249 29421 29575 30102 30623 28676 27909 28454 27127 27417 27868 28327 28534 29437 30334 31104 31932 31812 31836 31846 32154 32537 32776 32938 33247 33589 34266 34981 35724 36775 37334 37964 39031
17397 13951 12095 9843 9641 9991 10367 10317 9729 9756 9667 8649 9001 10312 11622 12679 13695 14354 14891 15426 16336 18077 19711 20774 21788 22467 22977 23267 23516 23967 24701 25196 25787 26398 26921 27284 27651 28033 28016 28149 28595 29292 27274 26555 27044 26128 26356 26870 27758 28309 29299 30122 30933 31271 31022 31083 31122 31356 31780 32126 32431 33035 33543 34112 34815 35621 36571 37203 37839 38839
16531 13055 11412 9304 8997 9378 9630 9589 9057 9120 9003 8079 8449 9967 11230 12260 13196 13934 14237 14766 16409 17951 19217 20239 21007 21407 21772 22004 22438 23050 23630 24239 24807 25400 25759 26190 26608 26793 26677 26826 27498 28155 26042 25403 25984 25325 25503 26390 27645 28265 29246 30109 30389 30736 30387 30499 30575 30839 31292 31713 32307 33068 33615 34229 34918 35753 36710 37374 38067 39075
15512 11971 10527 8660 8245 8541 8732 8786 8221 8320 8161 7349 7829 9311 10528 11556 12495 12996 13335 14594 15967 17262 18548 19387 19898 20181 20481 20877 21446 21912 22614 23219 23770 24199 24627 25081 25301 25320 25347 25630 26346 26764 24810 24406 24908 24595 24928 26062 27514 28129 29286 29518 29785 30133 29747 29933 30094 30435 30968 31558 32456 33410 34094 34838 35635 36655 37508 38291 39133 40275
14268 10718 9548 7972 7427 7630 7916 7978 7426 7549 7392 6663 7111 8474 9715 10724 11468 12032 13039 14073 15269 16607 17699 18245 18622 18838 19273 19796 20226 20810 21490 22101 22430 22917 23361 23705 23893 23853 23961 24362 24827 25431 23518 23310 23790 23973 24576 25899 27366 28171 28592 28869 29100 29571 29041 29328 29609 30018 30676 31568 32513 33470 34173 34958 35698 36465 37442 38284 39275 40461
12676 9235 8397 7195 6505 6765 7083 7044 6589 6688 6566 5941 6326 7661 8837 9617 10353 11609 12372 13282 14607 15767 16540 16948 17237 17596 18131 18501 19071 19658 20352 20782 21151 21621 21989 22347 22543 22489 22685 22924 23623 23825 22366 22375 23174 23663 24378 25678 27316 27380 27864 28135 28550 28603 28383 28854 29231 29779 30703 31564 32385 33742 34628 34924 35399 36392 37322 38568 39592 41026
11087 7731 7186 6291 5602 5859 6069 6009 5737 5755 5726 5227 5426 6775 7636 8353 9680 10651 11229 12258 13420 14264 14956 15278 15748 16192 16616 17128 17721 18294 18840 19291 19672 20116 20477 20901 21046 21097 21209 21701 22198 22049 21241 21439 22634 23160 24002 25550 26307 26408 26941 27373 27360 27408 27593 28133 28703 29292 30196 31036 32305 33533 33854 34167 34940 35846 37231 38164 39312 40716
9426 6239 5973 5326 4669 4740 4880 5060 4794 4841 4777 4524 4676 5734 6504 7735 8684 9412 10055 10916 11805 12570 13156 13625 14128 14414 14993 15535 16142 16582 17192 17655 18057 18473 18926 19333 19552 19576 19976 20359 20395 20525 20236 20784 21921 22525 23647 24438 25116 25335 25948 26007 26103 26498 26755 27491 28121 28568 29456 30835 31940 32646 33044 33597 34328 35638 36747 37696 38800 40037
7707 5007 4786 4295 3780 3812 4083 4264 4048 4069 4144 3944 4039 4996 6106 7005 7625 8339 8984 9728 10544 11175 11858 12341 12688 13092 13677 14218 14716 15206 15810 16274 16673 17177 17638 18083 18262 18504 18870 19062 19380 19638 19702 20321 21510 22342 23022 23759 24200 24481 24765 24940 25355 25689 26159 26933 27531 27827 29176 30402 31171 31840 32571 32975 34128 35261 36229 37337 38216 39723
6133 3924 3751 3374 3040 3222 3411 3432 3395 3534 3695 3475 3538 4822 5602 6175 6723 7393 7928 8625 9343 10120 10840 11168 11602 12001 12570 13003 13542 14035 14641 15089 15584 16072 16534 16962 17308 17557 17801 18228 18645 19183 19276 20073 21385 21806 22486 23030 23451 23509 23836 24343 24645 25091 25670 26313 26790 27499 28750 29674 30383 31247 31912 32761 33779 34789 35827 36687 37827 39260
5015 3105 3010 2692 2458 2604 2639 2759 2973 3015 3040 3105 3466 4428 4923 5418 5982 6549 7074 7617 8405 9182 9690 10095 10545 10992 11550 12076 12622 13150 13737 14231 14730 15250 15670 16200 16538 16848 17164 17597 18166 18674 18976 19750 20731 21086 21693 22237 22526 22650 23141 23629 24011 24572 25154 25585 26268 26960 28040 28979 29864 30706 31641 32410 33338 34264 35208 36303 37280 38657
4353 2635 2659 2384 2246 2389 2438 2742 2778 2790 2898 3085 3478 4104 4577 5185 5740 6330 6790 7419 8158 8750 9372 9843 10369 10843 11444 11978 12508 13010 13579 14061 14553 15017 15466 15942 16260 16629 17040 17417 17832 18375 18936 19691 20582 20974 21638 21959 22308 22646 23141 23635 23961 24473 24968 25471 26113 26792 27927 28995 29897 30713 31572 32381 33268 34143 35191 36248 37224 38462
3407 2111 2204 2016 1959 2171 2515 2667 2624 2690 2811 3102 3570 4204 4779 5203 5672 6189 6747 7353 7941 8611 9274 9830 10441 11006 11708 12293 12787 13282 13886 14427 14983 15589 16119 16751 17181 17620 18207 18746 19374 20246 21046 22126 23420 24007 24692 24976 25256 25586 26249 26867 27185 27748 28253 28815 29497 30212 31366 32457 33206 33907 34634 35445 36339 37161 37890 38757 39317 40347
2598 1690 1822 1660 1628 2079 2363 2465 2559 2557 2893 3118 3585 4259 4588 5150 5589 6120 6653 7157 7806 8460 9116 9672 10285 10833 11525 12061 12609 13128 13732 14251 14846 15399 16002 16650 17107 17598 18042 18654 19478 20378 21180 22120 23328 23662 24439 24804 25147 25501 26117 26650 27037 27558 28039 28617 29305 29976 31138 32072 32933 33705 34442 35262 36093 36646 37583 38262 39012 39855
1891 1283 1346 1334 1467 1843 2147 2333 2364 2523 2740 3092 3571 3990 4516 5091 5422 5901 6361 6917 7536 8172 8841 9444 10054 10595 11247 11836 12402 12922 13521 14083 14651 15267 15896 16544 17003 17443 17998 18660 19490 20439 21239 22043 23040 23461 24172 24561 25006 25307 25917 26464 26870 27422 27849 28489 29148 29848 30876 31858 32786 33609 34289 35094 35690 36368 37191 37980 38605 39478
1060 790 1059 1174 1353 1755 2119 2250 2383 2506 2763 2984 3356 3903 4445 4920 5255 5746 6302 6901 7568 8257 8947 9555 10197 10819 11596 12305 12992 13639 14366 15030 15697 16403 17132 17877 18432 18997 19554 20173 21013 21878 22510 23197 24127 24556 25243 25824 26297 26598 27191 27689 28054 28478 28877 29442 30023 30574 31466 32265 32989 33622 34190 34869 35505 36150 36941 37706 38428 39313
476 701 1001 1285 1501 1965 2405 2682 3025 3265 3710 3965 4193 4789 5301 5728 6050 6552 7213 7952 8842 9785 10677 11422 12208 13021 14043 14980 15894 16785 17753 18610 19497 20352 21226 22130 22875 23736 24390 24982 25792 26587 27180 28022 29130 29778 30690 31560 32156 32662 33351 33988 34472 34984 35633 36275 37028 37706 38843 39802 40578 41247 42037 42720 43490 44172 45012 45775 46595 47692
