796 380 394 487 656 458 240 337 223 172 201 290 210 370 692 838 893 962 968 846 795 705 689 782 774 748 746 789 740 794 801 592 492 411 391 301 401 300 277 211 242 128 107 139 188 189 424 177 309 347 118 301 257 153 161 431 364 204 185 212 383 306 357 289 243 165 132 239 489 369
422 204 124 298 352 376 268 373 206 239 177 254 279 275 662 968 1006 1051 1031 948 871 789 758 821 773 640 589 672 571 581 635 585 540 418 407 319 384 298 245 192 253 215 205 175 213 227 380 193 251 379 138 254 402 241 145 379 222 155 132 282 408 271 190 325 159 95 120 329 344 205
690 468 369 694 773 700 571 697 526 695 482 621 504 548 918 1297 1307 1327 1313 1215 1126 1011 944 995 923 803 888 1102 934 1093 1234 1198 1106 877 779 564 693 598 560 537 701 512 272 479 580 229 753 349 556 796 431 484 611 450 460 849 432 282 363 516 698 569 381 538 343 304 347 425 461 410
559 322 287 587 665 679 416 393 465 500 352 653 467 497 976 1228 1353 1330 1311 1231 1125 1080 1071 1186 1163 1048 1088 1176 925 847 935 782 659 515 488 345 354 358 306 360 471 363 309 344 365 274 611 279 425 579 389 392 337 336 319 583 246 194 281 284 379 468 297 388 274 221 239 297 458 347
505 178 193 401 547 432 256 306 295 305 230 360 305 454 874 1082 1157 1224 1238 1130 1032 939 878 943 938 830 775 812 630 627 691 551 461 399 418 290 356 318 203 169 337 231 244 233 188 148 465 165 370 471 280 204 305 267 193 411 275 184 180 246 241 250 184 376 136 85 106 265 352 326
341 203 234 280 444 360 223 218 258 237 109 315 235 234 449 623 741 744 743 682 634 587 586 684 694 599 668 771 630 570 642 507 422 348 378 344 356 234 228 179 283 180 356 273 208 276 342 86 182 325 245 262 208 295 212 408 218 214 221 215 208 159 136 248 74 89 100 103 229 183
552 399 339 438 444 401 318 302 151 286 181 337 147 157 419 623 613 606 593 530 488 431 432 523 467 410 503 678 580 643 760 700 708 540 467 417 472 281 301 287 259 158 164 251 294 240 289 128 131 264 130 269 344 308 236 456 348 152 136 164 401 248 244 176 178 139 164 185 293 219
487 206 213 467 511 453 202 215 278 296 151 441 254 347 762 945 999 1010 987 883 804 750 718 813 816 764 795 861 715 713 842 678 591 533 540 438 433 357 306 220 342 210 247 227 218 216 454 200 293 453 291 291 221 219 237 448 229 137 223 175 237 260 191 231 181 112 144 155 356 289
636 369 300 545 512 575 348 314 231 286 251 501 284 269 727 945 1008 991 981 909 817 783 804 925 896 834 833 901 732 686 757 619 547 378 325 260 269 208 219 276 220 177 107 173 235 293 384 219 238 282 133 288 268 248 188 398 262 122 112 135 364 390 296 220 255 149 152 282 433 255
449 356 310 367 333 392 294 164 153 178 150 368 201 139 419 554 629 629 655 631 578 568 589 695 683 603 593 627 472 354 415 335 339 244 258 328 300 148 147 191 112 143 338 225 184 443 148 125 82 103 162 208 236 373 182 231 268 235 122 106 209 192 211 198 180 130 162 266 320 186
465 230 156 374 454 526 367 475 340 406 288 404 428 457 971 1309 1357 1355 1268 1167 1069 992 983 1073 994 822 806 946 810 774 847 783 742 605 566 392 446 435 346 316 409 342 301 297 347 232 607 347 383 597 277 416 580 308 261 565 299 159 243 379 545 416 276 392 239 188 206 384 475 357
587 370 233 472 439 468 354 338 185 345 242 347 215 329 768 1013 1013 1058 1033 944 854 768 731 795 690 567 563 666 529 577 686 685 729 578 510 378 482 386 244 285 276 251 165 198 301 149 343 192 246 407 177 226 467 274 187 401 289 67 76 185 434 283 267 262 208 129 172 374 454 356
520 254 263 400 449 486 239 199 201 201 111 383 244 301 709 841 944 932 873 776 688 653 692 824 815 738 755 811 703 602 693 525 471 403 416 355 346 291 243 217 203 169 294 200 195 324 395 241 219 330 203 327 291 263 207 384 289 127 175 148 254 228 229 139 151 95 93 193 447 359
286 175 122 310 299 285 156 154 205 268 61 307 192 242 575 796 806 826 794 717 668 615 565 631 591 488 535 634 522 525 680 631 635 586 596 543 540 391 305 190 312 232 373 256 248 244 309 153 171 412 298 267 312 277 232 386 184 147 209 184 237 138 96 188 124 92 176 168 262 210
196 176 216 232 389 403 341 383 346 411 203 393 353 241 467 731 807 735 670 625 578 544 564 671 663 532 655 896 750 690 818 744 696 586 594 521 494 359 407 313 454 293 491 463 356 361 516 222 227 479 353 409 435 447 361 613 325 276 353 392 403 264 159 352 118 173 186 130 184 177
311 260 265 237 348 319 297 245 236 327 241 359 262 251 594 809 822 756 716 684 658 641 652 769 703 568 647 854 652 543 603 527 568 458 408 364 342 210 207 225 298 178 374 375 280 248 341 140 120 293 257 296 415 384 256 441 331 230 232 204 351 267 206 312 183 205 228 163 216 167
476 322 217 414 353 474 317 332 203 319 201 412 264 223 681 961 955 904 818 746 681 649 673 789 705 606 663 832 725 703 820 766 780 619 544 449 448 346 341 318 281 220 205 234 317 280 415 280 180 377 164 384 449 259 233 478 270 93 172 207 503 367 277 198 261 187 212 269 413 245
704 586 341 650 484 737 625 626 376 593 512 647 497 415 1019 1420 1378 1322 1236 1184 1095 1059 1075 1179 1011 850 863 1051 878 858 950 1000 1070 801 648 502 546 488 442 554 440 447 240 363 556 379 574 476 360 553 261 524 763 420 352 629 386 177 230 374 850 689 516 443 521 403 441 631 663 391
370 296 196 295 285 482 424 380 193 313 292 369 274 157 561 820 875 832 792 766 681 661 694 799 732 596 580 718 532 431 497 506 557 402 380 311 313 231 204 275 192 192 244 234 236 320 313 209 137 247 118 224 434 319 152 320 244 110 96 234 468 332 292 371 229 173 154 374 370 185
360 227 253 318 383 357 225 245 197 228 106 331 180 116 341 523 567 534 509 449 411 381 394 500 516 477 567 718 626 622 745 623 569 482 493 470 442 269 337 225 272 135 281 266 213 326 340 144 131 279 189 293 222 281 238 435 273 195 227 209 293 198 177 208 136 116 121 82 215 141
439 272 260 467 490 407 309 494 386 462 251 485 434 361 707 1096 1023 991 944 856 827 758 715 790 765 679 762 996 920 1024 1169 1059 951 786 709 639 632 454 571 376 579 366 350 471 461 373 641 353 376 604 375 554 529 454 462 782 434 387 428 448 552 448 198 334 274 246 336 212 227 183
325 269 221 418 301 315 260 328 262 400 179 458 306 202 551 884 766 712 663 606 588 556 519 596 556 488 573 797 709 779 974 928 925 789 722 714 649 419 515 335 457 296 377 435 406 413 440 304 208 443 342 457 478 458 421 619 384 321 351 311 454 341 153 229 266 222 339 188 177 120
633 394 344 606 515 438 242 347 250 294 132 444 239 206 467 720 669 692 691 595 565 500 463 534 544 561 634 744 741 898 1066 937 834 705 667 660 664 435 538 340 390 250 211 272 347 412 426 275 276 413 239 436 284 308 352 581 358 288 300 270 426 336 249 171 287 187 260 199 338 220
518 381 280 379 352 283 281 316 132 252 222 280 167 159 471 750 670 692 715 667 650 588 544 605 527 448 463 613 502 577 640 616 647 480 390 376 432 220 244 221 230 144 132 226 262 222 222 107 119 210 98 223 379 297 187 378 323 219 119 178 435 289 233 275 242 177 234 274 241 110
449 272 395 497 639 619 496 600 474 469 340 585 507 305 459 703 814 782 800 744 659 609 626 722 842 806 837 991 860 872 1006 835 630 505 571 562 517 373 557 408 544 361 476 542 371 631 674 356 452 502 406 464 364 615 494 724 524 507 459 553 416 409 255 501 204 205 191 248 232 238
396 191 339 434 588 497 364 517 458 428 279 555 512 356 596 879 931 878 865 792 735 690 695 802 901 853 898 1084 965 966 1085 864 652 541 568 558 485 343 546 345 562 330 470 548 364 558 707 364 434 529 424 531 386 573 504 767 520 521 502 514 392 416 189 424 202 209 232 150 166 189
467 459 324 450 227 251 348 369 184 354 274 409 308 183 526 880 685 683 702 683 689 654 594 639 551 457 436 605 517 586 706 746 830 655 546 651 621 324 415 325 336 297 376 435 425 527 242 297 155 251 264 396 609 591 398 483 500 460 278 297 528 383 227 298 373 296 452 420 218 102
699 585 404 706 426 342 359 383 249 446 295 516 322 330 698 1053 834 893 947 890 885 808 694 709 609 545 539 662 584 773 935 957 1000 800 655 723 758 453 487 395 451 392 312 432 521 464 302 312 289 400 349 430 593 585 467 584 523 462 293 279 524 428 251 252 420 305 513 459 315 230
581 580 522 679 387 368 440 352 307 530 377 687 418 320 696 980 746 691 714 698 705 699 648 720 663 612 643 845 697 743 938 911 990 819 687 838 729 403 544 458 505 404 554 674 573 700 366 424 255 340 499 541 671 845 647 673 729 632 450 312 483 478 268 278 466 400 602 392 225 231
744 644 605 779 524 320 391 385 373 531 413 680 446 449 788 1071 785 803 881 840 878 838 720 753 714 700 696 841 735 876 1041 969 1008 881 754 923 851 483 617 448 593 444 565 696 597 693 407 433 374 423 573 573 655 843 692 722 800 776 544 375 495 517 317 378 555 469 701 439 259 276
477 429 449 514 387 393 444 403 311 433 355 623 488 296 651 956 850 773 798 791 766 763 766 872 866 773 760 951 766 702 806 703 670 470 374 525 416 181 388 358 410 326 502 620 451 700 410 369 256 245 384 498 587 818 550 630 672 627 393 341 407 462 194 300 321 292 427 326 138 136
862 611 482 881 700 568 518 601 456 620 471 722 577 596 1046 1466 1316 1381 1456 1375 1318 1211 1096 1120 1056 959 909 1021 870 1047 1173 1108 1009 746 584 595 663 461 522 489 633 539 325 557 622 506 588 430 561 602 472 545 683 726 592 804 648 589 389 437 584 622 295 396 444 334 531 550 379 348
1214 875 953 1258 1303 885 914 1060 981 1074 963 1152 1059 1114 1419 1804 1676 1779 1968 1888 1833 1694 1517 1511 1570 1507 1414 1525 1281 1504 1598 1413 1173 951 847 891 959 733 883 793 1180 922 781 1130 953 891 1092 718 1112 1023 1009 839 944 1298 1088 1298 1209 1244 908 949 770 976 575 1004 727 683 877 817 487 660
1099 814 855 1163 1100 885 784 923 765 821 655 1042 874 715 914 1288 1238 1264 1383 1310 1254 1159 1102 1160 1249 1242 1252 1391 1280 1473 1612 1395 1096 804 701 806 820 567 872 752 923 736 590 896 838 976 929 657 840 760 709 868 711 1095 950 1200 1002 1015 749 774 711 846 464 584 565 503 653 578 425 476
932 828 905 1187 966 941 825 850 805 921 631 1260 961 637 885 1244 1156 1034 1059 1022 980 972 998 1125 1221 1226 1340 1584 1465 1532 1778 1552 1304 1009 890 1075 915 626 1046 888 1001 807 850 1112 980 1268 1003 847 760 769 869 1106 827 1314 1169 1351 1114 1098 920 781 739 913 453 436 634 600 786 488 392 471
973 887 975 1194 929 924 930 915 766 946 747 1253 958 625 866 1197 1053 951 1016 1002 953 944 954 1058 1159 1170 1201 1435 1288 1364 1607 1439 1265 980 871 1100 939 612 1024 897 966 801 882 1177 965 1349 934 868 762 677 868 1015 927 1460 1192 1282 1271 1194 898 818 763 918 507 568 683 635 820 627 380 496
818 696 814 969 855 642 682 670 613 799 570 966 700 588 783 1053 899 853 934 891 866 815 764 835 902 895 968 1212 1050 1183 1413 1249 1120 902 795 944 865 533 808 669 867 628 737 1016 789 931 757 576 620 622 776 760 751 1211 993 1114 1091 983 738 625 530 636 325 460 462 463 652 391 202 420
810 638 803 940 944 681 663 725 670 785 527 936 737 618 740 1015 934 898 969 906 873 803 765 842 946 939 1040 1286 1159 1305 1519 1300 1082 870 793 910 857 552 851 668 915 642 745 1008 784 919 861 572 685 705 780 810 700 1167 995 1193 1063 988 784 699 527 622 306 466 395 425 581 323 200 435
918 777 920 1111 1129 899 825 868 816 960 620 1114 848 684 754 1047 1026 960 1018 957 908 839 828 923 1026 1020 1208 1499 1360 1521 1769 1549 1284 1006 908 984 951 661 987 847 1071 778 798 1112 951 993 1016 648 789 858 875 949 751 1246 1119 1390 1100 1010 872 798 656 747 400 500 449 498 639 356 299 531
1138 930 1131 1331 1354 1083 1017 1134 1020 1148 829 1334 1098 890 964 1296 1242 1170 1240 1169 1117 1039 1027 1122 1268 1286 1442 1752 1629 1827 2075 1801 1469 1169 1063 1165 1112 809 1230 1035 1301 962 955 1354 1139 1250 1290 891 1043 1048 1064 1187 960 1513 1372 1669 1402 1306 1111 1051 853 988 558 700 633 674 821 522 409 681
1117 957 1109 1314 1359 1127 1083 1198 1038 1175 830 1291 1101 873 868 1213 1215 1177 1259 1196 1128 1030 1014 1087 1223 1210 1365 1656 1543 1758 2007 1798 1470 1154 1073 1158 1159 859 1230 1065 1306 1019 986 1336 1165 1255 1265 862 1057 1084 1056 1151 981 1519 1346 1648 1345 1277 1076 1106 886 950 562 746 592 648 787 597 448 707
1215 1102 1248 1479 1502 1264 1224 1357 1212 1368 959 1475 1265 994 955 1341 1325 1267 1344 1285 1230 1134 1114 1186 1322 1311 1515 1850 1744 1990 2270 2068 1721 1378 1277 1368 1357 1027 1442 1247 1520 1199 1151 1532 1371 1418 1440 1012 1199 1271 1238 1352 1132 1696 1548 1879 1483 1444 1266 1275 1054 1111 669 858 731 801 964 691 529 801
1036 1001 1047 1298 1246 1105 1078 1170 1010 1189 782 1267 1051 768 733 1123 1109 1067 1137 1094 1042 954 932 991 1080 1049 1248 1554 1462 1698 1978 1864 1593 1252 1156 1245 1252 915 1260 1102 1292 1052 995 1294 1217 1251 1170 835 967 1080 1033 1153 991 1465 1315 1608 1213 1196 1039 1080 950 931 556 697 615 664 830 627 465 646
1079 972 1075 1295 1266 1118 1099 1192 977 1189 855 1310 1063 781 855 1246 1196 1103 1155 1109 1048 974 980 1072 1163 1145 1329 1688 1550 1754 2012 1841 1567 1194 1053 1120 1099 797 1200 1082 1262 968 875 1307 1173 1196 1226 855 961 1012 971 1142 1016 1473 1310 1636 1311 1184 1011 1037 967 1007 577 698 627 667 803 578 417 622
1169 1042 1189 1357 1391 1163 1135 1253 1075 1211 884 1348 1143 862 834 1194 1179 1114 1194 1145 1098 1015 1016 1102 1233 1232 1415 1738 1632 1843 2078 1863 1536 1193 1088 1198 1182 857 1288 1126 1339 1039 1007 1390 1227 1328 1292 902 1056 1074 1065 1230 1019 1564 1398 1712 1399 1343 1133 1143 977 1034 630 776 670 728 862 616 466 692
1078 973 1037 1263 1217 1055 1043 1144 918 1093 767 1182 972 718 694 1051 1021 1002 1089 1039 982 885 860 913 1015 1009 1155 1431 1351 1605 1863 1738 1477 1152 1065 1160 1180 842 1185 1028 1186 952 882 1206 1110 1201 1096 790 929 969 927 1048 938 1405 1230 1501 1228 1159 953 1023 905 883 555 691 589 614 757 626 449 628
1225 1053 1115 1349 1359 1235 1151 1256 958 1124 825 1225 995 739 696 1024 1072 1050 1123 1061 973 868 883 956 1068 1076 1242 1514 1446 1702 1945 1798 1500 1143 1061 1100 1163 874 1214 1107 1188 965 809 1166 1128 1197 1183 823 990 1009 876 1074 928 1356 1212 1548 1238 1095 931 1061 996 948 670 723 608 624 700 669 590 732
1317 1180 1182 1405 1405 1378 1287 1357 994 1172 894 1270 1050 750 695 1026 1128 1101 1161 1112 1008 907 958 1045 1130 1112 1281 1547 1483 1702 1923 1817 1537 1136 1048 1077 1170 907 1228 1201 1176 1028 834 1168 1197 1273 1200 877 1010 1020 854 1124 1012 1388 1215 1561 1247 1080 915 1109 1121 1022 780 764 662 677 722 797 737 815
666 552 530 665 651 534 566 607 427 519 357 538 493 408 482 756 763 853 955 906 847 740 674 690 723 637 615 707 622 755 893 861 754 575 570 661 737 470 546 462 559 512 576 613 544 705 472 334 475 489 472 453 583 845 586 709 676 670 419 552 450 356 244 448 245 237 360 488 293 359
203 151 148 110 273 153 238 273 276 323 247 154 243 377 643 837 816 903 916 861 839 760 645 652 599 437 378 463 312 297 367 408 527 593 675 613 654 485 281 147 376 285 597 389 229 227 305 142 248 474 415 160 505 398 229 306 318 328 301 381 317 111 198 609 199 219 275 376 271 279
192 317 290 188 298 249 427 390 386 534 362 282 331 410 585 769 721 769 754 729 722 659 559 564 482 302 322 493 345 332 476 613 826 883 959 915 936 699 488 353 551 465 871 634 455 420 379 272 286 610 610 312 738 650 441 480 488 458 463 534 487 175 304 706 303 371 449 486 342 405
283 577 516 424 383 414 692 643 522 803 531 526 467 361 395 639 506 494 479 495 511 467 384 382 306 168 284 581 470 557 811 1033 1275 1240 1270 1292 1273 900 837 656 796 669 1050 933 756 746 507 464 362 721 777 545 965 986 751 785 751 691 673 752 762 365 437 798 478 560 677 604 346 439
430 711 680 560 437 472 739 695 553 830 587 629 494 348 357 556 357 321 297 314 357 338 270 281 235 175 306 611 566 685 972 1162 1420 1413 1445 1527 1448 1007 1030 764 850 696 1125 1024 828 946 563 608 396 725 838 684 1014 1078 880 874 923 828 808 815 868 464 573 825 643 693 808 648 434 506
586 850 867 737 571 619 845 789 642 915 685 817 580 363 350 516 298 211 179 202 255 266 236 280 274 283 455 792 765 887 1201 1328 1556 1533 1555 1677 1538 1064 1203 904 943 742 1181 1148 926 1144 687 748 464 750 913 844 1041 1197 1035 1028 1093 962 949 886 972 614 708 857 784 819 915 661 504 567
769 876 925 794 681 624 725 676 549 728 570 737 432 291 222 287 122 73 71 64 121 123 108 169 205 295 478 735 765 921 1194 1213 1366 1364 1401 1530 1423 955 1116 812 791 582 968 944 779 1048 595 634 411 610 749 761 774 977 896 913 1010 860 846 733 848 539 728 715 738 737 783 534 551 566
944 1082 1187 1017 971 945 996 860 751 935 752 1013 598 372 187 184 135 32 42 58 90 115 165 269 357 476 740 1030 1007 1114 1403 1371 1455 1400 1452 1584 1464 1015 1252 1034 949 719 1109 1141 946 1265 778 738 548 703 891 908 796 1184 1085 1125 1172 991 990 867 943 696 897 828 818 856 844 583 669 716
1082 1090 1224 1099 1057 940 881 787 781 854 717 1002 560 446 276 188 132 87 113 93 141 161 173 262 391 584 811 987 1026 1170 1451 1346 1409 1475 1590 1723 1589 1138 1329 998 950 699 1121 1057 875 1272 799 778 622 763 940 919 667 1043 1056 1059 1140 1014 1061 855 894 690 987 879 929 912 889 602 815 811
1282 1185 1334 1278 1250 1042 906 830 889 863 772 1083 614 551 320 175 161 194 293 257 300 301 272 334 524 776 945 991 1047 1238 1499 1340 1327 1450 1629 1792 1676 1222 1396 1024 1003 762 1158 1042 870 1371 837 809 771 827 1022 921 549 1039 1084 1043 1153 1130 1134 915 855 734 1084 1003 1027 968 940 705 943 905
1371 1323 1343 1262 1307 1124 1042 1025 980 979 947 1000 619 624 376 267 258 349 439 407 464 435 363 379 483 694 862 906 979 1231 1440 1426 1526 1675 1866 1902 1895 1460 1475 1131 1082 862 1160 992 949 1228 877 823 840 1007 1026 895 696 885 995 1015 1056 1042 1140 1064 1167 839 1337 1331 1213 1142 1054 964 1201 1023
1442 1397 1354 1234 1289 1112 1146 1209 1004 1003 1084 920 682 671 416 377 328 482 608 587 651 593 480 448 523 700 764 776 870 1167 1310 1384 1531 1677 1874 1912 1967 1516 1494 1153 1090 921 1168 994 972 1261 871 868 911 1027 996 866 856 923 963 972 1113 1138 1141 1211 1352 923 1450 1575 1326 1231 1135 1213 1286 1039
1507 1248 1197 1094 1307 905 912 969 817 789 993 694 508 768 707 672 632 849 1021 962 1015 908 750 718 719 831 829 788 771 1043 1036 1025 1144 1247 1348 1293 1473 1142 991 834 845 668 745 689 718 709 685 540 807 838 735 558 659 596 633 727 909 876 808 873 1093 793 1278 1409 1120 1016 920 1046 1163 936
1388 1122 1039 935 1196 881 854 947 765 685 930 601 514 718 738 768 792 991 1132 1077 1112 1012 887 878 856 910 877 827 791 976 900 882 969 1039 1135 1049 1236 990 835 737 720 595 635 548 619 613 658 487 740 767 589 515 616 450 479 625 734 745 693 821 1082 786 1216 1361 1039 934 807 1021 1147 832
1024 1084 892 822 834 804 941 1048 786 835 986 719 650 522 613 865 752 823 903 928 997 966 861 857 779 770 769 875 814 954 952 1096 1279 1254 1287 1283 1330 1003 995 857 815 709 794 737 791 856 659 639 618 758 650 683 869 659 622 732 722 844 795 945 1312 943 1152 1393 1155 1055 1012 1101 965 557
576 602 446 485 501 575 508 542 459 475 466 516 391 241 485 750 762 732 717 713 734 735 725 811 733 669 760 898 792 769 798 811 875 781 771 732 719 528 551 496 451 370 452 375 466 494 441 331 256 464 324 493 458 293 309 505 262 349 424 456 795 584 625 681 624 559 533 517 598 236
743 632 357 612 498 584 445 422 319 379 379 460 282 280 654 921 935 1001 1030 992 960 916 862 914 789 706 702 711 590 623 653 701 768 629 581 516 600 460 342 400 286 329 211 143 378 316 270 231 246 386 188 307 380 164 151 315 133 157 164 248 649 492 539 490 535 392 417 600 683 299
709 595 319 676 402 570 465 474 340 498 478 566 332 333 883 1193 1051 1085 1070 1022 988 957 869 905 768 714 665 717 597 679 801 894 1050 957 898 808 811 647 526 474 408 394 273 257 439 380 388 423 318 516 315 378 565 253 273 395 269 206 271 323 769 602 593 592 695 497 562 697 709 346
650 621 359 727 448 739 660 588 397 649 560 689 394 299 784 1084 1012 1005 985 961 877 854 807 856 742 669 657 765 582 640 828 972 1124 972 928 817 817 671 566 592 476 474 345 376 517 476 453 453 350 551 371 369 624 423 363 482 334 195 267 395 787 611 589 627 625 465 504 723 683 392
615 480 306 749 481 664 445 333 360 515 370 696 318 318 812 1015 989 1002 1006 950 859 840 779 841 796 774 763 778 589 620 836 848 905 829 834 761 714 588 477 449 417 388 335 294 384 436 402 366 335 506 408 311 354 338 332 403 239 161 251 228 455 454 422 418 492 325 396 508 594 376
496 376 267 587 397 583 455 430 299 464 369 589 307 197 627 880 836 813 804 761 676 655 623 693 676 651 636 740 573 617 812 819 854 741 740 676 620 471 474 408 383 302 268 318 329 439 423 344 280 413 295 290 390 371 314 438 313 195 237 298 506 441 369 449 409 274 306 433 425 241
553 511 374 480 420 634 679 750 376 555 583 541 479 251 642 1018 967 913 882 874 812 784 794 873 794 681 650 867 709 716 785 856 924 711 648 576 581 435 507 518 438 378 320 451 466 518 538 436 329 430 237 429 716 519 360 580 491 355 306 535 866 643 537 697 516 434 413 633 482 239
