903 514 478 450 346 351 286 199 219 284 175 218 464 652 601 501 428 405 445 574 728 760 680 472 502 524 754 798 829 832 945 878 850 888 923 951 771 860 909 701 825 811 623 770 649 323 434 488 269 242 435 250 202 275 436 421 511 337 701 672 543 456 730 421 536 510 442 597 509 707
548 287 225 265 150 230 212 96 161 152 193 197 259 336 258 166 162 234 269 366 501 542 527 399 429 450 653 663 666 642 734 662 659 668 719 761 615 780 692 484 759 808 637 757 656 386 548 491 207 236 328 278 199 195 400 347 482 452 801 672 457 439 662 486 546 425 528 617 608 806
631 439 505 614 372 518 445 230 341 406 445 495 591 451 393 370 284 405 526 514 646 818 882 763 762 673 847 791 779 732 852 787 780 797 769 772 694 826 740 505 781 682 620 685 757 438 618 580 213 435 745 371 419 284 617 562 606 510 839 745 625 417 742 569 734 551 664 718 629 773
691 399 444 393 258 274 175 131 181 268 236 378 566 485 478 492 347 498 528 423 397 439 437 345 331 272 390 395 410 389 485 469 468 536 570 628 521 601 593 480 772 821 651 673 598 267 417 260 162 193 370 221 208 323 503 537 656 603 881 758 702 578 793 768 736 704 726 974 765 949
687 348 352 375 235 214 243 111 166 218 184 269 389 393 368 326 282 414 447 436 435 453 479 421 457 455 642 682 708 667 776 737 720 778 839 867 730 832 832 655 896 901 592 732 621 347 511 428 193 251 407 281 255 240 440 511 569 490 817 730 593 524 668 573 612 554 570 780 647 831
553 379 244 232 133 165 125 110 146 219 127 205 388 686 564 512 492 487 378 402 523 585 568 417 383 334 448 480 524 527 627 584 564 616 642 700 637 744 661 516 869 925 589 573 525 162 274 364 287 90 178 93 97 179 282 249 357 401 618 468 343 358 504 405 436 425 463 616 505 769
607 360 371 303 242 434 313 182 182 227 195 246 466 754 602 545 449 399 374 452 685 820 808 604 581 525 699 667 676 682 792 718 717 710 692 706 630 745 679 555 762 789 640 662 785 219 417 432 331 176 434 232 189 262 284 248 309 292 591 526 407 275 432 302 422 368 479 406 323 568
645 393 353 295 215 252 195 67 94 186 112 245 527 553 547 465 367 385 370 380 429 479 484 382 401 360 505 525 540 524 635 618 604 693 721 772 629 677 735 644 921 979 721 726 643 260 402 325 190 112 343 189 169 262 381 435 512 469 722 635 550 469 621 576 574 565 567 742 567 751
754 357 421 263 235 327 191 115 133 168 178 238 431 487 459 426 258 355 407 415 494 514 449 293 293 294 473 470 474 472 550 496 495 515 561 594 441 535 529 448 615 677 597 637 617 215 388 283 221 148 333 239 126 278 320 361 470 378 702 641 574 460 627 551 513 507 555 668 550 712
763 410 353 152 201 294 205 215 165 177 161 219 364 749 596 598 539 563 421 453 578 575 528 379 342 337 465 482 514 521 584 522 517 514 571 604 521 632 558 535 742 899 648 649 682 191 386 336 452 133 182 277 130 320 174 220 322 421 674 579 457 490 438 475 409 466 595 632 544 804
483 297 291 395 229 321 278 146 237 247 261 339 478 435 383 255 199 260 345 397 499 578 575 447 486 486 694 702 697 683 803 761 783 817 854 937 787 967 897 643 1010 1082 925 1044 871 535 696 533 193 291 433 319 298 352 652 559 749 682 1047 879 665 569 932 733 814 641 713 834 756 982
677 353 443 393 285 460 372 207 185 210 220 342 498 551 414 401 323 386 405 459 605 698 728 582 584 546 753 731 726 704 820 753 768 750 759 779 658 814 802 616 818 885 797 900 922 386 638 411 253 291 528 368 309 363 434 446 525 493 887 831 662 506 666 572 683 555 722 674 585 795
694 444 381 272 247 323 232 154 170 232 136 276 580 740 670 534 432 399 354 435 558 586 526 345 344 350 532 585 609 634 744 714 711 765 821 903 748 875 895 736 1074 1200 971 926 754 300 423 383 319 115 248 185 142 341 375 381 527 484 755 652 536 507 714 598 568 543 564 684 571 780
501 359 244 232 160 265 215 106 94 160 103 253 488 632 516 449 448 380 252 300 435 531 585 484 481 410 526 526 537 520 632 606 606 662 668 724 642 738 727 631 971 1112 838 818 772 299 482 353 248 107 282 216 190 269 335 312 415 537 758 628 451 430 518 524 565 512 637 681 544 801
248 270 129 228 96 223 204 115 223 268 229 256 432 769 645 503 476 443 389 415 578 714 722 574 553 487 599 597 622 631 752 712 716 776 775 861 820 950 769 608 1116 1153 760 726 747 321 440 578 373 154 287 147 201 249 450 349 484 544 746 509 354 339 572 465 540 459 528 605 526 838
391 193 209 245 163 253 190 178 176 205 147 225 424 840 688 655 574 536 471 419 516 632 640 513 504 441 561 547 574 580 699 666 700 732 724 796 767 861 738 676 953 1072 702 856 932 322 539 410 343 140 308 255 219 403 486 420 565 630 921 739 579 459 592 548 653 640 693 745 536 951
487 290 298 255 197 386 243 126 145 167 169 251 508 635 551 434 311 269 295 371 553 659 625 438 447 416 594 564 551 563 673 626 654 675 675 748 612 737 697 576 866 984 891 925 907 369 559 404 248 149 374 259 190 362 465 386 556 535 860 731 577 448 714 592 650 561 658 651 549 800
639 330 499 447 358 609 415 304 304 272 391 456 587 564 467 449 281 370 489 506 657 767 744 573 582 550 748 665 622 613 707 640 698 659 652 708 571 736 656 534 724 855 958 1105 1164 593 872 487 313 401 638 543 410 582 710 619 818 780 1222 1100 921 695 983 888 966 811 1005 935 838 1085
440 178 225 140 84 269 215 136 150 109 193 173 249 580 457 408 306 451 490 528 636 662 612 454 452 456 635 609 613 611 699 622 649 636 676 737 600 740 607 505 801 877 647 777 885 370 605 494 393 231 348 341 233 378 420 440 581 558 960 792 635 569 676 623 644 583 727 726 701 982
471 334 210 159 114 235 178 74 120 174 123 137 383 735 649 516 449 395 341 428 608 691 654 478 469 433 570 571 594 605 708 656 640 698 707 760 655 726 657 572 909 942 623 589 638 198 322 467 351 78 264 133 110 199 265 247 333 335 558 423 317 299 439 337 372 374 408 467 397 644
437 347 233 387 274 370 304 123 270 311 324 325 505 486 471 297 262 149 185 237 430 611 648 549 592 549 700 667 651 631 735 696 692 757 745 780 714 820 699 573 881 907 736 750 693 421 535 589 209 221 459 265 246 183 492 326 443 466 641 495 316 227 545 384 481 369 417 493 386 596
388 295 201 237 219 393 308 123 186 213 242 274 502 631 570 424 373 226 180 229 430 602 658 569 598 536 659 603 582 566 665 631 643 697 676 710 654 728 631 626 915 1028 815 796 859 384 569 520 309 151 416 311 238 270 380 280 377 498 661 522 352 271 403 406 459 405 528 488 358 616
759 546 403 324 311 448 327 139 190 259 241 262 531 587 559 414 356 229 198 351 603 716 699 530 544 513 672 649 640 632 716 655 619 669 667 669 539 599 607 536 735 763 685 586 580 257 367 484 292 164 429 241 165 158 237 188 238 236 414 380 272 233 405 278 306 282 347 362 313 425
611 263 293 275 221 358 272 173 161 154 190 177 280 555 420 412 361 342 334 385 572 680 687 548 561 532 706 656 656 633 721 638 646 624 616 610 537 636 542 479 552 607 458 644 783 293 535 432 281 219 433 346 218 255 315 262 335 358 697 628 447 324 413 312 445 404 528 476 382 666
565 457 275 270 211 281 336 143 361 382 436 287 343 564 578 376 325 440 492 560 687 726 683 574 584 613 771 798 825 813 883 810 754 823 900 916 805 911 712 581 1022 900 499 383 416 313 352 821 539 307 409 253 244 111 299 339 354 282 429 268 209 291 427 315 245 230 245 415 476 571
480 389 200 290 225 234 265 100 326 363 368 271 403 541 587 355 305 300 345 380 492 575 551 471 510 531 679 708 729 720 804 763 724 825 885 923 834 922 747 639 1048 994 592 532 456 346 373 732 394 218 346 207 199 113 386 335 407 365 474 297 200 239 467 329 292 276 228 450 404 563
639 328 302 279 344 526 436 305 296 238 353 319 378 618 475 430 427 303 222 278 509 646 703 635 669 655 806 733 706 674 734 658 682 646 648 627 603 721 560 612 674 852 723 853 993 482 761 583 458 309 485 567 341 366 329 229 315 516 745 661 416 357 318 368 428 396 625 465 376 674
912 515 534 478 517 685 543 362 326 327 412 475 577 543 419 442 429 295 204 239 471 641 752 703 726 670 819 736 700 645 707 638 643 606 587 521 508 612 552 586 546 700 734 801 913 437 723 466 348 361 633 593 386 338 298 225 245 437 638 656 449 322 286 356 433 380 633 469 326 521
778 455 487 393 540 721 596 429 411 400 469 515 696 901 790 749 665 473 345 298 480 659 762 749 776 725 836 759 735 708 772 736 763 761 752 716 749 813 688 866 906 1121 927 954 1148 499 795 594 602 335 614 659 441 519 358 323 349 598 707 661 504 380 233 448 443 492 698 525 298 598
1006 593 588 543 672 755 665 497 466 474 513 548 713 857 780 765 739 508 366 331 498 668 797 824 882 837 950 882 863 810 870 833 837 852 841 769 798 815 749 945 844 1028 821 936 1092 564 848 650 591 425 721 756 519 510 403 369 352 597 695 705 526 411 230 410 448 526 679 568 310 593
670 339 331 290 400 490 411 316 406 365 454 406 465 678 604 524 441 364 307 244 379 494 523 495 520 539 673 647 644 631 676 626 640 637 690 676 696 823 589 666 801 954 709 743 809 395 601 589 521 271 387 487 280 331 294 227 307 471 582 474 324 283 257 354 286 321 455 440 287 557
1046 572 649 661 634 700 582 383 464 473 589 629 628 291 262 292 242 249 279 223 355 506 618 623 660 640 813 760 726 653 701 638 627 599 625 540 530 676 573 520 488 549 638 705 691 469 697 507 259 478 713 607 428 264 393 328 338 421 605 632 469 316 404 417 443 348 542 542 389 474
1460 915 982 1107 1033 913 974 731 929 953 1071 983 821 517 575 630 618 756 832 647 629 755 924 1068 1138 1141 1299 1281 1285 1165 1201 1139 1079 1097 1163 1009 1061 1145 958 945 856 725 505 664 724 770 949 1051 682 944 1164 991 856 448 695 745 600 627 723 763 664 546 496 547 563 551 621 806 619 670
1301 918 827 808 826 844 753 539 772 809 911 798 776 527 569 485 423 425 466 453 645 783 818 781 790 810 969 956 949 901 917 834 760 765 828 718 728 867 658 592 673 581 582 417 398 452 510 869 591 624 792 609 475 189 342 279 223 241 240 263 213 195 320 250 166 144 236 341 304 257
1098 917 776 686 839 962 783 575 811 860 939 891 1059 911 953 761 621 444 396 356 595 796 826 775 766 752 847 816 794 794 814 778 738 783 825 775 829 949 710 785 1038 1101 1055 678 674 494 544 882 765 495 699 593 457 366 374 258 272 428 269 215 202 193 298 390 195 228 342 362 246 272
1156 873 810 680 888 1048 948 670 893 875 1037 896 953 950 974 796 660 566 552 513 727 893 941 939 957 988 1122 1081 1057 1038 1049 985 949 957 1025 934 980 1100 816 947 1111 1142 991 725 867 623 751 1094 980 658 868 823 617 468 375 363 302 447 351 324 297 287 209 377 183 239 403 328 265 305
996 726 697 677 771 878 825 553 715 756 805 769 881 938 900 792 706 573 509 429 613 828 950 963 977 941 1064 1030 1029 993 1052 1005 971 996 1017 924 1011 1103 887 961 1095 1094 822 675 839 484 649 899 758 533 821 657 551 370 342 336 234 381 335 323 269 181 106 238 201 237 364 302 133 268
971 784 665 707 741 806 769 507 733 801 810 759 874 890 872 712 654 517 467 428 638 854 947 924 928 899 1026 1021 1033 1007 1072 1023 967 1013 1041 964 1041 1157 924 896 1133 1071 791 576 638 435 512 933 702 508 752 521 484 248 338 283 200 296 218 182 133 96 155 166 136 139 211 236 117 207
1023 913 795 815 805 921 817 563 814 922 917 896 1042 990 956 815 717 600 556 501 750 1008 1091 1013 968 891 994 974 985 972 1039 988 924 965 968 895 997 1131 881 802 1122 1015 840 490 584 382 423 925 725 544 818 468 497 256 368 285 202 279 167 126 136 69 222 205 174 146 238 256 150 190
1208 1079 946 1008 1022 1106 1036 718 1053 1142 1175 1070 1174 1041 1078 865 759 641 667 623 874 1133 1209 1163 1153 1123 1256 1245 1249 1229 1284 1227 1150 1201 1228 1133 1226 1364 1072 996 1293 1130 944 594 653 591 593 1225 906 755 1033 668 675 343 522 430 321 348 193 164 182 128 313 256 198 171 219 270 197 178
1223 1133 963 1022 993 1114 1057 746 1080 1160 1218 1104 1126 1003 980 802 748 692 693 685 975 1226 1307 1233 1190 1150 1282 1272 1280 1256 1306 1224 1137 1156 1186 1085 1185 1374 1043 887 1251 1060 914 516 591 574 574 1258 939 814 1032 659 692 299 479 385 269 318 184 145 142 140 322 241 196 116 241 257 273 220
1298 1276 1078 1163 1125 1268 1183 866 1220 1317 1376 1267 1303 1138 1115 932 881 782 767 747 1068 1365 1464 1390 1335 1265 1370 1341 1342 1318 1367 1290 1201 1227 1234 1130 1264 1450 1095 951 1344 1152 1042 582 678 670 655 1371 1041 919 1161 750 804 385 591 451 335 425 234 183 187 178 389 321 282 191 332 331 336 277
1157 1136 936 965 932 1135 1017 740 1019 1101 1178 1100 1127 1022 934 804 777 687 622 638 993 1274 1368 1261 1182 1093 1187 1138 1132 1110 1155 1066 990 986 980 887 1007 1206 872 732 1122 990 952 499 634 535 565 1158 910 771 987 636 663 306 437 293 209 354 220 163 132 141 307 269 241 134 357 282 318 286
1073 979 901 948 931 1123 1008 694 1013 1073 1170 1045 1093 990 967 798 676 615 667 630 929 1214 1286 1196 1156 1101 1234 1180 1169 1152 1205 1124 1065 1070 1072 978 1081 1258 911 807 1132 963 886 536 705 557 605 1182 878 757 1044 653 661 337 506 386 298 334 245 193 198 106 319 257 236 151 293 241 222 216
1242 1155 984 1039 1025 1159 1067 789 1121 1196 1257 1115 1148 1092 1063 885 813 722 724 715 1034 1300 1359 1260 1211 1167 1288 1263 1269 1255 1299 1213 1130 1144 1160 1060 1174 1352 997 872 1206 1022 902 512 625 584 579 1285 987 825 1048 681 698 338 511 377 280 335 192 145 148 134 337 237 202 141 254 255 263 239
1190 1085 921 924 912 1109 1029 713 990 1046 1145 1014 1015 959 891 744 706 654 638 685 1029 1273 1348 1243 1191 1144 1281 1240 1236 1209 1252 1148 1066 1053 1067 957 1036 1225 907 772 1091 921 850 469 630 539 584 1207 929 788 1015 670 663 284 391 305 187 264 185 161 132 136 260 196 172 82 281 196 267 217
1268 1160 1019 979 931 1160 1056 729 1028 1095 1184 1036 1055 999 935 768 683 699 749 841 1211 1436 1451 1269 1197 1163 1334 1305 1306 1297 1346 1223 1131 1107 1127 1025 1056 1269 964 739 1104 859 853 430 585 517 527 1254 959 833 1069 628 661 290 423 355 239 195 175 162 180 167 396 222 204 87 259 187 325 218
1352 1238 1111 1022 967 1250 1102 816 1099 1150 1257 1108 1096 1077 962 818 722 780 832 955 1369 1579 1554 1308 1204 1176 1358 1327 1329 1336 1379 1235 1148 1085 1109 1019 1040 1305 972 688 1086 852 943 486 643 548 561 1285 1041 904 1087 664 690 364 461 372 293 237 266 244 257 257 530 312 289 138 361 247 447 329
983 713 559 531 513 629 634 445 557 557 635 577 498 618 456 413 491 517 408 496 746 849 917 835 805 806 969 975 992 950 998 888 830 786 847 772 779 990 764 599 836 815 635 513 563 388 533 812 635 520 578 509 415 168 181 164 120 257 376 337 168 260 228 194 193 111 356 299 374 451
456 287 183 318 174 211 369 266 221 214 188 237 289 772 588 563 691 723 590 628 676 720 826 807 851 810 949 960 999 943 1076 1028 1039 1084 1104 1155 1077 1159 1080 978 1282 1378 760 1063 1132 632 901 735 524 395 495 537 505 493 615 659 723 864 1228 1036 742 765 681 692 860 807 930 977 870 1292
418 405 282 412 281 446 588 459 384 377 350 427 512 1165 881 852 998 959 743 794 927 1043 1190 1145 1151 1053 1159 1138 1173 1131 1281 1230 1257 1281 1260 1320 1304 1409 1272 1185 1600 1732 1067 1279 1484 778 1091 938 803 532 668 687 696 704 730 749 801 1053 1379 1149 839 860 713 801 1009 931 1157 1040 949 1438
420 543 395 486 416 757 851 622 584 558 615 602 674 1420 1095 1028 1153 1047 818 908 1186 1399 1570 1495 1470 1333 1414 1325 1335 1299 1435 1356 1380 1372 1305 1326 1371 1479 1235 1222 1678 1765 1169 1221 1658 858 1188 1213 1093 686 913 849 853 779 713 700 687 1014 1244 1016 739 750 540 696 908 819 1159 833 825 1279
544 676 491 514 535 915 992 719 668 638 689 630 802 1664 1373 1226 1321 1113 881 1040 1373 1586 1724 1624 1622 1504 1595 1497 1500 1479 1612 1533 1553 1563 1488 1506 1515 1567 1364 1442 1852 1950 1328 1349 1838 969 1290 1393 1299 744 1035 978 941 913 759 764 732 1045 1244 1042 789 808 548 713 904 880 1181 798 802 1255
648 788 598 551 640 1047 1086 789 760 739 785 682 939 1865 1624 1418 1441 1185 979 1152 1511 1730 1823 1694 1696 1588 1677 1570 1570 1569 1695 1619 1632 1663 1585 1601 1593 1597 1405 1559 1952 2027 1401 1353 1898 998 1289 1512 1456 776 1127 1034 981 998 789 813 763 1032 1180 995 811 815 553 723 869 909 1153 762 761 1191
865 895 682 539 644 994 989 728 671 698 663 569 921 1862 1654 1448 1434 1158 956 1188 1569 1741 1760 1557 1548 1460 1569 1494 1511 1529 1650 1566 1547 1591 1520 1524 1461 1425 1338 1471 1769 1794 1231 1151 1640 802 1030 1366 1367 664 1034 876 824 881 634 695 623 780 941 834 718 728 507 568 703 806 949 631 636 999
1018 1084 884 644 751 1132 1088 857 836 899 841 730 1100 2138 1918 1732 1640 1439 1241 1431 1814 1983 1954 1691 1619 1508 1591 1523 1561 1604 1718 1625 1587 1629 1560 1562 1526 1491 1357 1478 1867 1808 1232 997 1577 730 908 1461 1582 750 1116 863 871 950 640 751 642 745 856 744 748 761 546 614 689 834 957 663 692 1008
1244 1252 979 687 817 1113 1101 870 794 893 769 685 1165 2200 2053 1841 1771 1528 1303 1554 1894 1992 1941 1687 1653 1559 1643 1604 1650 1685 1804 1728 1669 1768 1709 1719 1596 1466 1493 1668 1983 1936 1291 1096 1597 805 954 1485 1615 762 1156 925 916 1032 705 891 765 825 950 882 897 954 683 743 797 1019 1043 849 849 1141
1592 1483 1150 776 921 1124 1150 933 837 959 825 722 1169 2148 2053 1887 1850 1678 1429 1700 1986 1999 1932 1704 1673 1601 1676 1664 1725 1739 1831 1748 1647 1766 1740 1715 1546 1363 1471 1677 1903 1808 1152 944 1414 799 913 1520 1688 855 1211 1005 965 1020 657 944 755 787 897 891 948 1084 702 785 773 1066 1049 962 990 1186
1588 1503 1211 903 903 1162 1224 1035 851 951 839 713 1099 2235 2062 1981 2000 1928 1720 2052 2349 2347 2276 1992 1958 1847 1938 1884 1942 1937 2058 1942 1859 1948 1873 1870 1642 1443 1587 1715 1921 1775 1124 1133 1734 1028 1218 1676 1765 1073 1456 1193 1190 1242 975 1260 1097 1075 1411 1367 1348 1436 1094 1070 1231 1451 1475 1336 1427 1714
1661 1491 1213 965 933 1190 1328 1128 942 961 949 703 902 2098 1902 1848 1944 1967 1817 2202 2503 2458 2385 2122 2123 2064 2202 2134 2185 2152 2257 2099 2017 2058 2003 1974 1713 1545 1632 1725 1838 1654 1005 1202 1849 1239 1477 1903 1869 1291 1606 1425 1353 1305 1094 1378 1212 1170 1628 1580 1469 1593 1207 1122 1343 1518 1592 1417 1615 1915
1718 1232 1186 1031 888 959 1067 977 746 793 707 579 731 1695 1507 1629 1678 1787 1716 1931 2077 2026 1980 1767 1786 1725 1901 1857 1924 1865 1985 1845 1782 1800 1749 1694 1468 1314 1471 1489 1332 1145 597 1082 1599 1014 1305 1415 1356 1134 1466 1242 1162 1143 1065 1332 1187 1036 1628 1659 1538 1475 1204 1026 1353 1510 1486 1467 1463 1821
1574 1082 1034 920 740 772 861 852 653 674 610 469 563 1458 1284 1403 1450 1616 1591 1799 1918 1831 1737 1501 1520 1490 1676 1648 1713 1664 1774 1633 1583 1592 1566 1549 1299 1196 1312 1260 1151 993 518 1044 1437 956 1216 1273 1170 1030 1256 1103 1011 1044 1067 1263 1218 1036 1676 1651 1496 1457 1323 1063 1366 1481 1439 1509 1528 1895
1117 819 740 682 581 763 807 793 635 560 679 434 433 1355 1174 1252 1304 1411 1379 1551 1726 1715 1657 1477 1507 1456 1577 1453 1465 1412 1490 1352 1353 1341 1284 1292 1107 1019 952 1064 1047 1016 602 1096 1635 1074 1399 1336 1213 982 1185 1201 1015 1079 1097 1158 1205 1231 1789 1634 1404 1383 1205 1119 1368 1451 1563 1479 1524 1979
661 470 375 307 212 358 249 320 231 237 250 206 380 961 818 841 796 809 743 826 986 1024 940 722 701 623 707 631 643 641 727 652 669 696 653 733 596 588 534 556 748 842 601 813 1039 503 719 599 567 342 495 488 382 611 680 616 796 847 1247 1051 884 842 935 838 956 995 1064 1111 1032 1433
945 523 547 368 286 430 267 303 153 165 208 274 392 625 472 608 554 658 600 671 804 808 761 568 538 473 601 534 529 501 568 482 492 463 449 476 317 369 411 376 414 542 561 755 891 391 664 320 349 337 494 494 325 512 494 502 641 679 1135 1068 901 815 859 809 886 874 1047 1057 975 1238
809 421 514 356 330 542 436 303 159 132 253 291 468 633 574 615 521 600 627 699 784 804 814 714 769 720 875 767 725 673 757 694 732 742 720 749 531 513 609 704 719 872 799 1080 1300 679 1029 536 451 438 748 749 535 710 694 775 879 906 1389 1319 1133 974 928 1002 1076 1068 1244 1174 1055 1334
707 406 539 325 293 611 520 317 226 192 369 377 493 688 597 634 497 697 751 795 889 924 943 831 841 779 930 813 773 725 809 729 762 748 734 753 562 594 599 656 823 900 802 940 1285 622 978 632 585 495 810 732 572 688 616 768 816 828 1290 1196 1075 919 833 973 999 956 1215 1070 1032 1249
831 492 555 275 292 490 392 213 114 158 234 351 587 634 612 646 502 646 615 615 635 636 668 602 610 540 652 588 566 519 598 562 567 616 629 647 459 439 555 661 830 949 799 804 996 420 711 389 444 301 609 547 405 552 426 640 658 699 1028 981 928 823 680 903 820 862 1040 1039 899 1050
583 313 358 173 178 401 364 130 132 123 256 220 372 546 541 475 335 491 555 598 667 688 690 608 642 621 777 709 686 647 726 663 667 705 729 744 554 565 556 618 840 865 632 687 929 428 687 581 473 301 592 498 364 423 398 565 581 550 892 798 724 633 567 679 635 645 790 764 722 885
476 224 299 284 215 463 440 276 343 239 444 255 227 595 512 426 322 501 661 738 890 943 891 745 785 812 1022 937 914 890 968 856 887 854 874 904 744 860 653 592 810 794 592 842 1108 647 911 870 595 505 688 636 483 512 648 641 753 678 1136 959 775 669 789 682 770 682 839 762 820 1097
