50983 43171 41752 41844 42187 42343 40313 40410 37009 36959 33718 33807 33804 34028 34350 34884 35615 36577 37312 37738 38077 38598 38961 39255 39633 39989 40279 40624 41153 41779 42040 42311 42648 42550 42394 41779 41878 36162 35456 34963 34994 34029 33703 33705 33755 33716 33952 33459 33592 33687 33792 34078 34151 34068 33981 34251 34563 34215 34172 34199 34582 34886 34822 34753 34816 34668 34634 34767 35256 35280
50187 42790 41357 41531 41884 42260 40073 40159 36786 36819 33516 33593 33758 33658 34045 34722 35617 36344 36892 37281 37892 38272 38472 38859 39241 39533 39834 40413 40984 41239 41718 42156 42696 42139 42002 41477 41542 35861 35178 34752 34812 33900 33596 33566 33780 33527 33680 33282 33339 33674 33777 33893 34094 33915 33819 34199 34227 34010 33987 34226 34579 34628 34464 34599 34572 34502 34528 34780 34910 34968
49765 42585 41233 41557 41937 42150 39804 39785 36580 36748 33339 33478 33605 33383 33753 34610 35292 35861 36333 37021 37482 37713 38037 38468 38892 39244 39740 40419 40658 41083 41570 42156 42164 41720 41595 41158 41287 35563 34933 34559 34723 33684 33390 33597 33748 33299 33823 33088 33295 33681 33638 33692 33821 33674 33840 34259 34005 33855 33943 34171 34356 34379 34274 34431 34413 34407 34450 34565 34763 35044
49075 42116 40863 41163 41449 41654 39233 39088 36053 36077 32856 33157 33100 32834 33313 33985 34533 35020 35806 36356 36702 37092 37472 37968 38441 38851 39317 39723 39989 40336 40958 41162 41058 40843 40816 40594 40603 34965 34372 34022 34133 33172 33118 33167 33197 33070 33407 32739 32884 33243 33207 33210 33223 33379 33409 33692 33572 33580 33655 33658 33809 33898 33893 34070 34147 34103 34140 34301 34633 34635
48515 41794 40576 40784 40975 41123 38816 38695 35588 35577 32503 32633 32784 32336 32756 33179 33690 34494 35124 35577 36011 36401 36782 37278 37803 38229 38546 39063 39489 40023 40379 40398 40451 40327 40346 40248 40411 34606 34066 33661 33830 32809 32823 32877 32832 32795 33178 32459 32664 32861 32817 32886 33043 33089 33109 33326 33386 33387 33374 33434 33429 33595 33681 33873 33882 33901 34003 34174 34288 34442
48010 41615 40382 40427 40691 40867 38559 38388 35292 35272 32273 32479 32554 31882 32096 32532 33270 33886 34447 34979 35462 35903 36334 36865 37398 37771 38251 38858 39395 39687 39846 39990 40170 39927 39958 40054 40195 34288 33863 33492 33555 32578 32727 32644 32647 32712 32778 32294 32390 32537 32681 32738 32822 32984 32915 33110 33307 33202 33193 33187 33345 33505 33497 33745 33816 33896 33908 33935 34115 34191
47668 41412 40147 40247 40507 40718 38336 38169 35034 35169 32163 32319 32418 31647 31909 32528 33142 33703 34297 34827 35316 35748 36181 36704 37172 37583 38086 38764 39116 39204 39482 39804 39747 39579 39710 39838 39984 34053 33634 33313 33272 32398 32370 32438 32481 32436 32503 32208 32211 32436 32475 32614 32689 32750 32702 33088 33276 32988 32972 33136 33409 33360 33604 33741 33920 33807 33832 33886 34008 34228
47116 41012 39808 40062 40352 40317 38018 37867 34883 34900 31981 32271 32285 31490 31905 32546 33097 33725 34315 34830 35336 35820 36255 36881 37469 37903 38223 38536 38560 38722 39149 39103 39038 39243 39421 39511 39699 33772 33333 33025 33012 32239 32206 32186 32195 32214 32498 32079 32172 32477 32344 32344 32441 32466 32631 33024 32927 32835 33044 33007 33112 33372 33564 33775 33860 33668 33700 33714 34071 34355
46628 40805 39595 39840 39864 40110 37816 37651 34604 34659 31830 32080 32030 31142 31600 32098 32715 33328 33947 34531 35070 35536 36068 36652 37138 37428 37674 37844 38008 38306 38425 38447 38710 38880 39072 39265 39534 33414 33026 32805 32670 32029 31959 31977 31998 32056 32043 31878 32023 32144 32052 32220 32246 32393 32576 32785 32698 32820 32831 32874 33210 33445 33544 33679 33762 33555 33559 33720 34065 34207
45992 40436 39295 39352 39535 39749 37467 37337 34373 34398 31578 31796 31746 30872 31153 31707 32336 32965 33621 34252 34752 35263 35727 36241 36593 36840 36943 37276 37620 37668 37827 38162 38502 38747 39005 39333 39350 33206 32807 32528 32449 31852 31920 31803 31762 31953 31659 31784 31861 31919 31931 31977 32145 32518 32387 32436 32704 32718 32739 32845 33055 33247 33459 33581 33506 33406 33437 33631 33952 34138
45542 40080 38984 39202 39520 39357 37173 37183 34219 34286 31428 31544 31673 30733 31246 32023 32724 33186 33696 34174 34695 35137 35546 35910 36236 36349 36649 37147 37314 37411 37946 38332 38773 38969 39198 39049 39090 33057 32659 32337 32406 31708 31581 31577 31776 31510 31884 31779 31816 32046 31769 31908 32235 32252 32204 32535 32483 32616 32767 32962 33292 33515 33383 33526 33326 33275 33365 33682 34067 34223
45077 39849 38828 39066 39171 38830 36805 36708 33879 34039 31140 31245 31385 30275 30713 31366 31831 32427 33007 33626 34144 34563 34836 35242 35527 35842 36201 36504 36636 37098 37549 38030 38363 38632 38764 38657 38643 32622 32313 32020 31996 31365 31280 31438 31428 31277 31595 31432 31448 31610 31491 31654 32121 31943 31969 32184 32457 32524 32582 32746 33098 33106 33137 33133 33086 33159 33298 33592 33866 34216
44490 39479 38594 38732 38946 38362 36450 36370 33694 33693 30897 31169 31276 29945 30352 30818 31369 31973 32681 33289 33794 34104 34447 34836 35274 35637 35837 36107 36521 36862 37345 37633 38054 38254 38670 38278 38160 32236 32068 31735 31720 31114 31239 31285 31127 31252 31323 31239 31202 31313 31427 31690 31669 31808 31782 32167 32456 32506 32561 32664 32823 32870 32871 32878 33030 33125 33218 33412 33859 34110
43969 39224 38331 38507 38496 37875 36210 36170 33492 33555 30786 31031 31105 29643 29977 30424 31040 31808 32512 33105 33451 33754 34011 34458 34899 35082 35296 35818 36259 36651 37108 37583 37850 38281 38542 37923 37814 31944 31825 31517 31620 30944 31085 31111 30932 30928 30998 31042 30983 31224 31362 31377 31545 31575 31808 32194 32379 32386 32516 32568 32661 32642 32738 32926 33051 33143 33320 33488 33750 33959
43683 39049 38208 38197 38354 37590 36054 36016 33287 33352 30724 30913 30992 29401 29627 30234 30982 31717 32388 32782 33139 33445 33827 34307 34593 34760 35184 35736 36125 36427 36951 37215 37694 38112 37945 37379 37273 31553 31520 31326 31307 30712 30884 30855 30683 30689 31070 30889 30811 31063 31109 31232 31297 31648 31878 32262 32238 32306 32384 32424 32504 32710 32870 33222 33341 33514 33701 33832 34016 33749
43487 38873 37992 37964 38271 37187 35712 35632 32941 33031 30520 30639 30667 29159 29502 30174 30997 31753 32157 32561 32901 33262 33636 33930 34228 34529 34840 35375 35737 36133 36470 36998 37525 37977 37350 36857 36779 31193 31113 31013 30853 30418 30392 30393 30327 30554 30732 30666 30583 30756 30823 30862 31201 31517 31649 31913 32102 32030 32032 32100 32445 32713 32920 33232 33415 33621 33850 33887 34103 33572
43175 38612 37726 37923 38105 36867 35414 35387 32704 32821 30279 30490 30405 28908 29365 30250 31049 31440 31877 32242 32620 32983 33161 33525 33960 34192 34521 35084 35589 35866 36488 36956 37519 37934 36942 36493 36436 30982 30905 30787 30554 30240 30017 30047 30305 30391 30526 30679 30463 30659 30566 30786 31132 31392 31472 31771 31899 31799 31895 32093 32597 32964 33242 33441 33670 33698 33723 33899 34313 33404
42698 38290 37509 37818 37752 36393 35097 35054 32501 32718 30078 30213 30140 28684 29289 30094 30536 31058 31496 31939 32333 32487 32736 33254 33586 33857 34252 34863 35163 35667 36190 36738 37315 37386 36397 36044 35988 30636 30563 30469 30272 30019 29812 29987 30287 30111 30487 30398 30282 30547 30401 30683 31147 31238 31292 31628 31706 31722 31886 32127 32838 33146 33305 33408 33629 33511 33630 33917 34220 33159
41994 37703 37167 37267 37321 35655 34472 34427 32125 32245 29566 29643 29772 28269 28674 29157 29736 30260 30754 31238 31428 31660 32075 32575 33007 33389 33812 34284 34809 35240 35738 36244 36802 36585 35749 35541 35442 30148 30120 29914 29831 29571 29624 29730 29732 29913 30012 29922 29994 30139 30158 30383 30818 30939 30998 31319 31545 31656 31753 31987 32456 32789 32965 33218 33107 33188 33286 33626 33557 32768
41624 37407 36971 37036 37309 35173 34047 34066 31931 31963 29273 29498 29582 28112 28337 28861 29428 29962 30471 30746 30999 31380 31775 32275 32792 33232 33565 34276 34902 35524 36080 36349 36599 36182 35368 35229 35129 29916 29984 29639 29685 29379 29510 29495 29593 29699 29712 29857 29892 30040 30177 30397 30620 30846 31043 31300 31573 31769 31996 32180 32474 32672 32847 32878 33015 33131 33252 33335 33186 32583
41263 37179 36718 36925 37146 34816 33821 34006 31734 31810 29167 29401 29629 27996 28341 29079 29600 30015 30296 30587 31165 31684 32188 32477 32754 32998 33558 34366 35072 35335 35725 36029 36167 35700 34875 34759 34686 29647 29763 29413 29617 29244 29228 29379 29428 29372 29931 29763 29760 29988 30103 30437 30564 30805 30865 31457 31659 31837 31970 32275 32569 32698 32670 32954 33124 33347 33659 33845 32970 32441
40824 36907 36458 36655 36800 34408 33512 33580 31348 31485 28915 29195 29206 27634 27983 28576 29023 29352 29730 30337 30926 31472 31687 31988 32319 32795 33369 34152 34310 34556 34970 35219 35215 34914 34166 34119 34054 29192 29288 29037 29159 28878 28908 28966 28998 29290 29531 29409 29383 29728 29883 30035 30351 30402 30674 31225 31449 31542 31826 32017 32250 32471 32620 32849 33100 33322 33647 33633 32743 32257
40498 36637 36236 36499 36507 34092 33251 33357 31085 31129 28736 29048 28900 27431 27692 28257 28639 29066 29758 30353 30916 31167 31392 31762 32307 32833 33354 33600 33777 33996 34294 34290 34360 34124 33444 33404 33409 28773 28875 28702 28801 28582 28531 28592 28876 29090 29104 29175 29284 29540 29577 29872 29944 30252 30605 31065 31220 31474 31706 31796 32130 32467 32677 32833 33120 33308 33447 33444 32565 32136
39864 36242 35892 35992 36065 33654 33009 33043 30834 30919 28603 28660 28793 27225 27537 27970 28374 29066 29781 30350 30666 30928 31228 31833 32271 32720 32856 33036 33097 33228 33353 33525 33585 33418 32777 32744 32755 28337 28361 28410 28419 28332 28319 28528 28718 28678 28900 29008 29127 29338 29436 29660 30039 30297 30484 30862 31186 31406 31525 31704 32139 32428 32662 32937 33179 33186 33245 33353 32227 31916
39345 35861 35612 35713 35878 33370 32727 32832 30702 30667 28380 28625 28823 27065 27220 27704 28441 29182 29683 30016 30339 30683 31263 31744 32385 32392 32422 32595 32650 32712 32909 33050 32938 33036 32386 32368 32323 28117 28301 28189 28325 28187 28302 28572 28455 28715 29232 29470 29559 29609 29608 29813 29999 30501 30953 31677 32201 32608 33061 33597 33751 33920 32976 33221 33009 33010 33079 33258 31986 31806
38895 35589 35216 35311 35239 32751 32231 32294 30227 30197 28040 28315 28407 26760 27000 27626 28399 28882 29271 29680 30073 30636 31022 31543 31937 31585 31604 31790 31840 31903 32215 32307 32530 32890 31815 31805 31837 27743 27946 27780 27997 27825 28029 28210 28084 28558 29234 29113 29107 29202 29348 29634 29885 30459 30963 31731 32101 32602 33043 33334 33510 33927 32720 32955 32805 32887 33010 33160 31754 31567
38498 35398 34876 35002 34651 32254 31867 31777 29769 29939 27760 27894 28014 26403 26746 27468 28004 28406 28887 29338 29946 30326 30740 31159 31035 30732 30705 30874 30936 31129 31443 31877 32348 32436 31246 31351 31389 27400 27490 27435 27494 27558 27661 27719 27999 28527 28749 28804 28672 28923 29102 29499 30108 30699 31097 31580 32081 32541 32820 33117 33646 34029 32530 32602 32677 32778 33067 33461 31587 31378
38031 34938 34552 34854 34423 32002 31518 31408 29584 29781 27485 27706 27820 26220 26588 27318 27722 28185 28654 29256 29672 30145 30519 30535 30484 30274 30268 30419 30542 30736 31131 31517 31780 32034 30700 30768 30954 27075 27109 27158 27261 27288 27284 27574 28095 28559 28506 28517 28727 28838 29128 29558 30151 30736 31203 31788 32311 32773 33067 33346 33870 34298 32303 32303 32482 32615 33041 33220 31369 31275
37331 34353 34147 34305 33996 31660 31159 31024 29334 29557 27189 27500 27498 25889 26265 26888 27292 27706 28366 28787 29337 30036 29825 29898 29874 29729 29757 29958 29963 30196 30560 30780 31233 31703 30045 30195 30236 26622 26762 26810 26895 26971 27141 27657 28190 28379 28204 28580 28438 28778 29278 29734 30249 31004 31581 32120 32663 33276 33727 34000 34395 34853 32051 32061 32310 32528 32765 32761 31054 31044
36750 33773 33625 33799 33609 31291 30719 30671 29027 29185 26812 27079 27113 25568 25907 26545 27015 27651 28088 28632 29389 29502 29177 29210 29223 29116 29113 29265 29453 29622 29869 30242 30883 31260 29357 29526 29507 26218 26352 26390 26567 26587 26983 27616 27678 27837 28156 28182 28491 28797 29193 29577 30159 30934 31446 31934 32643 33292 33688 33911 34374 34803 31782 31843 32127 32163 32497 32369 30828 30813
36005 33128 33019 33084 33435 30970 30327 30286 28653 28775 26399 26667 26783 25119 25474 26229 26848 27206 27791 28510 28775 28663 28457 28562 28509 28416 28423 28717 28745 28828 29273 29874 30443 30378 28603 28753 28655 25735 25941 25973 26142 26417 26920 27080 27143 27806 27748 28117 28373 28619 29004 29503 30090 30753 31212 31843 32516 33143 33536 33878 34286 34749 31465 31571 31693 31795 31929 32026 30569 30537
35528 32698 32570 33047 33212 30577 29882 29965 28342 28506 26043 26294 26338 24823 25273 25997 26433 26992 27719 28105 28009 27900 27690 27708 27643 27663 27766 27978 28125 28466 29171 29772 30104 29908 28228 28239 28352 25553 25614 25731 26090 26630 26460 26692 27106 27337 27926 28356 28743 29178 29142 29637 29935 30661 31253 32058 32706 33296 33685 34068 34461 34741 31271 31372 31657 31502 31699 32109 30431 30400
34666 32087 32165 32511 32942 30008 29364 29509 27885 27978 25572 25761 26054 24226 24531 25116 25610 26262 26730 26745 26691 26688 26593 26587 26703 26857 26956 27255 27419 27998 28664 29094 29458 29162 27644 27688 27861 25092 25242 25457 26143 26312 26135 26483 26831 27343 28081 28182 28575 28669 29092 29252 30147 30989 31347 32091 32878 33477 33630 33876 34118 34324 30975 31404 31212 31168 31558 31833 30052 30225
33452 31211 31253 31639 31945 29122 28449 28585 26904 26960 24608 24995 25457 23112 23311 23934 24482 24761 24884 24857 24994 25198 25075 25133 25349 25542 25729 26138 26494 27066 27681 28285 28639 28210 26796 26902 27101 24358 24663 24962 25389 25462 25353 25877 26452 26989 27621 27463 27645 28083 28413 29202 29690 30258 30792 31669 32232 32722 32927 33400 33348 33644 30400 30503 30484 30681 31046 31015 29565 29615
32353 30397 30475 30844 30960 28237 27664 27662 26139 26255 23953 24582 24790 22397 22645 23244 23497 23501 23546 23740 24039 24237 23973 24100 24299 24476 24746 25213 25593 26069 26889 27543 27996 27406 26095 26280 26337 23790 24210 24465 24725 24762 24981 25613 26012 26692 26919 26805 27323 27703 28334 28979 29163 29841 30468 31230 31706 32178 32626 32636 32798 33133 29936 29919 30177 30392 30694 30436 29139 29217
31421 29569 29657 29994 30015 27296 26839 26811 25333 25513 23321 23828 23929 21759 22000 22340 22467 22486 22718 23058 23264 23390 22975 23078 23250 23406 23629 24127 24536 25110 25990 26692 27248 26396 25204 25433 25422 23164 23576 23724 23955 24130 24500 25032 25423 25916 25958 26562 26933 27465 27872 28335 28527 29299 29878 30592 31079 31705 31854 32059 32220 32374 29482 29543 29792 29908 30123 29948 28746 28862
30447 28681 28799 29086 29109 26372 25908 25896 24567 24753 22574 22971 23113 21134 21143 21414 21535 21701 22056 22311 22595 22446 22020 22091 22236 22427 22691 23248 23746 24383 25253 25982 26621 25416 24333 24482 24521 22551 22827 22988 23328 23618 23854 24458 24567 25023 25694 26171 26788 27004 27319 27599 27838 28685 29310 29808 30511 30956 31240 31511 31456 31562 28974 29109 29272 29302 29611 29320 28366 28584
29629 27985 28116 28253 28449 25729 25225 25287 23953 24068 22004 22413 22707 20546 20360 20636 20847 21122 21419 21729 22040 21630 21256 21333 21531 21723 22036 22695 23199 23839 24733 25501 25911 24513 23538 23655 23678 22018 22318 22461 22990 23116 23442 23777 24092 24936 25594 26167 26382 26543 26839 27087 27474 28316 28693 29419 29972 30502 30886 30970 30925 31058 28648 28809 28839 28959 29282 28928 28163 28398
28818 27346 27312 27504 27721 25048 24562 24605 23283 23427 21476 21970 22209 19927 19620 19913 20223 20449 20822 21166 21450 20827 20490 20585 20783 20995 21409 22039 22534 23213 24200 24828 25234 23643 22744 22820 22889 21466 21792 22074 22473 22696 22769 23307 24016 24733 25597 25696 25838 26059 26276 26773 27149 27697 28225 28909 29513 30102 30270 30398 30436 30527 28342 28443 28534 28700 28894 28604 27962 28193
27900 26568 26392 26592 26752 24148 23736 23853 22466 22594 20856 21361 21585 19243 18866 19197 19489 19804 20209 20541 20770 19987 19661 19756 19974 20201 20540 21174 21692 22431 23278 23949 24255 22636 21836 21938 21970 20805 21226 21402 21917 21970 22194 23065 23739 24581 25289 25048 25200 25400 25824 26397 26451 27106 27518 28413 29091 29398 29600 30113 29780 29914 27942 28084 28201 28254 28458 28248 27662 27934
26761 25638 25261 25465 25397 23065 22718 22834 21445 21582 20026 20487 20813 18352 17901 18246 18634 18969 19371 19653 19845 18948 18633 18706 18914 19097 19421 20062 20603 21202 22148 22786 23076 21467 20772 20858 20949 19995 20367 20616 21007 21239 21711 22600 23330 23999 24579 24156 24351 24760 25209 25490 25592 26145 26743 27688 28092 28488 29062 29423 28926 28989 27383 27568 27580 27636 27845 27725 27253 27511
25643 24681 24151 24382 24037 21937 21635 21768 20406 20562 19195 19711 19985 17479 17032 17418 17792 18112 18457 18716 18770 17918 17619 17690 17886 18056 18405 19060 19444 20140 20987 21606 21895 20313 19699 19790 19868 19136 19550 19701 20220 20724 21263 22164 22743 23314 23620 23294 23676 24153 24338 24610 24626 25397 26040 26747 27211 27985 28316 28479 28039 28078 26821 27009 26988 27058 27270 27128 26804 27076
24428 23578 22903 22917 22535 20672 20410 20502 19193 19373 18236 18720 18960 16484 16076 16466 16845 17112 17431 17672 17540 16783 16504 16563 16744 16890 17209 17699 18150 18716 19538 20173 20418 18934 18422 18511 18586 18108 18453 18699 19525 20112 20632 21372 21895 22179 22282 22476 22881 23100 23257 23493 23701 24491 24868 25728 26541 27050 27204 27245 26985 26966 26151 26293 26256 26306 26512 26437 26274 26510
23392 22576 21855 21619 21288 19567 19331 19424 18183 18394 17453 17908 17972 15716 15343 15735 16045 16294 16578 16936 16497 15829 15572 15664 15841 15961 16145 16687 17018 17559 18308 18825 18877 17681 17266 17333 17422 17193 17597 18232 19060 19637 20078 20678 20927 21112 21640 21913 22019 22224 22340 22709 23025 23552 24119 25328 25853 26208 26164 26191 26035 26075 25595 25716 25641 25681 25876 25809 25863 26123
22312 21604 20780 20323 20022 18449 18232 18350 17205 17341 16598 17061 16909 14934 14488 14848 15190 15423 15863 15826 15448 14854 14591 14677 14862 14815 14998 15468 15804 16296 16983 17310 17340 16487 16212 16323 16403 16396 17150 17798 18669 19202 19371 19754 19915 20414 21113 21058 21212 21368 21566 22009 22079 22809 23691 24542 25023 25625 25153 25164 25068 25283 25018 25164 25014 25072 25231 25445 25501 25801
21143 20562 19590 18966 18630 17285 17097 17198 16130 16305 15713 16128 15766 14072 13653 14011 14308 14668 14809 14680 14349 13838 13575 13628 13804 13583 13729 14171 14452 14904 15446 15804 15988 15293 15124 15220 15538 15862 16671 17329 18162 18493 18363 18688 19085 19821 20428 20155 20294 20501 20778 21059 21244 22293 22830 23624 24281 24283 24020 24090 24249 24434 24387 24524 24343 24368 24828 25034 25109 25644
20065 19589 18552 17702 17412 16229 16053 16158 15211 15377 14946 15346 14793 13354 12959 13287 13666 13720 13793 13640 13367 12953 12715 12788 12986 12574 12740 13100 13299 13582 14065 14511 14541 14141 14059 14357 15019 15486 16301 16976 17577 17540 17481 17974 18620 19331 19735 19365 19531 19850 20011 20306 20887 21599 22123 23053 23227 23123 23066 23343 23550 23949 23832 23869 23754 24071 24407 24659 25016 25587
18839 18535 17437 16352 16052 14993 14902 15005 14253 14431 14121 14497 13798 12614 12262 12594 12802 12669 12730 12579 12393 12085 11831 11918 11983 11498 11586 11852 11880 12119 12712 13040 13097 12997 13257 13856 14611 15087 15869 16389 16575 16671 16808 17491 18134 18551 18864 18541 18841 19134 19231 19958 20243 20910 21505 21989 22028 22135 22282 22553 23000 23180 23162 23146 23446 23707 23990 24425 24854 25125
17521 17355 16255 14947 14647 13614 13647 13773 13259 13350 13226 13230 12747 11863 11567 11840 11674 11568 11595 11467 11385 11178 10873 10888 10853 10385 10304 10397 10417 10789 11223 11559 11860 12208 12779 13441 14179 14640 15187 15399 15643 15973 16323 16936 17278 17669 17663 17830 18114 18377 18834 19231 19522 20289 20427 20780 21054 21366 21444 21879 22158 22382 22381 22784 23030 23267 23628 24117 24309 24647
16855 16802 15724 14282 13995 13080 13166 13379 12831 12879 12869 12691 12254 11455 11084 11278 10911 10715 10640 10560 10538 10437 10198 10205 10129 9748 9689 9794 10033 10330 10698 11106 11633 12227 12902 13516 14170 14655 14936 15084 15461 15746 16344 16734 16963 17191 17496 17639 17887 18362 18778 18938 19443 19841 20071 20377 20696 21024 21326 21708 22026 22137 22336 22945 23144 23364 23640 24016 24288 24567
16651 16731 15576 14171 13722 12927 13105 13210 12555 12703 12621 12537 12010 11078 10440 10624 10094 9811 9723 9698 9707 9677 9553 9557 9530 9310 9331 9721 10067 10399 10875 11489 12315 13199 14158 15074 16010 16710 17198 17552 18104 18570 19441 20076 20531 20952 21331 21604 21891 22501 23112 23425 24163 24813 25254 25735 26223 26681 27145 27680 28167 28343 28648 29354 29657 30029 30479 30965 31307 31713
16458 16413 15286 13982 13423 12678 12956 12820 12169 12450 12259 12254 11679 10667 9855 10099 9373 9042 8969 8985 9017 9039 8993 9050 9048 9008 9227 9809 10280 10837 11648 12682 13957 15198 16468 17761 19034 19935 20773 21429 22226 22895 23945 24878 25635 26381 26888 27353 27716 28438 29216 29761 30726 31712 32464 33249 34001 34692 34983 35552 35688 35608 35680 36150 36176 36618 36928 37533 37518 37788
16174 15836 14769 13558 13040 12263 12530 12177 11647 11923 11727 11770 11212 10305 9459 9569 8867 8547 8489 8505 8571 8608 8668 8741 8839 8943 9249 9861 10428 11113 12085 13247 14668 16082 17527 19055 20504 21511 22541 23305 24156 24852 25977 27001 27830 28776 29340 29949 30345 31071 31684 31891 32446 33047 33444 33697 34047 34310 34799 34926 35314 35242 35352 35697 36058 36251 36986 37172 37348 37798
15744 15125 14088 12997 12602 11790 11893 11482 11093 11367 11140 11272 10717 9957 9102 9012 8510 8225 8191 8214 8270 8397 8460 8604 8768 8982 9438 10230 10975 11862 13063 14392 15860 17204 18590 20114 21505 22454 23549 24367 25218 25808 26830 27766 28488 29485 30076 30733 30559 30845 31206 31431 31969 32563 32822 33123 33481 33990 34111 34445 34778 34778 34872 35415 35557 36178 36523 36914 37291 37859
15158 14274 13220 12260 12031 11171 11047 10692 10451 10630 10455 10622 10137 9593 8752 8496 8211 8013 8011 8015 8130 8223 8324 8493 8699 8994 9473 10209 10974 11896 13090 14304 15670 17035 18436 19966 21390 22346 23462 24274 25065 25648 26617 27561 28341 29389 29984 30587 30094 30293 30586 30928 31366 31787 32095 32388 33028 33161 33558 33806 34285 34163 34557 34773 35359 35607 36253 36787 37295 37539
14388 13398 12295 11466 11349 10547 10322 10016 9902 10085 9885 10146 9704 9301 8529 8208 8088 7940 7950 8009 8099 8215 8381 8650 9007 9484 10224 11255 12263 13377 14780 16151 17607 19008 20461 22045 23510 24525 25778 26812 27762 28481 29025 29478 29615 30082 30014 29952 29683 29837 30167 30591 30810 31198 31474 32018 32301 32712 33073 33437 33624 33828 34058 34620 34870 35469 36313 36743 36973 37319
13444 12315 11107 10448 10378 9601 9325 9155 9150 9296 9132 9417 9106 8929 8342 8023 7953 7908 8022 8115 8256 8418 8591 8853 9244 9829 10640 11628 12654 13824 15275 16622 18032 19507 21097 22821 24410 25548 26878 27876 28626 27915 28337 28669 28816 29249 29235 29214 29134 29275 29682 30265 30013 30389 30892 31129 31720 32082 32569 32681 33132 33161 33791 34051 34612 35483 36160 36304 36603 37000
12361 11224 9882 9348 9320 8661 8444 8368 8443 8441 8414 9087 8546 8482 8065 7835 7821 8015 8309 8566 8867 9169 9441 9775 10299 11076 12021 13013 14060 15299 16799 18140 19467 20918 22548 24341 26018 27240 27996 27809 27676 27215 27612 27941 27976 28477 28435 28550 28512 28742 29345 29686 29346 29836 30070 30580 31068 31508 31825 32237 32471 32803 33172 33682 34570 35271 35701 35787 36189 36622
11079 10039 8547 8070 8115 7618 7537 7554 7578 7642 8004 8148 7931 7993 7744 7659 7918 8267 8707 9114 9579 10014 10377 10757 11240 11935 12797 13703 14683 15914 17355 18781 20307 21983 23849 25183 26200 26599 26965 26784 26672 26453 26898 27127 27106 27598 27769 27741 27914 28323 28764 29005 28796 28986 29536 29915 30378 30691 31321 31615 32068 32088 32679 33542 34302 34760 35082 35245 35716 35944
9708 8716 7204 6807 6862 6494 6528 6598 6663 7056 7148 7312 7379 7368 7392 7770 7936 8303 8912 9499 10151 10744 11224 11673 12196 12897 13662 14438 15308 16476 17786 19171 20703 22096 23281 24304 25139 25489 25939 25653 25590 25737 26134 26157 26369 26891 26917 27074 27315 27738 28234 28110 28100 28540 28899 29321 29649 30181 30550 30901 31249 31342 32211 33089 33618 34027 34281 34514 34920 35433
8266 7318 5850 5573 5786 5382 5388 5658 6053 6063 6391 6726 6696 6975 7415 7608 7821 8671 9692 10655 11534 12203 12729 13275 13898 14709 15494 16147 16747 17791 18780 19669 20419 21406 22391 23172 23973 24444 24637 24499 24815 24966 25162 25397 25630 26046 26206 26404 26710 27238 27301 27243 27617 27935 28349 28535 29042 29409 29689 29896 30418 30760 31513 32292 32795 33146 33301 33634 34393 34697
6758 6070 4653 4478 4739 4476 4689 5235 5274 5398 6032 6188 6207 6707 6935 7188 7949 8786 9751 10518 11295 11979 12556 13179 13878 14665 15358 15976 16767 17744 18644 19274 20158 21042 21878 22499 23302 23645 23665 23970 24298 24417 24708 24911 25336 25520 25864 25902 26400 26566 26684 26958 27338 27715 27808 28133 28533 28881 29023 29324 29966 30234 30883 31675 32129 32381 32587 33229 33810 33760
5370 4947 3613 3543 3594 3834 4288 4509 4712 5101 5587 5692 5989 6196 6420 7157 7794 8618 9441 10182 10966 11669 12300 13021 13754 14480 15148 16015 16829 17784 18392 19189 20002 20743 21450 22065 22655 22830 23233 23577 23822 24072 24362 24717 24906 25205 25415 25659 25799 26095 26442 26722 27265 27329 27507 27798 28135 28330 28502 28884 29448 29666 30314 31090 31446 31780 32208 32663 32928 33119
4346 3862 2720 2759 3030 3346 3461 3926 4265 4600 4972 5338 5674 5806 6292 7042 7805 8537 9254 9968 10702 11438 12164 12975 13709 14379 15139 16038 16830 17439 18092 18723 19488 20162 20782 21324 21827 22237 22720 23007 23362 23568 23979 24114 24349 24755 25019 25180 25337 25791 26039 26396 26669 26884 27065 27413 27485 27706 27939 28136 28723 29162 29696 30290 30724 31195 31562 31963 32561 32798
3769 3260 2274 2528 2771 2952 3383 3806 4125 4505 4821 5282 5565 5846 6500 7422 8357 9359 10389 11382 12196 12910 13492 14102 14624 15047 15560 16098 16670 17294 17911 18613 19381 20010 20592 21108 21708 22168 22511 22911 23198 23527 23739 23883 24261 24578 24849 25080 25327 25714 25902 26210 26591 26756 26907 27223 27357 27514 27679 27928 28577 29070 29609 30100 30635 31028 31445 32046 32729 33029
3025 2628 1916 2273 2367 2938 3403 3877 4141 4441 4920 5486 5810 6144 6877 7972 8828 9621 10454 11235 11994 12629 13188 13834 14341 14858 15386 16079 16676 17258 17989 18875 19926 20883 21557 22202 22840 23343 23705 24043 24364 24680 24933 25143 25582 25915 26266 26684 26981 27443 27758 28115 28615 28757 28910 29306 29575 29782 29992 30279 31048 31558 31829 32261 32824 33043 33440 33940 34567 34672
2316 2032 1596 1965 2396 3006 3509 3801 3943 4555 4982 5477 5871 5994 6778 7777 8536 9383 10212 11006 11671 12318 12929 13572 14144 14720 15361 16110 16579 17188 17980 18953 19935 20659 21393 22028 22695 23178 23568 23956 24285 24660 24886 25166 25534 25877 26261 26662 26926 27463 27737 28050 28504 28637 28914 29366 29621 29721 29955 30335 30956 31235 31668 32128 32545 32877 33242 33857 34325 34597
1666 1410 1237 1947 2267 2848 3212 3545 3906 4421 4787 5482 5695 6001 6692 7523 8378 9227 10045 10793 11464 12121 12716 13401 14051 14704 15345 15996 16548 17152 17986 18810 19686 20465 21211 21878 22507 23002 23363 23809 24185 24541 24790 25017 25401 25807 26209 26576 26911 27365 27680 27879 28213 28551 28883 29287 29526 29688 29939 30168 30624 31078 31501 31919 32412 32737 33133 33642 34205 34412
1050 930 1198 1786 2184 2767 3222 3653 3952 4417 4786 5376 5683 5880 6508 7388 8224 9038 9843 10604 11281 11936 12560 13254 13930 14581 15218 15958 16532 17149 17962 18781 19635 20376 21117 21793 22414 22885 23360 23768 24152 24454 24722 25041 25370 25810 26233 26577 26858 27272 27568 27858 28249 28621 28935 29373 29687 29883 30121 30419 30926 31367 31737 32186 32595 32870 33176 33610 34036 34278
553 1065 1440 1920 2341 2975 3655 4405 4782 5338 5921 6462 6942 7193 7836 8855 9822 10736 11619 12493 13306 14090 14885 15758 16553 17234 17885 18752 19462 20178 20964 21820 22745 23456 24105 24682 25263 25699 26206 26724 27163 27542 27862 28314 28780 29299 29837 30273 30602 31032 31270 31699 32415 32935 33295 33876 34367 34722 35029 35565 36432 37076 37613 38311 38828 39262 39675 40309 40791 41030
