40018 36123 26289 26080 23022 22968 22808 23104 22769 22323 22540 22311 21958 22174 22229 22542 22624 23058 23649 24302 24825 24738 24917 24929 24875 24932 25119 25532 26112 26756 27259 27829 28182 28720 29140 29519 30042 30395 30688 30859 31150 31524 31965 32058 32250 32413 32656 32751 33039 33349 33593 33834 34189 34535 34849 35107 35181 35473 35726 36100 36417 36614 36959 37374 37635 38096 38437 38524 38760 39032
39629 35825 25863 25659 22788 22678 22706 23081 22636 22137 22401 22071 21874 22037 22219 22294 22547 23047 23694 24367 24307 24437 24473 24573 24468 24561 24724 25192 25711 26363 27009 27563 28108 28536 28868 29341 29846 30210 30554 30865 31164 31581 31857 32038 32205 32445 32607 32891 33190 33472 33728 34110 34535 35078 35691 36244 36524 36865 37079 37647 38205 38543 38463 38873 38984 39333 39588 39651 39658 39828
39398 35498 25566 25467 22629 22520 22562 23074 22504 22026 22395 21881 21780 22138 22076 22165 22443 23054 23655 23801 24026 24072 24258 24216 24273 24374 24603 25064 25644 26449 27232 28050 28664 29210 29380 29889 30265 30569 30841 31161 31557 31994 32084 32008 32187 32281 32651 32878 33154 33543 33825 34115 34568 35290 35814 36402 36411 36748 37001 37753 38221 38193 38493 38633 39120 39635 39690 39535 39793 39985
38770 34971 25140 25046 22221 22285 22106 22490 22252 21767 22067 21656 21598 21648 21703 21859 22217 22741 22889 23313 23445 23702 23817 23948 24067 24219 24529 25075 25785 26624 27401 28215 28635 29067 29423 29796 30138 30419 30763 31160 31574 31859 31973 31908 31915 32156 32473 32681 33001 33333 33538 34001 34372 34844 35496 35903 36067 36311 36689 37428 37541 37867 38139 38433 38819 39257 39339 39500 39640 39837
38382 34645 24595 24489 22040 22105 21856 22173 22029 21595 21914 21544 21408 21578 21557 21783 22024 22255 22662 23026 23261 23478 23644 23798 23925 24159 24587 25258 25969 26831 27528 28130 28556 29017 29382 29883 30344 30790 31059 31148 31422 31707 31749 31742 31918 32120 32320 32506 32865 33215 33457 33857 34068 34789 35257 35706 35769 36245 36679 37110 37496 37815 38129 38369 38735 39107 39293 39437 39618 39889
38011 34401 24127 24140 21881 21838 21599 21861 22010 21467 21595 21361 21319 21410 21534 21648 21664 21959 22294 22731 22998 23213 23419 23633 23829 24129 24541 25193 25925 26677 27299 27948 28462 28879 29380 29825 30348 30654 30854 31104 31320 31479 31543 31789 31859 31954 32192 32499 32850 33084 33302 33622 34029 34536 35065 35442 35680 36217 36407 37031 37550 37980 38422 39004 39380 39537 39768 39911 39938 39972
37795 34250 23770 23953 21730 21577 21410 21767 21834 21393 21433 21183 21266 21423 21480 21471 21636 22204 22840 23455 23794 23961 24205 24406 24664 24965 25414 26105 26824 27422 27994 28682 29204 29415 29687 30173 30598 30913 31054 31088 31205 31333 31625 31882 31961 32070 32288 32529 32922 33184 33412 33649 34082 34541 34989 35425 35673 36052 36368 37047 37600 38076 38450 38870 39013 39392 39725 39646 39826 39860
37458 34008 23597 23636 21479 21381 21203 21542 21583 21234 21477 21065 21118 21327 21198 21355 21792 22333 22795 23351 23574 23805 24043 24262 24475 24878 25400 25996 26498 27227 27971 28599 28897 29198 29580 30016 30461 30685 30973 31280 31529 31810 32000 32201 32289 32408 32626 32848 33207 33514 33720 34078 34405 34988 35487 35982 36233 36649 37014 37497 37614 37964 38229 38441 38786 39236 39407 39448 39653 39774
37166 33817 23146 23258 21333 21159 21030 21395 21429 21102 21244 20961 21143 21185 21078 21335 21627 22137 22593 23071 23322 23607 23858 24131 24466 24870 25236 25627 26243 27081 27682 28267 28619 29058 29442 29870 30233 30565 30958 31184 31438 31717 32069 32277 32426 32625 32846 33063 33486 33861 34059 34406 34918 35461 35895 36209 36389 36670 36880 37282 37631 37897 38116 38485 38813 39207 39287 39436 39639 39814
36908 33510 22837 22868 21188 20997 20924 21217 21298 20931 20899 21026 21097 20956 21138 21288 21414 21912 22426 22917 23182 23466 23760 24104 24503 24821 25063 25502 26255 26961 27605 28176 28689 29090 29660 30144 30653 31049 31376 31529 31695 31892 32265 32762 32897 33080 33336 33711 34170 34186 34417 34818 35410 35612 35815 36224 36507 36702 36779 37355 37859 38299 38218 38671 38865 39025 39460 39770 39914 39907
36738 33306 22569 22465 21006 20732 20743 21046 20841 20733 21052 20855 20775 20997 21132 21232 21445 22090 22471 23402 23766 23911 24059 24277 24301 24529 24794 25405 26152 27166 28115 28966 29537 30019 30227 30839 31446 31675 32164 32565 32574 32696 32743 32843 33102 33263 33547 33669 33895 34316 34570 34939 35037 35328 35926 36207 36254 36543 36714 37330 37843 37862 38014 38317 38628 39074 39367 39513 39675 39890
36368 32889 22098 22178 20797 20543 20489 20917 20746 20575 20757 20619 20688 20903 20888 20866 21289 21699 22483 23094 23340 23551 23800 23954 24152 24324 24647 25264 26152 27183 28130 28743 29325 29767 30157 30813 31238 31742 32175 32078 32102 32376 32680 32910 32949 33103 33276 33442 33864 34224 34464 34600 34758 35240 35499 35859 36002 36264 36603 37282 37510 37722 37934 38230 38731 39149 39451 39622 39875 40162
35943 32545 21785 21894 20534 20354 20211 20492 20676 20364 20498 20499 20536 20629 20574 20861 20935 21606 22202 22711 22985 23282 23480 23703 23839 24126 24537 25313 26255 27176 27894 28573 29110 29661 30155 30651 31287 31700 32043 31891 32167 32512 32761 32790 32881 32921 33126 33419 33903 34185 34155 34333 34619 34879 35242 35651 35861 36205 36476 36997 37332 37612 37898 38352 38720 39135 39462 39693 39990 40161
35683 32282 21351 21390 20353 20081 20125 20512 20469 20180 20314 20315 20451 20430 20545 20537 20964 21553 21899 22450 22788 23008 23185 23389 23572 23897 24372 25131 25990 26856 27581 28295 28925 29446 29926 30549 31196 31600 31567 31815 32114 32333 32496 32729 32766 32851 33113 33441 33832 33958 34000 34195 34481 35013 35242 35821 36044 36307 36699 37492 37637 38014 38262 38622 39126 39596 39860 40038 40314 40398
35432 32125 20997 20989 20174 19890 19930 20229 20189 20059 20182 20234 20239 20334 20342 20643 20918 21296 21697 22314 22597 22803 23022 23245 23468 23833 24344 25112 25924 26757 27470 28199 28879 29401 29914 30505 31139 31233 31527 31840 31989 32285 32430 32709 32821 32910 33154 33449 33712 33801 33844 34202 34450 34676 35257 35672 35812 36470 36754 37148 37500 37852 38136 38716 39128 39578 39778 40052 40308 40291
35192 31902 20636 20672 19973 19623 19701 19920 20228 19978 19976 20009 20096 20110 20322 20528 20808 21267 21681 22180 22463 22723 22951 23216 23570 24049 24645 25449 26412 27411 28230 28908 29432 29742 30202 30590 30872 31274 31460 31637 31906 32164 32507 32888 32762 32836 33023 33288 33517 33535 33861 33971 34110 34551 34974 35367 35703 36215 36285 36711 37217 37530 37898 38436 38876 39229 39671 39905 40139 40194
34901 31797 20297 20404 19845 19455 19496 19973 20048 19910 20038 19838 19959 20213 20439 20757 21185 21964 22658 23273 23454 23585 23885 24174 24382 24816 25198 25728 26479 27438 28195 28772 29192 29619 29928 30288 30904 31090 31378 31708 32009 32309 32576 32695 32716 32732 32892 33047 33283 33561 33604 33672 34041 34415 34821 35291 35567 35902 36026 36625 37075 37449 37751 38275 38689 39169 39534 39723 39973 40090
34642 31489 19998 20076 19665 19348 19541 20006 19863 19758 19932 19728 20016 20348 20546 20680 21149 21957 22446 22915 23095 23429 23723 23957 24321 24661 24986 25549 26419 27311 27991 28486 29009 29477 29599 30319 30659 30914 31419 31669 31930 32197 32471 32657 32588 32653 32786 32857 33237 33447 33435 33732 34125 34519 34949 35458 35611 35756 36124 36831 37342 37720 37832 38325 38892 39409 39673 39916 40212 40533
34176 30901 19607 19600 19334 19212 19230 19533 19642 19433 19547 19631 19881 20116 20239 20458 20834 21447 21920 22402 22757 23129 23399 23757 24095 24463 24911 25531 26295 27062 27748 28277 28814 29229 29627 30147 30450 30798 31219 31458 31675 31963 32341 32568 32257 32324 32414 32614 32887 33065 33239 33521 33872 34257 34730 35109 35301 35720 35993 36689 37234 37517 37793 38350 38862 39214 39638 39939 40216 40458
34025 30604 19313 19393 19204 19055 18994 19336 19464 19297 19477 19637 19829 20038 20191 20454 20781 21290 21750 22333 22708 23041 23380 23710 24025 24451 24980 25716 26513 27331 28004 28647 29131 29504 29977 30028 30591 30991 31225 31470 31689 31935 32238 32288 32104 32167 32300 32509 32808 32993 33144 33327 33710 34126 34546 34950 35170 35643 35969 36574 37114 37597 38077 38772 39263 39825 40264 40537 40879 40983
33868 30447 19042 19049 19161 18832 18906 19269 19205 19356 19725 19922 20070 20374 20527 20877 21306 22093 22663 23243 23617 23866 24128 24307 24509 24815 25268 25975 26654 27442 27972 28587 29072 29537 29484 29981 30584 30905 31275 31585 31822 32133 32013 32050 32254 32309 32617 32913 33306 33614 33751 34048 34322 34824 35477 36000 36202 36573 36754 37198 37831 38297 38789 39385 39922 40647 40844 41076 41396 41501
33477 30098 18768 18886 18883 18641 18686 19015 19354 19450 19678 19851 20104 20221 20536 20742 21308 21954 22406 23034 23390 23633 23925 24217 24445 24777 25300 25950 26604 27276 27869 28444 29017 29133 29394 29926 30449 30884 31113 31330 31623 31746 31829 32035 32031 32213 32521 32837 33146 33385 33669 33844 34162 34769 35280 35762 35986 36282 36443 37128 37634 38177 38629 39398 39876 40411 40853 41128 41395 41392
33187 29859 18567 18715 18640 18489 18420 19020 19287 19528 19814 19765 19951 20243 20445 20772 21092 21662 22172 22846 23145 23429 23792 24036 24252 24680 25151 25769 26365 27121 27706 28333 28610 28967 29258 29742 30366 30681 30971 31233 31369 31533 31658 31899 32074 32238 32451 32651 33021 33380 33508 33715 34125 34646 35077 35504 35727 36021 36324 36946 37448 38039 38586 39270 39717 40394 40781 40983 41307 41406
32879 29520 18341 18327 18329 18243 18445 18998 19295 19419 19589 19710 19899 20165 20436 20595 20860 21414 22023 22566 22922 23226 23566 23850 24197 24615 25066 25638 26294 27028 27607 28059 28500 28846 29183 29676 30150 30568 30917 31048 31181 31348 31633 31944 32061 32243 32488 32736 33081 33334 33607 33899 34337 34877 35399 35848 36143 36560 36829 37459 38043 38508 38921 39532 40024 40510 40926 41143 41447 41661
32577 29305 18216 18143 18136 18371 18648 19074 19299 19415 19823 20131 20385 20735 20834 21259 21643 22287 22978 23669 24221 24705 25166 25561 25828 26182 26679 27397 27992 28608 29144 29789 30260 30629 31099 31475 32015 32458 32844 33259 33651 34082 34272 34258 34379 34746 35095 35549 35882 36264 36634 37142 37941 38730 39495 40181 40504 41306 41883 42643 43267 43895 44557 45445 46110 46780 47371 47739 48148 48378
32318 28875 17860 17815 17880 18262 18423 18903 19173 19337 19731 20096 20300 20582 20783 21198 21667 22313 22921 23651 24174 24637 25117 25518 25791 26170 26709 27496 28192 28944 29560 30267 30799 31240 31718 32182 32797 33241 33627 33868 33877 33940 33886 34057 34340 34696 35103 35416 35786 36173 36584 37080 37804 38572 39371 40057 40453 41237 41752 42284 43112 43808 44502 45405 45985 46769 47291 47664 48095 48274
32039 28541 17504 17631 17961 18131 18437 19057 19604 19599 19792 20049 20283 20608 21066 21279 21731 22587 23449 24242 24741 25194 25718 26177 26601 27251 27861 28607 29367 30165 30799 31288 31912 32349 32784 33272 33758 34011 34288 33377 33429 33523 33727 34265 34456 34771 34968 35299 35683 36142 36583 37088 37766 38563 39307 40023 40620 41196 41557 42403 43250 44060 44652 45605 46313 46933 47509 47987 48512 48773
31683 28215 17434 17655 18106 18095 18379 19054 19322 19694 19933 19813 20267 20693 21231 21468 21963 22757 23823 24554 25002 25245 25739 26072 26604 27203 27835 28556 29325 30228 30946 31602 32251 32665 32620 33082 33412 33795 33835 33120 33208 33321 33630 34188 34400 34509 34763 35044 35751 36334 36819 37411 38068 39027 39830 40598 41199 41658 42061 43007 43749 44594 45235 46012 46731 47449 47925 48322 48823 48736
31116 27807 17337 17656 17882 17991 18168 18755 19423 19568 19607 19832 20472 20795 21255 21474 21774 22822 23629 24391 24685 25108 25573 26049 26559 27309 28024 28862 29736 30663 31389 31935 32148 32198 32451 32739 33139 33338 33427 32896 33022 33323 33695 34235 34109 34233 34512 35242 36128 36737 37362 38076 38959 39955 40830 41737 42537 43253 43648 44655 45442 46285 47105 48156 48544 48900 48937 49218 49853 48438
30565 27478 17186 17429 17675 17693 17975 18646 19150 19394 19528 19769 20391 20683 21126 21213 21739 22555 23405 24084 24483 24893 25431 25808 26380 27058 27793 28600 29460 30452 31070 31304 31516 31735 31894 32297 32540 32967 32758 32605 33015 33178 33375 34209 33795 33921 34507 35177 36084 36741 37411 38080 38883 40058 40951 41800 42546 43138 43681 44533 45255 46328 47017 47608 48034 48207 48502 49031 49384 48071
29887 27131 16959 17148 17305 17448 17795 18335 18919 19207 19379 19693 20223 20492 20869 21142 21485 22290 23110 23839 24253 24682 25166 25609 26119 26788 27500 28361 29256 30147 30435 30704 31060 31150 31433 31604 32060 32048 32243 32527 32785 32838 33294 33611 33401 33855 34446 35162 36041 36698 37308 38025 39020 40025 40898 41731 42395 43128 43546 44360 45269 46107 46479 47138 47292 47797 48330 48550 48736 47630
29492 26800 16852 16987 17157 17463 17912 18871 19358 19778 20323 20592 20991 21478 22005 22329 22832 23872 25069 26051 26735 27373 27818 27761 28003 28153 28328 28775 29223 29765 30102 30454 30669 30868 31042 31475 31510 31755 32248 32391 32518 32950 32907 33072 33378 33984 34735 35406 36261 37030 37548 38425 39341 40462 41547 42538 43214 43469 44000 44950 45468 45799 46046 46499 47047 47664 47940 48065 48395 47328
28754 26216 16662 16650 17165 17849 18372 19170 19445 19728 20624 21169 21331 21808 22485 22824 23417 24383 25777 26592 26805 27137 27271 27537 27650 27829 28169 28608 28929 29410 29758 30100 30342 30696 31115 31019 31185 31815 32112 32064 32610 32766 32622 32929 33364 34338 35314 35655 36175 36847 37864 38602 39192 40799 41928 42710 42889 43510 43941 44651 44970 45384 45828 46332 46856 47515 47719 47943 48135 46937
27543 25360 16080 16291 16993 17401 17780 18516 18984 19620 20414 20627 20924 21629 22150 22714 23234 24280 25453 25855 26209 26282 26823 26959 27096 27333 27678 28207 28439 28912 29130 29648 29996 30407 30455 30483 30879 31329 31421 31825 32049 32146 32054 32494 33201 34073 34514 34959 35554 36491 37053 37644 38671 40067 41106 41712 42156 42777 43142 43525 44019 44532 45193 45645 46190 46873 47130 47190 47599 46024
26691 24517 15790 16225 16706 17159 17455 18263 19013 19603 20047 20338 20944 21492 22101 22689 23275 24219 24845 25426 25540 25974 26337 26560 26727 27058 27482 27859 28157 28556 28896 29473 29890 29944 30092 30276 30658 30879 31298 31415 31568 31589 31859 32657 33308 33589 34084 34489 35362 36128 36605 37279 38525 39792 40566 41383 41913 42658 42379 42816 43332 44065 44402 45175 45586 46319 46557 46811 47133 45476
25899 23695 15490 15905 16444 16820 17295 18122 18899 19384 19733 20066 20840 21386 21948 22534 22887 23558 24204 24703 25123 25401 25775 25985 26150 26550 26800 27159 27450 28065 28438 29069 29191 29343 29598 29806 30099 30616 30807 30752 30928 31239 31787 32620 32769 33142 33429 34009 34909 35702 36266 37034 38305 39327 40146 40969 41728 41742 41601 42060 42636 43130 43552 44372 44829 45535 45900 46077 46573 45026
25064 22838 15232 15583 16014 16511 17033 17813 18592 19052 19365 19836 20590 21120 21736 22116 22131 22693 23363 24171 24408 24691 25060 25229 25458 25694 25956 26367 26897 27535 28041 28309 28567 28739 29051 29192 29659 29951 30169 30182 30647 31023 31525 31990 32174 32397 32845 33483 34448 35183 35831 36595 37601 38703 39562 40724 40627 40709 40697 41128 41567 42191 42626 43471 44072 44742 45003 45350 46184 44382
24218 22276 15006 15299 15837 16325 16807 17699 18470 18871 19294 19835 20481 21021 21513 21567 21621 22096 23040 23612 23898 24189 24522 24709 24770 24936 25205 25844 26336 27096 27233 27694 27967 28203 28448 28777 29059 29477 29801 30116 30681 31005 31107 31642 31688 31963 32506 33266 34195 34849 35543 36269 37148 38250 39457 39824 39659 39828 39833 40285 40834 41354 42038 42827 43408 44027 44477 45108 45887 43813
23390 21677 14736 15118 15608 16138 16748 17720 18328 18741 19252 19849 20397 20851 20938 21094 21157 21899 22537 23111 23450 23694 24056 24149 24151 24296 24743 25383 25991 26366 26630 27135 27458 27640 28109 28183 28665 29207 29669 30110 30561 30648 30899 31145 31267 31631 32329 33089 33864 34600 35281 35855 36782 38171 38601 39005 38783 38953 39041 39563 40040 40740 41399 42213 42636 43517 44317 44886 45528 43296
22459 20942 14411 14773 15340 16010 16613 17514 18123 18593 19284 19714 20131 20201 20353 20596 20917 21377 22010 22629 22917 23219 23504 23557 23544 23894 24370 25099 25294 25778 26004 26628 26864 27324 27559 27843 28459 29120 29614 29954 30187 30669 30472 30690 30918 31410 32103 32676 33517 34320 34850 35406 36649 37242 37710 38118 37878 38068 38167 38687 39319 39974 40703 41288 41912 43255 44055 44472 44730 42751
21335 19978 13978 14311 15008 15705 16278 17164 17786 18400 18886 19278 19276 19442 19630 20250 20152 20577 21281 21853 22209 22402 22691 22763 22966 23331 23887 24283 24562 25024 25351 25902 26402 26634 27090 27464 28162 28846 29248 29348 29988 30381 29835 30086 30413 30944 31483 32112 32959 33623 34161 34958 35440 36098 36579 36992 36781 36997 37167 37707 38326 39037 39509 40415 41409 42792 43819 43471 43694 42029
20212 18930 13548 13921 14653 15304 15787 16795 17568 17934 18420 18449 18448 18673 19287 19690 19432 19858 20524 21132 21407 21615 21931 22249 22492 22966 23189 23692 23972 24483 24718 25471 25773 26227 26800 27223 27951 28568 28671 29210 29760 29715 29269 29558 29922 30287 30888 31585 32272 32935 33678 33715 34249 34858 35389 35841 35663 35931 36027 36595 37329 37815 38639 39819 40938 42534 43042 42465 42694 41268
18941 17743 13029 13407 14137 14671 15243 16437 16975 17351 17525 17475 17551 18173 18594 18608 18567 18993 19683 20221 20516 20748 21334 21689 22036 22176 22526 23046 23366 23793 24183 24744 25272 25871 26467 26902 27585 27920 28384 28832 29282 28920 28638 28953 29154 29556 30208 30742 31430 32366 32326 32394 32852 33504 34065 34379 34450 34637 34721 35419 35877 36730 37827 39151 40433 41594 41754 41313 41492 40427
17880 16689 12652 13039 13698 14275 14963 15945 16524 16617 16685 16701 17188 17601 17706 17887 17835 18322 18940 19501 19818 20333 20927 21363 21389 21704 22099 22607 22886 23445 23689 24391 25100 25728 26277 26694 27109 27804 28173 28550 28720 28284 28161 28361 28622 29081 29550 30102 31092 31511 31225 31240 31744 32394 32815 33328 33375 33533 33648 34142 34958 36152 37357 38790 39738 40477 40878 40309 40541 39744
16810 15684 12323 12684 13371 14057 14627 15581 15921 15843 15956 16362 16649 16774 16951 17231 17103 17528 18204 18802 19370 19903 20579 20664 20864 21206 21598 22039 22402 22846 23290 24232 24916 25527 26035 26277 26980 27487 27928 28380 27992 27698 27597 27840 28132 28444 28952 29745 30215 30586 30071 30076 30653 31197 31787 32651 32287 32503 32538 33279 34503 35747 37028 38187 38655 39597 39777 39347 39579 39049
15675 14608 11902 12253 13001 13649 14219 14884 14985 15031 15475 15812 15765 15957 16242 16462 16377 16824 17530 18334 18940 19516 19840 20119 20330 20654 20955 21529 21807 22467 23106 24022 24691 25177 25598 26037 26592 27235 27664 28084 27184 27017 26975 27248 27405 27757 28506 28808 29213 29364 28836 28886 29386 30101 31085 31450 31161 31323 31630 32731 33993 35276 36271 37022 37659 38395 38708 38288 38492 38277
14656 13586 11578 11946 12690 13290 13474 13986 14221 14579 15082 15033 14960 15286 15571 15756 15680 16119 17046 17902 18559 18796 19318 19620 19837 20105 20554 21043 21551 22356 23002 23847 24434 24853 25418 25710 26377 27028 27506 27791 26533 26448 26454 26615 26816 27432 27700 27964 28489 28145 27743 27772 28372 29471 29958 30192 30115 30491 31067 32296 33596 34665 35293 36111 36651 37464 37750 37335 37566 37747
13614 12449 11194 11590 12268 12673 12555 13273 13728 14076 14476 14235 14199 14615 14754 15141 14975 15610 16579 17450 17774 18225 18766 19108 19302 19741 20103 20792 21427 22208 22775 23592 24069 24662 25101 25525 26192 26843 27327 27202 25900 25872 25923 25988 26478 26655 26926 27283 27879 26913 26685 26727 27831 28406 28766 29175 29347 29922 30666 31917 33071 33708 34427 35123 35691 36466 36649 36438 36988 37231
12549 11172 10773 11092 11615 11599 11772 12725 13145 13404 13441 13388 13449 13732 14078 14270 14448 15118 16110 16634 17176 17656 18210 18528 18911 19318 19888 20649 21286 21976 22547 23194 23845 24327 24902 25354 26030 26650 27035 26588 25262 25307 25275 25576 25641 25830 26191 26611 27117 25625 25623 26094 26802 27204 27748 28401 28791 29519 30228 31325 32110 32851 33387 34087 34671 35273 35496 35836 36402 36669
11967 10576 11011 11078 11002 11181 11712 12458 12942 13107 12893 13002 13142 13499 13876 14120 14623 15128 15753 16504 17079 17560 18008 18464 18775 19339 19949 20786 21781 22788 23735 24550 25441 26084 26476 26698 27016 27247 27340 26331 24969 25024 24963 25173 25224 25456 25850 26331 26365 24918 25233 25731 25956 26556 27371 28097 28663 29516 30078 30920 31786 32451 33024 33649 34351 34767 35239 35730 36176 36605
11620 10441 10837 10767 10820 11189 11823 12719 13491 13820 12594 12830 13142 13652 14290 14711 15237 15714 16316 17021 17581 17779 18007 18318 18841 19190 19747 20759 22049 23287 24215 24852 25669 25725 25845 26110 26534 26813 26959 25940 24622 24561 24576 25029 25184 25418 25825 26021 26073 24738 25114 25579 25743 26435 27244 28003 28510 29362 29864 31037 32113 33037 33923 34778 35886 36589 37387 38186 38946 37764
11126 10192 10271 10373 10661 11043 11711 12930 13762 13913 12268 12570 13102 13702 14345 14569 15056 15535 16050 16832 17131 17410 17692 18167 18367 18728 19461 20845 22149 23051 23812 24466 25111 24854 24979 25361 25901 26289 26377 25469 24203 24055 24187 24909 25075 25244 25277 25512 25615 24470 24840 25214 25473 26097 26887 27570 28092 28897 29595 30914 32010 33052 33786 34927 36265 37079 37915 38985 39741 37181
10502 9734 9798 9949 10360 10698 11600 12670 13455 13379 11873 12247 12879 13416 13928 14206 14602 15006 15633 16198 16570 16879 17381 17494 17681 18264 19590 20864 21818 22677 23398 23818 24429 23949 24130 24598 25220 25591 25649 24952 23744 23565 23845 24673 24764 24842 24576 24837 25026 24041 24390 24642 24887 25493 26183 26896 27420 28404 29099 30363 31523 32478 33398 34723 35945 36729 37887 38638 38690 36487
9844 9212 9241 9539 9907 10536 11331 12201 12771 12708 11432 11837 12472 12886 13404 13564 13851 14434 14815 15479 15867 16352 16482 16562 16936 18110 19214 20262 21220 22089 22591 22988 23251 22907 23132 23652 24277 24639 24852 24327 23177 22990 23399 24270 24304 24395 23884 24173 24383 23565 23864 23982 24310 24871 25539 26184 26916 27882 28581 29813 30805 31934 32930 34340 35460 36522 37461 37387 37485 35729
9143 8612 8684 8996 9639 10231 10861 11394 12007 11926 10944 11279 11847 12294 12601 12692 13108 13519 13998 14693 15220 15313 15409 15653 16594 17550 18462 19514 20491 21186 21640 21761 22050 21786 22076 22594 23198 23694 23745 23613 22515 22366 22866 23731 23799 23856 23193 23426 23766 22997 23220 23265 23667 24271 24839 25658 26370 27330 28062 29034 30142 31315 32308 33774 35070 35924 36096 36003 36452 34920
8507 8078 8110 8787 9349 9950 10230 10757 11452 11182 10471 10800 11329 11630 11781 12106 12362 12852 13390 14158 14290 14302 14554 15367 16099 16879 17801 18844 19631 20302 20449 20728 20796 20749 21123 21574 22306 22663 23095 23001 21973 21853 22472 23301 23389 23452 22699 22983 23331 22541 22738 22771 23332 23916 24686 25434 26124 27030 27612 28682 29774 30818 31905 33624 34562 34673 34802 35089 35272 34185
7759 7387 7663 8339 8837 9180 9442 10013 10576 10296 9887 10144 10513 10721 11003 11376 11695 12229 12877 13296 13216 13411 14220 14794 15346 16157 17110 17947 18727 19090 19301 19477 19709 19662 20137 20725 21280 21991 22778 22351 21407 21362 21960 22797 22920 22895 22129 22379 22613 21942 22126 22144 22809 23623 24359 25117 25654 26414 27079 28119 29104 30184 31510 32841 33026 33121 33709 33684 33885 33296
7017 6725 7070 7819 7986 8409 8718 9114 9813 9344 9170 9305 9572 9964 10221 10545 10975 11681 11935 12038 12217 12944 13502 13925 14510 15312 16042 16886 17370 17787 17884 18323 18489 18530 19137 19482 20419 21530 21909 21558 20720 20714 21382 22293 22356 22601 21650 21864 21781 21405 21573 21790 22597 23451 24194 24737 25113 25900 26657 27644 28547 29824 30840 31483 31560 32129 32305 32326 32973 32388
6228 5982 6458 6883 7052 7620 7681 8233 8726 8273 8243 8332 8717 9164 9355 9790 10408 10677 10698 11000 11689 12142 12575 13060 13662 14250 15018 15633 16186 16448 16744 17219 17434 17501 17986 18619 19882 20636 20927 20697 19983 20084 20797 21623 22005 21961 21153 21305 20985 20813 21119 21509 22250 23212 23834 24217 24576 25423 26156 27100 28145 29107 29535 30049 30572 30772 30917 31411 31634 31377
5368 5129 5491 5875 6236 6416 6533 7102 7391 7150 7176 7488 7705 8146 8513 9039 9399 9450 9657 10358 10815 11183 11674 12151 12615 13250 13838 14496 14913 15270 15709 16122 16491 16389 16983 18016 18914 19557 20054 19701 19220 19403 20147 21215 21325 21303 20691 20684 20418 20372 20904 21358 22101 22780 23294 23633 23964 24763 25436 26581 27441 27809 28196 29013 29265 29324 30018 30145 30194 30599
4474 4140 4643 5042 4993 5145 5261 5692 6055 5960 6190 6451 6533 7184 7741 7965 8145 8297 8986 9387 9796 10197 10706 11060 11615 12097 12757 13351 13890 14344 14829 15228 15363 15458 16384 17046 17757 18596 18884 18641 18433 18649 19636 20376 20452 20462 20115 20007 19904 20026 20632 21105 21542 22043 22594 22918 23158 23953 24819 25652 26082 26459 27113 27678 27893 28365 28764 28718 29255 29678
3512 3415 4020 4078 4036 4176 4157 4773 5052 5167 5463 5691 5904 6695 7028 7148 7405 7896 8451 8733 9171 9602 10000 10373 10827 11373 11963 12554 13039 13560 14113 14398 14575 15098 15708 16325 17109 17673 17965 17877 17931 18426 19185 19706 19812 19762 19610 19544 19650 19809 20418 20812 20962 21563 22169 22402 22678 23653 24318 24823 25334 25826 26456 26731 27303 27543 27738 28168 28423 28798
2711 2833 3199 3256 3239 3226 3446 3998 4399 4504 4793 5225 5581 6155 6335 6523 7146 7575 7986 8276 8755 9090 9479 9792 10340 10840 11407 11895 12464 13039 13523 13785 14369 14635 15174 15900 16439 16911 17101 17378 17669 18061 18709 19190 19110 19197 19166 19396 19485 19725 20227 20321 20684 21266 21794 22069 22513 23332 23701 24223 24951 25430 25692 26361 26685 26683 27369 27580 27682 27918
2099 2229 2574 2620 2488 2476 2622 3225 3773 4002 4358 4698 5084 5390 5753 6080 6547 7091 7487 7928 8280 8626 8965 9333 9812 10342 10904 11504 12220 12745 13261 13677 14121 14391 14806 15347 15807 16087 16489 16997 17221 17602 18047 18407 18505 18692 18853 19112 19366 19545 19739 19925 20294 20714 21226 21630 22030 22708 22912 23516 24223 24599 24940 25562 25735 26189 26598 26778 26966 27086
1864 1968 2111 2377 2192 2246 2493 3263 3723 4028 4489 4647 4960 5366 5711 5940 6421 7164 7793 8324 8713 9103 9472 9830 10268 10702 11077 11481 12087 12705 13265 13679 14059 14375 14676 15178 15608 16013 16419 16774 17060 17463 17880 18255 18480 18708 18910 19114 19403 19660 19811 20103 20450 20971 21463 21826 22120 22477 22758 23493 23970 24397 24674 25105 25567 25952 26298 26554 26756 27074
1552 1629 1908 1904 2055 2206 2434 3371 3929 4281 4671 4763 5131 5538 5998 6271 7093 8169 9145 10119 10735 11413 12047 12647 13272 13922 14500 15083 15862 16735 17576 18188 18726 19202 19288 19758 20309 20699 21276 21660 21870 22252 22710 23124 23240 23507 23635 23825 24177 24485 24741 25137 25490 26186 26813 27420 27931 28429 28875 29736 30319 30906 31244 31722 32203 32591 32957 33319 33634 34003
1196 1353 1380 1743 2063 2024 2482 3419 3895 4115 4557 4637 4991 5586 5873 6199 6928 8111 9133 10008 10660 11348 11990 12551 13200 13791 14353 14967 15794 16675 17492 18073 18664 18862 18933 19619 19985 20515 21160 21407 21697 22092 22568 22953 23192 23393 23574 23859 24238 24570 24806 25188 25758 26512 27370 28061 28555 29095 29556 30594 31269 31725 32078 32588 33132 33487 33920 34195 34551 34926
825 872 1178 1677 1736 1942 2300 3226 3678 3954 4421 4433 4917 5356 5691 6049 6823 7974 8919 9860 10491 11247 11863 12461 13059 13656 14265 14953 15796 16601 17325 17985 18319 18498 18875 19400 19849 20417 20998 21325 21652 21985 22392 22894 23030 23270 23494 23780 24199 24461 24649 25168 25596 26504 27221 27923 28423 28927 29442 30429 30960 31606 31996 32395 32965 33414 33704 34113 34481 34788
507 640 1013 1441 1650 1897 2260 3083 3574 3855 4320 4470 4873 5350 5649 6062 6768 7858 8842 9799 10467 11188 11832 12410 12979 13581 14214 14915 15663 16403 17085 17677 17950 18372 18745 19272 19793 20360 20966 21282 21588 21929 22397 22839 23029 23291 23483 23740 24104 24406 24672 25113 25672 26508 27243 27952 28412 29006 29519 30422 31129 31782 32219 32789 33350 33824 34213 34593 34962 35233
293 829 1168 1416 1730 1990 2441 3231 3711 4010 4457 4811 5234 5814 6257 6744 7407 8361 9254 10100 10756 11395 11994 12541 13100 13676 14256 14909 15608 16317 16967 17407 17944 18347 18692 19315 19826 20357 21003 21438 21818 22283 22901 23395 23773 24243 24628 25044 25472 25873 26329 26821 27586 28358 29230 30029 30594 31390 31959 32874 33914 34608 35135 36016 36711 37294 37971 38427 38867 39294
