600 900 1161 981 796 798 747 920 660 510 696 832 622 820 755 876 760 776 670 562 487 617 766 571 780 862 926 607 848 879 789 676 699 482 471 418 431 541 420 295 423 672 893 595 568 592 634 471 349 334 424 622 517 384 417 265 531 586 454 277 357 515 261 373 210 388 318 89 172 229
416 704 1085 677 507 516 533 785 705 627 917 1095 794 876 776 881 697 575 476 440 332 528 756 575 728 827 865 494 780 884 727 518 634 370 376 245 292 491 315 277 207 480 813 399 433 420 392 361 328 235 276 344 325 267 341 308 410 307 273 169 277 424 154 124 105 142 314 131 172 218
478 705 971 775 669 676 871 892 893 852 1169 1340 1071 1265 1111 1221 1064 970 836 736 526 633 790 567 747 906 808 416 767 753 680 454 563 320 501 385 502 783 645 472 364 708 1118 700 503 620 427 489 519 345 413 543 485 423 599 510 402 430 342 154 530 809 394 349 372 376 593 305 214 355
312 502 727 582 537 547 717 793 682 722 1053 1205 882 1024 915 1001 971 789 692 623 493 620 707 573 715 789 801 518 652 693 610 456 576 387 485 359 408 588 452 411 370 678 755 518 582 724 587 685 412 386 640 706 561 351 563 414 532 526 392 258 358 605 194 463 337 357 404 200 233 230
434 754 972 757 621 631 720 904 621 564 849 1059 787 930 805 923 788 672 526 451 334 526 674 568 731 846 885 516 753 842 716 566 673 404 418 338 419 546 366 355 363 687 776 486 599 623 518 539 307 295 480 544 420 297 330 290 393 412 315 245 222 453 202 330 204 243 352 168 171 220
490 746 1048 755 626 627 615 826 649 454 623 699 423 519 406 463 415 365 348 379 356 468 647 542 687 711 781 581 734 785 633 501 637 342 353 168 200 268 148 208 283 481 509 308 420 462 487 374 154 278 446 462 404 246 223 186 375 349 291 223 195 190 59 256 124 141 157 38 96 261
454 678 994 791 618 665 669 816 716 495 647 715 457 625 479 593 506 520 531 530 447 483 724 493 620 672 695 467 691 662 589 490 557 307 375 296 226 409 297 157 186 432 694 398 356 439 396 364 271 254 348 412 395 290 358 214 459 447 300 96 332 425 159 217 106 255 310 55 129 151
408 672 907 744 629 631 726 911 685 600 816 905 609 743 633 690 644 535 461 415 383 524 625 545 665 740 757 479 627 677 553 459 550 300 361 249 277 411 293 241 293 525 593 437 520 649 590 569 369 384 567 601 445 250 411 237 411 504 371 253 253 457 125 383 212 267 234 99 185 139
293 487 777 614 473 508 582 714 652 599 881 1007 695 866 760 900 857 736 702 642 467 530 661 449 576 621 678 413 554 606 551 424 474 368 411 375 315 530 371 242 239 482 686 408 414 503 459 541 373 258 458 509 419 268 482 282 554 497 368 179 324 547 142 321 180 328 313 101 243 125
420 660 959 690 508 560 528 804 640 422 599 672 391 492 373 500 461 377 427 487 417 470 706 556 634 612 763 606 691 777 649 591 703 466 399 345 208 287 147 167 217 408 410 199 445 417 465 508 224 270 490 424 394 259 279 201 594 451 335 267 201 201 80 265 94 206 227 92 297 225
469 721 1158 733 644 655 709 913 844 877 1208 1407 1031 1072 970 1039 862 708 579 530 468 720 947 752 913 1039 1026 627 915 976 835 594 728 450 531 317 407 676 498 443 312 658 1035 617 597 703 582 544 464 427 463 584 542 410 570 470 553 498 413 240 449 669 235 275 251 282 474 228 192 224
369 640 941 682 576 611 708 862 698 621 879 1050 778 871 784 943 768 669 585 549 462 610 880 638 769 890 901 517 824 852 742 617 752 426 497 426 381 620 467 307 203 616 901 527 555 613 475 566 411 334 431 510 459 350 495 348 582 553 333 136 384 608 238 262 171 273 496 162 196 110
546 814 1211 889 777 782 768 1013 814 673 853 931 568 608 539 623 586 496 483 498 482 616 782 634 756 794 865 615 760 833 692 580 701 464 485 317 293 469 309 262 312 533 636 474 515 634 662 565 341 429 591 602 506 291 435 224 603 632 492 325 344 444 108 386 181 296 241 80 217 159
454 747 1044 728 609 627 688 978 748 588 760 814 520 572 447 471 367 258 215 242 302 471 697 629 707 777 803 550 731 778 585 516 685 274 307 149 142 249 173 169 164 405 497 302 493 567 513 476 299 381 477 476 387 223 321 214 392 423 270 210 209 286 77 240 131 125 224 88 171 150
537 736 1168 770 649 658 629 830 812 646 821 893 533 590 420 422 366 325 343 430 438 581 802 684 816 847 849 649 832 848 702 478 604 327 419 114 199 355 200 295 292 478 658 399 409 543 505 356 248 384 484 460 475 340 315 319 367 315 348 227 324 315 98 220 164 147 238 132 91 326
400 575 878 654 533 622 580 768 579 491 697 828 524 668 457 493 411 387 371 394 437 589 887 733 848 875 936 765 881 826 752 649 720 409 441 281 237 323 227 279 280 588 688 367 601 706 560 533 204 378 535 635 616 437 380 351 549 452 305 169 264 333 125 272 153 263 370 123 100 172
371 554 970 658 545 583 607 799 782 730 968 1056 702 786 675 738 643 545 526 518 498 638 870 651 760 824 827 551 746 748 649 500 582 348 440 279 233 489 367 244 173 442 794 467 454 610 536 515 438 399 456 539 504 343 562 354 585 540 395 161 418 589 141 248 167 286 355 113 190 95
285 406 812 515 437 509 621 731 848 955 1336 1518 1164 1266 1158 1286 1119 939 875 817 700 855 1147 818 928 1029 1012 648 903 892 842 648 732 532 658 560 470 830 691 483 240 655 1181 660 640 776 575 755 693 490 535 679 682 564 886 678 859 681 482 192 654 955 364 335 344 477 731 347 385 186
205 358 749 412 292 324 311 466 520 499 783 965 647 708 629 777 665 552 564 625 555 714 986 738 867 898 967 649 863 936 844 606 681 512 556 388 331 562 325 332 207 554 814 409 499 556 489 569 399 334 491 459 501 408 465 430 645 424 392 183 356 497 139 177 105 201 403 170 208 171
464 682 1026 764 586 593 552 761 685 467 596 627 336 461 332 378 352 341 377 424 411 491 656 532 654 667 707 519 666 697 576 435 493 283 329 154 151 274 140 142 230 363 509 319 336 436 481 349 260 309 434 411 377 244 274 180 364 361 346 206 246 278 61 223 92 170 122 34 126 209
659 914 1301 982 750 806 860 1125 1079 922 1156 1215 855 1060 774 740 621 557 478 400 280 388 557 459 562 662 602 390 585 571 457 312 368 125 210 84 177 375 315 230 248 322 738 403 328 439 353 239 355 292 260 377 327 254 396 304 219 259 245 167 345 487 212 206 236 268 287 190 211 323
542 773 1137 851 621 702 748 1057 987 794 973 984 629 800 515 485 396 328 326 323 288 374 597 516 552 611 584 426 557 539 418 345 406 125 193 91 70 243 193 124 132 216 528 265 338 460 368 335 363 336 350 363 325 228 377 257 298 311 239 158 283 393 137 184 161 218 249 162 256 215
620 904 1215 993 739 752 800 1064 986 710 845 816 545 745 584 624 564 528 518 465 350 364 472 358 447 506 501 298 475 512 383 319 366 160 205 169 149 316 260 85 196 221 532 343 249 317 390 285 412 278 299 330 240 157 368 156 296 391 325 216 322 431 178 258 180 272 156 93 296 256
372 605 857 668 436 526 524 734 603 445 668 797 581 815 610 717 555 539 490 434 330 413 700 489 604 672 720 477 692 673 606 527 556 288 286 298 212 340 259 148 146 404 714 289 411 394 304 342 257 171 227 356 350 304 320 269 420 314 175 52 235 369 184 118 77 227 357 102 172 157
698 948 1357 1014 739 716 707 910 999 718 909 985 622 787 583 665 667 624 667 721 450 464 509 424 566 577 602 398 568 712 594 309 345 342 387 209 347 534 259 336 445 415 603 405 224 267 370 253 342 250 425 241 248 240 217 265 225 180 437 381 334 371 209 286 226 228 159 248 319 577
756 1014 1423 1095 813 834 814 1081 1064 825 1028 1093 695 900 613 607 594 552 542 532 324 381 442 406 530 560 566 414 526 608 497 278 296 231 265 99 250 401 216 284 421 360 576 369 266 350 389 216 277 263 379 322 283 224 228 236 164 177 362 337 280 343 174 284 234 257 133 210 262 499
585 851 1180 881 548 707 702 1106 983 738 952 1022 724 954 607 653 473 409 405 379 255 308 662 521 524 573 634 494 631 629 527 527 570 264 203 280 126 256 220 124 102 212 575 152 401 338 237 336 334 226 213 256 284 288 342 307 444 287 160 151 258 337 245 106 128 266 412 258 425 286
650 978 1189 1016 694 849 981 1345 1114 841 1059 1105 855 1143 795 863 672 588 521 407 211 207 503 372 367 472 488 318 492 467 369 459 539 175 145 334 178 317 349 110 107 234 586 217 406 342 197 369 389 204 193 291 228 222 404 263 393 372 117 128 288 455 334 214 225 352 481 277 481 276
761 1018 1281 1148 796 1013 1063 1469 1226 911 1069 1072 717 1022 546 556 480 436 480 455 307 259 567 498 428 452 502 505 503 437 388 513 530 253 216 367 159 264 270 150 217 242 432 181 481 512 334 502 374 351 448 427 387 323 420 299 501 460 251 266 307 412 321 351 277 466 477 360 575 343
906 1237 1372 1330 912 1137 1195 1647 1250 899 1048 1058 793 1194 684 676 553 539 505 393 239 202 483 476 418 473 530 524 531 461 403 600 585 252 155 413 227 231 306 167 317 306 469 209 589 536 368 504 401 352 410 484 386 354 396 307 436 460 226 330 270 400 435 416 352 542 511 419 648 437
736 980 1351 1094 729 921 909 1297 1167 881 1112 1185 763 1050 580 616 560 496 534 511 236 193 452 357 349 348 437 434 429 433 391 381 396 262 192 273 160 292 198 177 251 222 434 122 318 306 201 303 189 166 302 268 275 239 260 237 391 246 201 236 230 286 216 238 194 362 346 286 462 407
748 1097 1310 1153 823 978 1200 1496 1296 1087 1429 1562 1246 1598 1189 1289 1104 959 812 606 188 156 351 216 252 398 386 175 366 375 317 334 416 179 171 397 357 564 538 277 262 367 761 344 383 315 112 342 389 114 160 289 190 211 439 324 316 307 119 164 348 619 437 311 360 461 580 384 533 425
1259 1675 1705 1725 1268 1446 1680 1943 1599 1295 1646 1857 1595 2141 1557 1667 1508 1435 1234 974 370 277 364 356 428 579 580 421 572 603 596 599 596 467 403 735 832 900 818 699 844 838 1022 637 718 553 309 549 541 282 462 541 410 526 480 602 327 362 351 568 502 788 871 715 756 824 882 828 877 1029
1216 1567 1862 1685 1230 1343 1495 1785 1749 1308 1560 1588 1223 1651 1179 1268 1229 1169 1131 965 350 132 155 68 127 194 194 136 249 314 272 219 244 249 232 432 483 680 589 385 568 342 696 434 195 116 128 190 432 131 229 211 143 227 385 316 231 264 341 440 507 621 576 505 541 631 477 522 749 884
1337 1598 2052 1812 1374 1531 1648 2027 2080 1588 1756 1633 1099 1456 893 864 962 888 1000 947 446 170 205 176 121 106 93 237 163 173 134 142 170 204 237 335 305 545 494 328 529 143 445 362 153 251 265 292 502 348 465 317 263 238 519 320 359 420 484 549 607 628 491 616 598 709 408 552 866 871
1346 1625 2048 1839 1322 1517 1597 1998 2027 1498 1667 1612 1103 1499 885 928 986 943 1077 1054 491 205 301 251 178 160 184 300 250 290 281 283 257 340 323 509 426 663 530 391 579 228 518 368 234 254 234 363 547 337 493 258 259 323 476 380 427 406 516 597 603 655 593 603 578 748 534 674 981 936
1211 1541 1815 1717 1269 1460 1556 1896 1680 1167 1293 1279 878 1291 696 727 726 752 803 748 324 117 265 242 215 250 251 311 331 293 275 336 341 224 224 396 352 485 414 293 506 329 488 339 317 343 220 306 324 266 425 315 263 280 297 245 262 350 326 411 409 477 496 524 457 606 479 500 672 729
1309 1660 1990 1814 1379 1519 1596 1919 1748 1206 1321 1292 879 1263 711 725 737 777 814 757 315 114 204 189 210 250 233 274 334 321 273 266 297 197 215 304 355 496 409 311 560 330 517 391 232 264 220 179 280 240 370 273 220 236 243 204 162 290 345 433 427 443 472 514 464 562 384 453 597 805
1346 1648 2006 1839 1465 1571 1707 1924 1882 1329 1441 1369 940 1305 795 818 885 919 990 948 460 191 231 170 210 244 184 240 317 282 246 199 268 205 307 336 412 618 532 383 611 376 594 507 175 275 245 202 352 290 439 326 278 271 367 268 210 366 426 452 581 578 521 610 570 632 437 483 615 890
1648 1976 2373 2198 1730 1855 1978 2233 2222 1623 1751 1686 1213 1650 1047 1060 1129 1180 1242 1160 549 240 233 192 229 270 197 276 341 322 312 244 255 299 385 465 586 819 706 541 819 460 766 660 231 314 299 230 503 370 493 370 328 380 468 393 243 415 571 632 738 763 725 752 745 834 567 690 834 1144
1636 1983 2411 2136 1699 1782 1920 2155 2216 1589 1722 1668 1221 1585 1059 1117 1154 1186 1255 1216 586 280 296 218 278 327 255 273 425 453 397 270 352 354 448 478 622 881 729 579 799 488 815 675 192 222 251 190 508 342 451 277 279 370 440 414 251 373 565 630 771 740 735 696 728 749 589 698 826 1211
1796 2129 2567 2292 1851 1938 2104 2336 2444 1790 1911 1814 1353 1733 1170 1192 1247 1279 1361 1322 682 343 346 283 328 375 272 333 471 472 416 297 390 382 507 525 682 949 836 670 892 528 889 766 239 296 318 245 624 453 535 362 366 459 565 527 302 448 647 724 908 854 851 808 873 864 689 820 948 1364
1520 1834 2274 1949 1560 1628 1798 2033 2183 1565 1689 1584 1163 1466 997 1041 1065 1062 1160 1161 604 301 365 263 300 341 256 273 446 463 370 253 393 308 429 421 518 790 690 517 662 385 759 603 149 181 221 191 550 363 421 238 266 351 494 440 291 371 516 567 792 712 688 620 698 666 585 664 819 1160
1456 1719 2163 1941 1522 1639 1786 1965 2121 1574 1738 1690 1223 1616 1065 1118 1161 1192 1281 1235 615 300 350 214 260 304 208 240 371 339 340 207 244 291 432 469 562 877 738 537 698 430 859 654 154 251 205 206 529 324 422 289 315 394 527 456 294 372 527 509 795 824 697 637 689 763 628 665 774 1079
1665 1972 2408 2156 1702 1801 1910 2135 2247 1614 1738 1662 1218 1617 1069 1110 1166 1222 1315 1272 642 308 330 234 292 319 251 319 438 435 404 284 334 368 462 500 618 869 745 585 822 474 840 681 189 228 269 190 531 362 456 313 333 425 494 460 300 395 593 641 821 765 763 716 761 810 611 718 859 1251
1481 1813 2235 1943 1510 1583 1717 1952 2075 1451 1573 1508 1111 1446 982 1070 1074 1100 1192 1179 589 289 352 230 281 327 262 241 436 475 404 277 365 335 426 470 553 826 680 494 662 397 787 602 141 137 192 170 538 304 374 183 219 341 435 401 277 346 516 549 748 709 691 580 636 660 569 644 807 1118
1469 1771 2240 1938 1549 1571 1698 1827 2058 1454 1579 1526 1133 1437 1074 1221 1249 1292 1401 1397 764 444 461 257 366 410 335 251 507 564 511 300 385 442 582 571 680 1026 814 582 739 515 964 774 124 157 269 210 623 340 429 234 285 401 535 454 377 450 656 584 888 865 736 643 677 721 606 641 791 1147
1471 1743 2281 1901 1554 1554 1666 1757 2095 1504 1646 1602 1201 1440 1157 1351 1375 1402 1540 1571 920 590 637 350 479 510 452 338 635 712 652 391 514 588 739 686 767 1170 923 669 767 594 1101 866 148 169 322 276 700 390 475 267 365 483 650 550 556 554 758 627 1025 965 785 670 716 763 701 680 844 1203
981 1386 1736 1334 981 1035 1089 1436 1317 837 1003 1071 781 964 678 828 689 645 650 666 301 233 452 331 406 468 530 343 603 735 564 463 629 373 315 350 360 506 340 283 353 366 588 297 253 86 146 171 260 129 208 69 100 191 140 208 281 208 252 338 333 284 372 239 245 250 378 345 504 686
514 853 1053 705 559 589 535 865 472 364 548 762 585 630 502 555 311 261 152 221 408 752 1122 1088 1214 1307 1390 1024 1299 1374 1152 1025 1164 624 562 382 416 381 235 439 399 826 813 450 933 859 734 693 367 548 646 654 637 559 289 481 538 439 360 378 204 260 279 265 182 145 483 314 224 344
679 992 1252 842 723 761 690 1026 683 492 596 749 555 528 390 425 194 180 157 332 607 926 1383 1335 1422 1493 1555 1238 1526 1561 1317 1198 1387 757 743 483 474 457 317 544 465 910 885 558 1043 1016 872 827 496 763 841 760 807 726 420 624 713 603 506 494 390 347 393 367 290 225 643 456 342 484
868 1126 1462 1041 843 904 844 1169 1047 697 726 767 545 558 330 355 168 211 315 564 757 925 1397 1317 1344 1381 1389 1176 1460 1454 1238 1113 1273 717 771 521 463 525 388 551 468 765 884 576 888 897 778 759 650 819 845 634 772 775 508 705 720 594 583 541 586 467 525 390 381 321 728 604 533 690
1033 1278 1629 1257 989 1062 935 1311 1200 776 723 689 467 520 269 265 124 225 390 656 891 1015 1465 1407 1401 1402 1419 1272 1496 1475 1276 1199 1278 787 825 609 493 541 421 553 558 737 876 642 939 979 931 848 815 971 972 726 863 866 616 749 828 747 759 690 695 561 616 509 458 473 736 684 698 766
1153 1350 1717 1426 1113 1195 1036 1393 1352 878 776 675 428 540 254 233 177 323 556 829 1036 1078 1463 1409 1385 1344 1357 1297 1440 1395 1245 1184 1184 822 879 683 535 597 477 578 664 720 866 714 924 1028 1031 912 933 1069 1097 813 944 933 725 789 905 861 918 804 812 676 686 648 554 637 737 748 826 854
1136 1348 1649 1471 1149 1191 1003 1310 1213 690 535 395 218 380 181 195 191 392 625 849 1039 1025 1316 1242 1265 1205 1249 1196 1324 1284 1154 1131 1089 795 828 685 519 539 438 467 677 689 779 714 837 932 1055 850 873 989 1048 822 892 848 667 634 876 915 943 787 761 622 630 686 507 659 578 593 754 775
1239 1379 1695 1580 1294 1304 1125 1294 1332 745 555 373 177 344 177 238 357 593 920 1205 1301 1162 1370 1252 1301 1184 1233 1251 1337 1295 1211 1133 1092 938 1030 836 676 730 566 608 866 830 821 860 815 970 1154 950 938 1072 1259 928 1019 950 768 715 1008 1045 1143 924 941 739 718 891 653 810 636 677 847 974
1295 1484 1684 1661 1370 1337 1140 1358 1245 676 438 226 112 290 207 242 372 611 897 1146 1365 1289 1420 1391 1448 1333 1407 1387 1444 1439 1316 1301 1220 1034 1077 914 754 706 582 636 992 934 803 951 1020 1161 1426 1147 1106 1251 1444 1140 1134 1019 850 744 1084 1226 1298 1108 940 777 780 1054 738 899 596 708 950 985
1364 1612 1679 1743 1417 1339 1176 1404 1217 613 367 148 125 343 323 394 541 760 1016 1230 1403 1306 1336 1368 1442 1322 1435 1388 1434 1509 1357 1372 1283 1127 1108 1029 881 749 624 690 1128 1019 754 981 1102 1149 1512 1247 1209 1278 1530 1189 1116 1025 846 758 1095 1273 1380 1271 926 774 874 1188 833 963 580 782 1108 1129
1171 1367 1355 1411 1203 1059 880 979 861 436 232 107 248 393 575 696 716 944 1133 1361 1716 1785 1908 1845 2008 1935 2029 1770 1998 2063 1883 1791 1715 1428 1451 1275 1144 999 862 948 1238 1420 1254 1291 1472 1485 1812 1549 1504 1527 1707 1475 1451 1382 1128 1127 1386 1469 1549 1334 1134 1034 1066 1230 937 1014 879 918 1101 1170
1169 1395 1375 1351 1087 945 722 855 779 399 262 241 452 605 810 986 879 1100 1235 1444 1763 1907 2110 1999 2196 2153 2273 1897 2236 2355 2158 1997 1897 1598 1557 1426 1303 1154 968 1081 1294 1554 1525 1360 1601 1471 1798 1575 1615 1518 1623 1424 1471 1523 1159 1302 1466 1410 1561 1377 1184 1108 1215 1146 949 1019 1055 1060 1200 1296
876 1134 915 1111 902 833 688 708 340 145 158 317 596 897 1047 1280 1085 1295 1231 1231 1461 1658 1891 1718 1989 2030 2171 1724 2083 2108 2009 1934 1821 1454 1375 1415 1299 1091 979 999 1199 1696 1621 1290 1661 1483 1594 1495 1255 1192 1360 1484 1427 1420 1024 1156 1343 1306 1214 1036 921 1032 1115 1051 827 990 1102 847 870 964
715 939 807 888 724 642 480 493 224 147 251 465 696 945 1140 1373 1156 1301 1204 1185 1397 1655 1893 1676 1981 2024 2178 1690 2060 2114 2007 1850 1761 1429 1343 1318 1239 1075 939 990 1115 1650 1662 1234 1585 1399 1521 1408 1171 1090 1236 1420 1386 1364 1011 1155 1331 1198 1139 943 875 992 999 921 747 887 1040 756 755 881
564 662 693 608 396 387 232 358 403 387 559 716 819 1042 1088 1211 985 1039 1031 1089 1315 1570 1911 1708 1895 1897 2009 1634 1916 1945 1835 1637 1534 1234 1183 1105 969 893 793 901 862 1276 1519 968 1400 1256 1300 1295 1239 1071 1105 1198 1286 1327 1075 1276 1274 947 994 833 879 957 910 682 687 766 1039 840 854 883
277 349 562 369 275 269 198 326 396 414 622 698 577 704 721 765 668 619 628 669 848 1048 1302 1109 1266 1253 1330 1075 1232 1230 1115 941 957 681 709 516 423 461 406 459 415 736 946 558 829 868 896 842 703 675 754 874 883 746 764 740 876 658 602 409 537 588 340 400 353 406 515 315 379 388
151 316 458 301 225 227 304 430 389 423 710 838 738 860 920 1075 914 768 699 655 687 853 1106 858 998 1053 1138 776 1009 1057 932 835 934 607 613 584 433 538 485 369 252 681 908 491 750 709 686 827 654 478 583 725 668 549 729 599 856 668 442 269 455 630 319 347 289 358 560 246 394 217
131 285 419 319 200 239 347 530 475 594 894 1036 888 1035 1014 1122 933 763 683 636 736 974 1239 1052 1125 1212 1241 834 1049 1084 979 899 910 608 650 653 485 643 569 435 270 703 1011 590 918 964 822 1039 924 681 752 839 763 657 901 744 904 768 552 353 526 868 423 415 361 465 690 415 545 166
97 212 422 277 188 203 356 442 557 625 921 1065 856 946 936 1110 976 796 802 853 843 1002 1249 1011 1081 1149 1152 738 991 1058 968 790 842 634 755 686 540 806 613 495 271 714 1008 625 781 874 725 1019 928 652 809 714 703 630 877 751 895 722 601 347 604 921 418 414 358 424 717 456 550 241
154 339 463 408 319 322 530 677 596 596 844 917 689 797 766 897 852 644 637 657 650 768 896 788 824 879 903 572 709 801 682 619 700 474 559 538 406 585 446 342 254 581 631 472 704 818 717 981 780 593 843 712 572 412 717 504 726 709 531 375 412 719 279 499 334 379 478 327 521 163
181 344 584 443 271 285 396 542 599 559 808 914 644 788 689 819 757 618 639 679 594 700 845 699 766 811 822 495 671 764 678 505 513 406 496 432 360 589 372 308 231 482 695 435 518 624 548 726 674 451 643 495 450 378 570 459 563 480 472 288 381 657 238 319 219 296 398 290 415 202
298 404 803 484 275 326 292 420 651 662 987 1201 915 1071 933 1084 914 836 842 874 734 888 1176 884 1024 1072 1098 739 1012 1068 1024 710 678 611 677 553 511 793 534 506 338 650 1152 585 582 614 520 622 672 430 493 486 601 628 659 704 717 420 511 272 565 775 388 206 250 372 632 411 402 388
