37609 33945 34129 33366 29548 29418 28683 29082 29181 29308 29537 29623 30126 30474 30380 30405 30531 30605 30674 30765 30937 31016 31009 31090 31478 31691 31914 32248 32777 33232 33572 34049 34428 34820 35439 36105 36404 36633 37082 37460 37995 38535 39112 39816 40362 41054 42023 43008 43830 44620 44830 45526 45954 46482 46793 46837 47128 47228 47284 47837 48093 48168 48607 49010 49824 50425 51047 51577 52204 52107
37269 33821 33833 33179 29278 29106 28460 28651 28872 29090 29434 29641 29997 30451 30161 30217 30403 30514 30494 30555 30668 30663 30723 31062 31504 31801 32053 32501 33078 33600 33777 33885 34084 34557 35212 35685 35934 36487 36888 37273 37830 38365 38952 39698 40315 40978 41852 42747 43572 44197 44396 45006 45658 45869 46038 46252 46700 46845 47319 47642 47817 48214 48701 49176 49982 50630 51265 51620 51852 52139
36976 33706 33763 33067 29107 28813 28310 28640 29121 29324 29779 29797 30114 30337 29992 30081 30333 30306 30352 30349 30395 30455 30701 31146 31898 32423 32738 32976 33242 33424 33443 33561 33847 34357 34972 35431 35910 36649 37237 37850 38640 39325 40042 40885 41563 42316 42887 43149 43311 43874 44148 44802 45083 45179 45466 45886 46267 46701 47050 47264 47782 48243 48763 49100 50109 50766 51269 51274 51858 52038
36562 33486 33545 32848 28722 28466 28069 28459 28784 29030 29394 29577 29757 29792 29672 29755 29943 29944 30033 29988 29997 30062 30487 31037 31770 32147 32244 32381 32648 32894 32931 33133 33434 33916 34570 35208 35876 36688 37267 37766 38382 39005 39690 40494 41146 41423 41873 42235 42742 43352 43702 44148 44467 44694 45118 45572 46135 46465 46854 47214 47778 48337 48687 49205 50156 50773 50885 51334 51598 51630
36265 33382 33444 32760 28444 28378 27969 28160 28485 28835 29297 29375 29504 29639 29501 29559 29818 29662 29725 29754 29820 29854 30274 30901 31616 31844 31928 32171 32448 32659 32796 33090 33487 33992 34661 35286 35885 36598 37177 37682 38309 38942 39643 40327 40556 40797 41341 41992 42552 43156 43378 43883 44231 44588 45092 45567 46163 46491 46866 47289 47666 48166 48623 49072 49914 50337 50728 50859 51350 51278
35983 33345 33492 32669 28223 28248 27862 28119 28537 28911 29451 29078 29223 29402 29349 29445 29439 29425 29459 29532 29638 29798 30292 30848 31383 31554 31656 31856 32115 32455 32698 33122 33606 34326 35164 35899 36446 37018 37576 38056 38744 39288 39498 39805 39992 40271 40997 41673 42197 42771 43017 43555 44037 44473 45024 45563 46229 46592 46988 47502 47990 48488 48682 49065 49649 50145 50331 50668 51007 50964
35813 33278 33356 32510 28143 28146 27695 28044 28329 28886 29165 28855 29105 29119 29210 29203 29262 29249 29266 29295 29520 29795 30127 30646 31204 31413 31532 31731 32190 32551 32884 33413 33919 34553 35202 35768 36236 36907 37478 38053 38660 38939 39199 39558 39779 40273 41049 41768 42351 42954 43379 44161 44753 45255 45725 46240 46853 47244 47429 47748 48164 48368 48592 48775 49351 49747 50050 50366 50663 50890
35509 33093 33146 32304 27939 27845 27473 27742 28220 28535 28666 28606 28714 28924 28987 28990 29066 29095 29039 29175 29375 29573 30032 30559 30967 31139 31211 31503 31963 32438 32778 33211 33595 34129 34819 35479 36109 36812 37405 37860 38179 38439 38706 39159 39591 40094 40828 41549 42159 42942 43294 43984 44610 44940 45473 46059 46730 46998 47339 47750 48100 48614 48873 49331 50013 50501 50893 51362 51789 51899
35364 33054 33007 32209 27778 27761 27389 27818 28074 28229 28681 28466 28776 29022 28887 28828 28957 28851 28995 29184 29396 29685 29932 30220 30725 30882 31091 31480 31987 32435 32721 33090 33500 34092 34914 35746 36444 37024 37357 37588 37873 38126 38482 38978 39424 39917 40710 41428 42135 42788 43165 43871 44368 44819 45457 46034 46680 47085 47415 47615 48094 48501 48861 49071 49841 50367 50808 51165 51663 51629
35047 32910 32856 32144 27546 27633 27276 27573 27737 28245 28263 28344 28675 28842 28723 28644 28670 28736 29057 29138 29377 29438 29680 30157 30493 30781 31071 31525 32066 32544 32906 33380 33689 34365 35183 35820 36239 36737 37004 37180 37474 37768 38120 38693 39126 39715 40483 41258 41934 42632 42965 43628 44194 44771 45456 46066 46738 47022 47285 47827 48129 48480 48692 49125 49803 50486 50903 51214 51438 51722
34677 32683 32625 31903 27392 27368 27052 27246 27517 27683 27997 28145 28446 28704 28405 28406 28530 28789 28825 28997 29066 29064 29347 29764 30325 30737 31096 31624 32253 32809 32855 33119 33563 34159 34818 35325 35675 36089 36358 36603 37012 37416 37911 38550 39158 39804 40659 41489 42270 43114 43701 44107 44688 44924 45445 45973 46539 46797 47335 47642 47993 48359 48785 49206 49960 50350 50680 50908 51458 51591
34352 32526 32436 31773 27072 27061 26850 27156 27462 27616 27924 28097 28266 28452 28208 28149 28457 28542 28797 28738 28771 28996 29415 29755 30405 30918 31257 31708 32229 32454 32657 33064 33542 34164 34906 35525 36078 36753 37232 37743 38355 38849 39348 39883 40263 40675 41399 42049 42645 43217 43224 43753 44066 44473 45043 45581 46137 46638 46969 47261 47705 48147 48612 48889 49603 50066 50451 50798 51208 51557
33936 32364 32267 31589 26769 26754 26711 26999 27157 27418 27787 27800 27985 27987 27997 28141 28310 28496 28492 28511 28671 28876 29215 29789 30432 30794 31071 31406 31723 32138 32452 32912 33377 33998 34705 35382 35972 36620 37151 37600 38127 38550 38964 39452 39852 40314 41001 41698 42221 42574 42772 43207 43693 44150 44728 45269 46049 46405 46757 47358 47948 48434 48838 49282 50158 50861 51422 51977 52567 52771
33725 32244 32030 31440 26560 26588 26526 26684 26929 27333 27800 27627 27655 27785 27956 28066 28237 28367 28262 28332 28548 28756 29192 29843 30609 31019 31045 31278 31768 32229 32608 33195 33790 34575 35413 35968 36404 36966 37440 37814 38301 38780 39224 39697 40053 40387 40998 41542 41880 42364 42457 42929 43422 43894 44499 45131 45918 46243 46731 47309 47824 48397 48773 49251 50186 50846 51376 51929 52462 52800
33560 32156 31865 31233 26453 26499 26398 26509 26824 27342 27865 27447 27569 27843 27892 28121 28109 28086 28132 28445 28767 28806 29178 29948 30587 30713 30815 31208 31680 32169 32540 33101 33738 34561 35295 35768 36231 36813 37282 37678 38204 38682 39086 39540 39858 40242 40823 41305 41648 42058 42239 42676 43238 43707 44328 45010 45746 46201 46697 47256 47903 48460 48777 49294 50221 51028 51572 52127 52662 52582
33422 31997 31608 31047 26316 26292 26113 26331 26767 27235 27374 27206 27529 27593 27878 27800 27820 27878 28184 28343 28429 28624 29153 29734 30202 30411 30692 31145 31690 32205 32583 33125 33685 34394 35127 35739 36309 36993 37627 38144 38571 39070 39531 40076 40543 40985 41636 42254 42710 43208 43468 44058 44577 45023 45716 46430 47221 47695 48065 48524 48997 49518 49823 50200 50857 51476 51717 52054 52218 52424
33090 31805 31368 30838 26067 26108 25849 26163 26554 26790 26917 27038 27339 27620 27611 27581 27632 27857 28007 28124 28333 28525 28925 29370 29880 30263 30601 31074 31679 32233 32654 33232 33862 34664 35435 36140 36648 37192 37604 37990 38497 38961 39463 40082 40604 41151 41890 42634 43240 43832 44182 44897 45651 46057 46732 47421 48104 48333 48724 49117 49426 49755 49982 50400 51096 51411 51551 51809 52167 52410
32821 31614 31155 30696 25820 25831 25664 26075 26357 26518 26941 27085 27440 27607 27430 27409 27604 27822 27968 28088 28210 28629 29087 29550 30117 30722 31235 31857 32513 32924 33110 33408 33882 34589 35478 36337 36976 37692 38234 38798 39518 40132 40648 41281 41649 41845 42092 42552 43123 43727 44044 44732 45243 45774 46495 47133 47708 48146 48573 48761 49264 49560 50061 50232 50877 51143 51465 51752 52153 52248
32199 31204 30862 30442 25305 25404 25379 25741 26021 26440 26739 26912 27102 27216 27114 27161 27434 27537 27814 27895 28182 28501 29058 29605 30172 30667 31104 31589 32092 32495 32731 33153 33704 34478 35460 36326 36962 37720 38279 38794 39413 39792 40250 40682 40903 40998 41493 42125 42721 43280 43592 44126 44745 45330 46018 46622 47259 47754 48156 48466 48936 49365 49720 49911 50544 51024 51485 51704 51979 51839
31830 30989 30742 30341 25084 25200 25329 25685 26024 26343 26725 26645 26834 26914 27013 27216 27418 27580 27704 27895 28223 28555 29010 29648 30296 30661 30962 31365 31850 32299 32652 33221 33875 34780 35791 36640 37300 38006 38488 38781 39251 39698 40017 40337 40456 40830 41491 42136 42677 43244 43501 44131 44798 45329 45970 46597 47294 47670 48033 48472 48962 49314 49517 49859 50393 51007 51375 51478 51526 51610
31720 30873 30525 30198 25012 25130 25257 25565 25778 26216 26830 26515 26659 26811 27001 27442 27789 28118 28324 28625 28787 29048 29339 29887 30611 31058 31385 31763 32280 32728 33157 33796 34557 35483 36397 37029 37455 37904 38263 38623 39139 39530 39776 40078 40381 41026 41754 42497 43048 43807 44262 45177 46131 46819 47601 48057 48691 49004 49108 49085 49437 49452 49477 49626 50476 50869 51156 51017 51457 51381
31509 30646 30225 29963 24779 24927 25083 25264 25734 26290 26732 26302 26403 26688 26981 27333 27657 28083 28284 28345 28626 29014 29443 30102 30713 31024 31258 31704 32186 32716 33155 33880 34708 35731 36755 37488 38042 38650 38924 38841 38928 39120 39246 39737 40247 40712 41504 42224 42896 43682 44161 45044 45980 46630 47100 47733 48353 48462 48508 48659 48989 49245 49102 49465 50277 50630 50668 50988 51150 51353
31308 30389 29968 29699 24594 24782 24851 25233 25679 26140 26253 26096 26414 26805 27066 27421 27751 28068 28060 28279 28666 29106 29419 29909 30480 30816 31105 31512 32067 32608 33086 33822 34689 35800 37020 38060 38661 38671 38403 38359 38518 38635 38982 39668 40058 40632 41393 42358 43164 43816 44147 44963 45841 46149 46770 47370 47840 47915 48118 48283 48797 48832 49030 49432 50154 50263 50717 50822 51138 51137
31123 30182 29656 29446 24451 24604 24675 25152 25557 25684 25950 26230 26754 26931 27197 27438 27732 27937 28174 28438 28743 29086 29527 30044 30590 30995 31360 31911 32646 33274 33738 34365 35085 36010 37077 37866 37886 37953 37761 37720 37847 38206 38732 39361 39795 40286 41232 42163 42768 43525 43836 44694 45235 45805 46475 46897 47326 47536 47736 48144 48516 48736 49006 49223 49755 50116 50445 50665 50915 51078
30707 29962 29446 29226 24233 24450 24631 25077 25119 25424 26056 26319 26511 27046 27324 27531 28168 28306 28640 29048 29745 30295 30820 31565 32408 32986 33281 33801 34258 34679 34965 35164 35448 36095 36929 37359 37149 37238 37078 37045 37376 37849 38332 39021 39495 40193 41085 41857 42587 43302 43694 44387 45099 45609 46086 46516 46949 47271 47745 48173 48794 49187 49465 50044 50961 51825 52536 51712 52025 51285
30537 29713 29161 29044 24087 24239 24613 24707 24824 25269 25951 25918 26410 26910 26977 27529 27983 28281 28594 29045 29676 30199 30662 31465 32368 32784 33175 33678 34127 34560 34641 34793 35128 35685 36332 36647 36416 36476 36462 36621 37145 37692 38221 38915 39404 40095 41014 41830 42533 43276 43697 44463 45278 45856 46483 47065 47681 48066 48545 49025 49740 50201 50485 51106 51731 51784 51709 51209 51416 50935
30417 29498 28867 28971 23923 24218 24259 24378 24723 25238 25619 25928 26450 26604 27092 27403 27866 28371 28776 29239 29733 30263 30764 31492 32262 32887 33407 34171 35079 35901 34312 34529 34868 35381 35924 36096 35915 36018 36218 36724 37520 38425 39137 39820 40268 40772 41859 43030 43973 45010 45633 46520 47672 48315 49346 50033 50815 51509 52020 52358 52605 52752 50788 50758 50979 50983 51028 50711 50692 50889
29865 29037 28532 28656 23611 23817 23817 24219 24487 24925 25469 25819 26041 26619 26936 27444 27984 28579 29037 29534 30002 30552 31105 31857 32739 33414 33969 34738 35394 35384 33626 33854 34207 34672 35079 35156 35118 35423 35936 36668 37568 38170 38656 39401 39875 40746 41863 42979 43917 44967 45359 46531 47316 48156 48887 49661 50625 51231 51696 51931 52365 52761 50442 50377 50842 50616 50647 50499 50672 50748
29260 28595 28161 28269 23238 23424 23579 23825 24070 24644 25299 25392 25994 26430 27096 27658 28273 29003 29634 30210 30825 31519 32359 33469 34030 34366 34254 34435 34694 34507 32887 33141 33470 33793 34060 34147 34355 34978 35697 36493 36997 37373 37900 38684 39483 40294 41409 42592 43517 44417 45067 46006 47056 47636 48473 49424 50327 50875 51297 51709 52425 52418 50046 50152 50433 50321 50265 50607 50497 50688
28653 28007 27695 27835 22787 22991 23131 23253 23477 24276 24756 25187 25846 26483 27050 27680 28290 29099 29527 30252 30826 31529 32281 32761 33401 33643 33482 33674 33952 33566 32073 32352 32582 32819 33111 33397 33886 34644 35492 36025 36324 36785 37393 38494 39235 40096 41321 42474 43262 44304 44752 45889 46700 47306 48275 49135 50039 50573 51107 51683 52038 51888 49770 49879 50151 49988 50331 50347 50446 50619
27957 27389 27150 27168 22285 22485 22502 22599 23073 23691 24488 24974 25813 26340 26964 27594 28270 28874 29482 30160 30856 31500 31599 32121 32712 33077 32719 32887 33063 32573 31187 31345 31521 31784 32253 32786 33435 34287 34868 35195 35509 36025 36922 38018 38800 39712 40847 41921 42819 43761 44327 45329 46231 46972 47891 48750 49666 50352 51007 51316 51517 51377 49428 49516 49629 49997 49916 50213 50391 50361
27439 26904 26775 26837 21927 22029 21954 22441 22745 23548 24378 24973 25693 26533 27051 27617 28458 29163 29693 30275 30828 30894 31049 31603 32285 32660 32144 32336 32632 31938 30685 30788 30911 31250 31942 32722 33416 34068 34433 34745 35199 36369 37804 39522 40948 42272 43976 45773 47137 48435 49184 50400 51287 51698 52322 53230 53259 52040 52047 50788 50958 50889 49166 49078 49518 49544 50008 50114 50212 50301
26760 26460 26402 26659 21438 21526 21735 22038 22854 23403 24302 24866 25729 26469 26931 27647 28646 29044 29613 30206 30249 30433 30774 31244 31886 32148 31548 31736 31844 31135 30071 30104 30337 30856 31765 32542 33062 33561 33830 34133 35138 36485 37963 39548 40679 42039 43954 45576 46776 48046 48801 49993 50650 51196 52215 52317 52255 51207 51254 50237 50411 50408 48648 48696 49115 49722 50112 49871 50038 50216
25729 25698 25949 25880 20607 20855 21062 21772 22099 22678 23588 24250 25087 25877 26388 27148 27936 28420 28915 29055 29349 29599 29670 30048 30792 31346 30438 30559 30618 29967 29153 29292 29718 30323 31217 31739 32041 32414 32700 33572 34645 35908 37174 38689 39788 41285 43157 44728 45885 47245 48045 49272 50203 51191 51536 51423 51425 50377 50488 49630 49969 49728 47963 48138 48881 49246 49350 49216 49708 49655
25042 25271 25369 25271 20059 20301 20738 21149 21510 22149 23349 23928 24679 25459 26014 26699 27521 28224 28071 28210 28499 28819 28851 29448 30407 30797 29725 29788 29793 29216 28520 28767 29108 29692 30374 30887 31156 31611 32414 33292 34418 35578 36787 38329 39471 40977 42734 44147 45495 46877 47610 48830 50130 50511 50555 50533 50626 49549 49665 48992 49554 49213 47473 47850 48489 48507 48747 49021 49275 49599
24461 24641 24563 24619 19478 19820 20037 20375 20687 21772 23060 23596 24432 24964 25490 26323 27127 27529 27163 27292 27589 27839 27946 28784 29660 30271 28891 29034 29007 28462 27803 27995 28345 28877 29637 30091 30439 31349 32209 33255 34329 35501 36833 38444 39510 40935 42571 44139 45530 46653 47382 48710 49792 49404 49442 49466 49468 48622 48711 48227 48695 48449 47048 47356 47708 48006 48459 48666 49208 49465
23705 23761 23839 24064 18808 19009 19289 19619 20227 21388 22522 23095 23733 24326 25066 25787 26409 26504 26105 26260 26481 26753 27106 27889 28901 29163 27818 27948 27896 27422 26882 27097 27403 27923 28622 29217 29985 30979 32004 33025 34115 35386 36707 38211 39292 40649 42429 44018 45121 46314 47164 48345 48795 48289 48409 48390 48396 47686 47699 47521 47796 47790 46664 46870 47333 47744 48198 48666 49045 49385
23085 23182 23391 23582 18258 18465 18742 19193 19943 20965 22151 22553 23324 24094 24777 25315 26052 25570 25203 25410 25673 25990 26303 27155 27921 28177 26849 26949 26844 26464 26062 26282 26630 27195 28020 28885 29742 30831 31868 32902 34049 35310 36600 38096 39169 40582 42383 43775 44902 46223 46952 47623 47940 47455 47507 47459 47473 46970 47040 46980 47267 47368 46436 46701 47248 47806 48402 48945 49474 49837
22580 22711 23025 22953 17774 17930 18313 18942 19623 20605 21679 22207 23070 23824 24264 24945 25247 24668 24373 24545 24904 25295 25669 26263 27072 27344 26008 26051 25965 25665 25366 25597 25941 26634 27747 28733 29718 30929 31921 32983 34222 35616 37011 38588 39740 40780 42192 43599 44870 46078 46306 46798 47081 46640 46611 46585 46578 46290 46400 46383 46834 46856 46185 46449 47169 47920 48547 49166 49742 49865
22066 22249 22508 22290 17244 17471 17896 18423 19108 19953 21285 21914 22747 23234 23809 24062 24531 23740 23479 23705 24092 24512 24670 25309 26165 26567 25109 25171 25096 24879 24672 24879 25276 26235 27481 28598 29707 30811 31855 32920 34298 35838 37324 38879 39248 40262 41979 43557 44747 45428 45510 45973 46182 45853 45779 45743 45717 45593 45789 45837 46374 46250 45888 46202 47155 48023 48807 49127 49399 49463
21394 21544 21861 21468 16524 16798 17197 17790 18326 19330 20785 21329 21861 22548 22626 23017 23423 22559 22377 22587 23034 23403 23559 24210 25194 25446 24028 24109 24065 23931 23820 24054 24726 25792 27195 28509 29532 30686 31702 32899 34309 35744 37050 37894 38447 39745 41637 43120 43801 44410 44371 44766 45005 44836 44748 44738 44730 44800 45114 45164 45577 45557 45470 46065 47185 47986 48445 48634 48911 49059
20695 20900 21197 20627 15840 16122 16576 17061 17731 18796 20142 20430 21073 21337 21572 21890 22426 21432 21268 21490 21892 22264 22467 23268 24224 24078 22947 23012 22994 22951 22989 23476 24180 25346 26973 28236 29286 30477 31609 32768 34109 35411 36018 37054 37893 39372 41193 42170 42772 43389 43253 43656 43909 43814 43760 43777 43896 44017 44457 44364 44851 44988 45313 46024 47010 47504 47920 48055 48390 48874
19906 20075 20216 19633 15045 15354 15690 16271 17000 17951 19123 19547 19760 20126 20261 20748 21131 20132 20035 20205 20597 21040 21359 22114 22723 22563 21738 21823 21864 21991 22245 22740 23526 24950 26580 27871 28960 30262 31346 32422 33609 34222 35022 36364 37360 38759 40111 41049 41645 42283 42024 42407 42763 42670 42645 42794 42962 43201 43442 43439 44148 44735 45133 45657 46397 46878 47229 47444 48084 48229
19213 19258 19307 18757 14419 14673 15054 15724 16331 17184 18421 18467 18749 19007 19360 19723 20323 19045 19002 19157 19581 20096 20436 20893 21506 21249 20698 20784 20991 21331 21574 22146 23160 24580 26242 27586 28775 30063 31068 31976 32528 33363 34492 35965 36954 37928 39199 40117 40717 41245 40969 41401 41693 41592 41712 41898 42188 42233 42563 42867 44001 44620 44888 45133 45878 46288 46745 47278 47507 47517
18512 18399 18513 17986 13719 14020 14495 15048 15606 16510 17543 17364 17651 18137 18368 18869 19488 17976 17934 18154 18634 19153 19233 19672 20195 19882 19602 19885 20335 20710 21094 21924 22995 24444 26114 27581 28801 29947 30774 31088 31811 32900 34128 35583 36132 37023 38284 39174 39723 40324 39905 40353 40609 40720 40904 41261 41332 41539 42209 42827 44063 44479 44502 44850 45481 46027 46748 46854 46975 46951
17760 17472 17510 17092 12994 13346 13711 14242 14814 15502 16165 16163 16649 17018 17361 17931 18347 16818 16803 17040 17577 18098 17912 18286 18680 18513 18725 19259 19734 20207 20818 21680 22743 24180 25966 27459 28516 29505 29743 30221 31207 32435 33654 34724 35157 36016 37222 38077 38698 39038 38794 39211 39659 39853 40220 40319 40563 41081 42008 42787 43778 44020 44071 44309 45036 45809 46316 46139 46292 46484
17058 16635 16609 16270 12379 12715 13074 13648 13974 14306 15051 15310 15600 16151 16602 16944 17142 15805 15862 16147 16650 17208 16694 16949 17230 17686 18103 18601 19169 19897 20542 21395 22430 23950 25777 27145 28038 28491 28888 29600 30768 32000 32831 33758 34205 35028 36173 37076 37405 37778 37705 38279 38778 39188 39297 39589 40135 40892 42000 42642 43432 43621 43649 43956 44940 45410 45645 45543 45833 46035
16352 15807 15677 15496 11732 12091 12375 12773 12820 13192 14246 14219 14653 15400 15632 15817 15712 14878 15007 15178 15691 15804 15439 15610 16448 17070 17474 18042 18878 19654 20328 21142 22191 23682 25340 26619 27011 27675 28278 29109 30330 31185 31882 32810 33195 33958 35161 35716 36151 36608 36771 37412 38104 38311 38630 39241 39971 40917 41882 42298 43064 43151 43306 43810 44476 44671 44926 44977 45324 45811
15535 14899 14674 14738 11020 11349 11364 11566 11667 12345 13064 13186 13786 14357 14476 14781 14243 13963 14017 14145 14354 14191 14113 14898 15826 16422 16896 17704 18606 19415 20072 20889 21846 23119 24664 25494 26090 27010 27711 28553 29454 30189 30899 31768 32105 32952 33796 34422 34983 35669 35916 36730 37131 37569 38209 38997 39866 40624 41424 41831 42521 42686 43102 43269 43627 43862 44316 44388 44990 45380
14971 14440 14205 14373 10715 10812 10912 11088 11408 11907 12394 12843 13311 13728 14017 14255 13393 13428 13386 13445 13440 13338 13815 14679 15621 16271 16878 17732 18712 19640 20366 21247 22140 23140 24164 24970 25739 26656 27487 28178 28928 29653 30333 31055 31691 32216 32947 33718 34327 35138 35615 36149 36683 37318 38156 39030 39944 40524 41075 41839 42232 42867 42788 42838 43144 43510 43898 44372 44893 45148
14545 14232 13995 14203 10469 10613 10924 11120 11536 12239 13007 13652 14269 14463 14449 14312 13114 13215 13038 13096 13114 13205 13941 14994 16094 16930 17687 18697 19951 21092 21921 22309 22888 23706 24861 25885 26862 28002 29054 29954 30912 31798 32569 33324 33980 34501 35010 35198 35097 35325 35467 35994 36746 37478 38462 39576 40718 41501 42252 43214 42968 43086 42264 42320 42677 43161 43629 44158 44588 45274
13995 13818 13590 13805 10098 10421 10810 10997 11405 12235 13303 13982 13965 13926 13993 13938 12743 12805 12518 12597 12756 13021 13791 14833 15976 16797 17551 18677 19881 20909 21072 21642 22307 23512 24971 26410 27659 29057 30325 31418 32355 33305 34017 34652 34428 34295 34481 34589 34570 34999 35367 36061 37008 37816 38932 40237 41492 42471 42641 42702 42402 42282 41685 41797 42231 42863 43267 43831 44486 45380
13338 13123 12969 13167 9629 10048 10461 10639 11015 12148 13228 13136 13172 13183 13343 13298 12150 12283 11839 11971 12203 12596 13328 14440 15525 16362 17213 18298 19402 19757 20019 20604 21542 23036 24957 26619 27949 29326 30254 31088 32119 32997 33625 34130 33612 33548 33722 33933 34148 34817 35304 36025 36936 37988 39181 40444 41531 41861 41692 41785 41645 41527 41185 41375 41986 42505 43022 43833 44508 45427
12637 12265 12191 12367 9078 9530 9956 10135 10759 12001 12968 12271 12380 12426 12666 12555 11508 11521 11143 11296 11616 12075 12864 13952 15012 15913 16723 17692 18105 18516 18724 19561 20779 22758 24921 26543 27833 28868 29805 30775 31749 32572 33061 33347 32793 32783 32982 33387 33864 34660 35062 35669 36893 37843 38933 40074 40758 40915 40678 40762 40817 40775 40697 41113 41654 42172 42969 43874 44580 45497
11914 11275 11314 11454 8448 8883 9266 9706 10410 11606 12635 11376 11578 11641 11776 11691 10771 10653 10389 10577 10922 11489 12244 13342 14463 15319 16048 16351 16811 17136 17561 18661 20337 22540 24657 26302 27289 28321 29389 30330 31257 31961 32224 32237 31956 31993 32382 33024 33679 34372 34585 35486 36681 37537 38520 39261 39790 39909 39673 39825 40026 40248 40385 40760 41311 42086 42986 43905 44630 45434
11287 10406 10489 10551 7909 8301 8752 9334 10056 11376 11925 10637 10899 10863 11032 10926 10154 9941 9798 9955 10396 11000 11837 13045 14130 14860 14982 15278 15648 16141 16806 18349 20202 22289 24304 25661 26708 27871 28902 29779 30616 31238 31114 31168 31180 31364 31922 32717 33342 33912 34318 35294 36406 37201 37850 38390 38984 38921 38841 39173 39668 40026 40124 40461 41285 42259 43245 44341 45253 46199
10595 9419 9532 9513 7282 7655 8120 8692 9480 10332 10689 9717 9945 9929 10098 9998 9353 9202 9017 9209 9656 10225 11183 12427 13456 13620 13816 14085 14639 15373 16493 18207 19831 21702 23381 24804 25958 27126 28098 28855 29673 29853 29939 30319 30417 30776 31607 32378 32963 33692 34237 35202 36235 36752 37179 37773 38019 38046 38254 38756 39369 39866 39769 40369 41241 42383 43620 44938 46078 47088
9934 8455 8422 8428 6655 7046 7493 8120 8491 9255 9603 8895 9093 9090 9418 9111 8642 8437 8341 8542 8975 9669 10655 11844 12324 12501 12685 13096 13833 14976 16221 17714 19167 20712 22398 23896 25108 26189 27082 27861 28250 28666 29088 29509 29817 30448 31154 31851 32562 33467 33947 34824 35628 35950 36481 36679 37148 37487 37725 38447 39143 39310 39503 40112 41285 42618 44159 45600 46952 47623
9209 7468 7265 7314 6024 6414 6869 7105 7359 8134 8471 7989 8147 8405 8389 8136 7842 7643 7631 7798 8391 9102 10010 10675 11212 11364 11704 12288 13401 14657 15684 16988 18089 19511 21194 22723 23838 24877 25806 26147 26784 27563 28008 28658 29221 29719 30339 31171 32043 32984 33381 34139 34769 35292 35491 35883 36634 36951 37376 38251 38561 38943 39093 39981 41475 42652 44093 45540 46515 47562
8284 6428 6065 6181 5281 5811 5813 5964 6375 7176 7214 7076 7445 7708 7430 7264 7140 6967 7005 7335 7912 8425 9030 9788 10102 10267 10716 11533 12778 13877 14735 15664 16594 18003 19748 21259 22359 23485 23964 24470 25494 26316 27033 27863 28449 28908 29584 30574 31466 32302 32617 33188 33973 34149 34510 35262 35915 36498 37037 37735 38150 38263 38860 39976 41123 42346 43900 44895 46181 46465
7133 5268 4845 4939 4445 4684 4666 5126 5556 5981 6025 6218 6514 6701 6404 6313 6398 6276 6475 6760 7177 7494 8266 8825 8989 9201 9775 10659 11778 12766 13311 14027 14925 16316 18071 19689 20871 21596 22200 23047 24093 25147 25985 26870 27465 28007 28757 29746 30524 31351 31464 32209 32625 32984 33744 34473 35264 35980 36393 37344 37521 37866 38790 39638 40768 41958 43314 44477 45089 44987
5934 4419 3877 3923 3613 3825 3914 4337 4617 5002 5269 5281 5665 5725 5627 5706 5994 5791 6002 6348 6615 6929 7611 7936 8195 8547 9219 9923 11011 11754 12222 12991 14022 15422 17053 18513 19260 20024 20962 21849 22986 23977 24854 25735 26458 26957 27708 28673 29479 30146 30392 31191 31767 32439 33247 34093 34995 35706 36366 37153 37305 37870 38860 39702 40697 41834 43111 43689 43829 43862
4802 3678 3028 3119 2857 3237 3196 3571 3924 4567 4481 4572 4783 4988 5116 5396 5495 5424 5731 5895 6201 6503 6997 7437 7779 8222 8715 9405 10247 10909 11489 12381 13422 14684 16130 17174 17951 19069 20032 20989 22067 23069 23925 24889 25584 26133 26838 27786 28457 29216 29540 30456 31267 31993 32945 33882 34736 35664 36179 36894 37289 37897 38795 39483 40501 41619 42576 42404 42789 43169
3676 2749 2212 2187 2134 2378 2505 2981 3484 3727 3798 3820 4167 4424 4708 4893 4924 5144 5319 5498 5741 5948 6456 7000 7320 7630 8036 8554 9292 10058 10708 11546 12447 13608 14871 16074 17158 18313 19323 20263 21314 22297 23178 24107 24890 25538 26263 27092 27786 28517 28970 29829 30729 31542 32514 33471 34469 35243 35870 36577 37259 37842 38464 39232 40333 41183 41388 41593 42162 42212
3147 2326 1775 1817 1919 2158 2229 2773 3016 3371 3574 3767 4159 4451 4587 4735 4919 5096 5338 5450 5605 5855 6385 6836 7218 7570 7949 8487 9292 10040 10637 11396 12254 13366 14724 16054 17227 18494 19555 20579 21756 22867 23979 25195 26279 27241 28344 29521 30562 31527 32054 33012 33953 34769 35516 36208 36945 37367 37545 37887 37979 38190 38721 39154 40155 40519 40863 41339 41670 41894
2532 2013 1489 1605 1775 2172 2087 2405 2789 3211 3488 3762 4097 4394 4554 4726 4964 5301 5538 5656 5759 6013 6578 7085 7617 8219 8876 9765 10905 12023 12935 14006 15139 16395 17808 19041 19962 20994 21961 22792 23632 24432 25204 26126 27001 27713 28636 29607 30437 31351 31918 33008 33859 34520 35297 35976 36603 36874 37254 37440 37668 38039 38565 39089 39705 40117 40777 40991 41410 41904
1905 1592 1239 1343 1651 1945 1870 2258 2694 3334 3782 4032 4360 4581 4649 4753 5061 5264 5662 5780 5956 6272 6976 7683 8469 9317 10169 11097 12089 12999 13697 14541 15443 16479 17753 18884 19846 21086 21875 22633 23452 24164 24930 25836 26705 27529 28421 29334 30131 31012 31698 32574 33424 34089 34843 35500 36053 36570 36831 37078 37486 37869 38477 38672 39472 40091 40529 40811 41418 41907
1302 1144 1016 1226 1422 1635 1741 2149 2700 3296 3620 3901 4157 4401 4545 4697 4972 5274 5598 5738 5863 6138 6909 7760 8663 9379 10018 10825 11777 12743 13480 14328 15157 16179 17476 18692 19808 20859 21660 22349 23146 23892 24655 25545 26477 27291 28281 29145 29939 30893 31503 32367 33202 33909 34591 35223 35886 36185 36608 36942 37338 37868 38157 38546 39426 39902 40401 40880 41325 41690
908 865 977 1134 1365 1714 1885 2236 2623 3152 3594 3862 4222 4546 4703 4893 5227 5452 5718 5867 6098 6446 7108 7848 8626 9329 9993 10845 11791 12719 13420 14238 15116 16187 17511 18670 19581 20595 21385 22119 22950 23717 24487 25417 26285 27152 28133 29018 29847 30750 31367 32273 33173 33838 34519 35152 35736 36134 36544 36836 37277 37648 38002 38427 39213 39774 40332 40660 41210 41564
592 1068 1343 1605 2019 2687 3102 3688 4097 4577 5094 5520 6191 6821 7192 7574 8101 8373 8777 9106 9594 10146 10785 11395 11982 12667 13363 14321 15415 16404 17137 17926 18838 20010 21434 22636 23409 24261 24883 25525 26332 27113 27946 28971 29843 30696 31642 32587 33493 34391 35010 35988 36989 37836 38771 39656 40419 41152 41817 42302 42896 43257 43770 44256 44996 45639 46262 46496 47042 47452
