339 123 308 187 270 311 223 621 530 435 447 188 503 477 218 243 314 202 180 271 382 352 346 367 416 212 223 333 529 454 340 477 542 735 881 892 719 699 595 571 722 705 747 864 663 738 1045 1155 1083 1047 633 1130 948 823 924 798 876 527 439 552 450 350 439 402 813 600 622 530 626 254
293 115 126 111 170 292 149 340 232 217 344 207 355 454 169 225 322 207 188 205 318 268 267 360 442 296 252 448 577 521 353 442 523 709 855 712 502 576 400 385 557 534 586 746 616 662 874 894 825 885 521 857 855 785 859 785 814 578 618 591 553 432 487 475 881 647 634 355 578 286
414 219 276 219 384 347 241 571 661 539 749 402 536 579 319 408 577 362 408 361 406 457 639 659 861 652 590 731 861 775 548 630 713 922 1056 860 702 772 588 612 874 942 1037 1194 1069 1169 1464 1276 1076 1131 795 1099 935 711 772 767 695 565 584 410 568 465 520 413 1008 657 502 388 584 439
296 104 163 87 277 87 100 490 624 544 558 280 382 288 171 254 384 281 371 262 242 241 633 762 869 531 399 452 477 445 271 337 344 481 654 637 668 812 669 589 699 695 748 850 819 866 1075 893 750 799 546 770 583 462 529 479 568 329 388 359 564 670 520 582 1083 859 547 605 739 352
281 36 99 91 221 154 106 297 365 349 462 296 426 415 151 209 378 237 300 295 288 216 476 626 768 461 374 514 592 543 341 392 397 504 668 625 599 712 579 505 626 632 700 828 751 804 1070 994 879 958 606 866 676 550 619 543 599 328 375 423 377 500 456 449 848 688 582 528 681 313
169 67 213 158 80 105 167 424 492 581 564 223 368 296 230 241 235 176 210 265 342 278 496 720 737 350 242 323 384 339 242 423 484 719 838 734 677 782 668 577 690 628 559 605 434 491 726 675 524 574 245 537 482 435 551 539 666 362 396 513 487 498 313 472 873 794 583 618 641 301
304 184 262 206 203 301 221 571 586 666 629 248 499 405 286 215 271 182 227 256 344 420 554 613 644 446 393 520 687 587 445 635 708 958 1073 948 756 798 666 648 799 760 759 851 619 682 954 939 801 794 436 867 768 644 785 766 793 513 431 408 416 268 223 182 575 396 302 315 296 227
144 39 139 94 160 83 83 353 477 461 436 140 247 209 100 162 238 243 187 179 199 198 459 627 746 414 328 411 483 475 342 490 504 628 727 659 629 703 592 503 590 566 580 677 613 670 911 839 731 807 505 818 739 572 654 602 695 317 341 410 485 519 371 469 942 660 526 553 623 270
317 143 151 65 231 214 113 542 500 491 451 203 432 347 163 184 313 181 259 188 257 307 493 540 568 389 309 408 507 447 285 369 409 592 821 831 698 784 619 584 693 652 713 857 730 791 994 944 876 854 532 905 739 624 685 578 645 404 393 329 479 406 380 378 770 563 441 356 498 191
370 227 230 240 154 264 223 521 490 727 579 346 530 395 317 239 264 205 320 313 379 374 615 809 728 456 334 454 540 478 361 525 569 802 1024 1001 914 1062 914 822 870 756 704 781 575 589 768 775 675 698 333 662 565 576 685 620 765 482 488 541 486 487 333 432 678 683 552 534 529 284
324 157 188 130 319 306 201 395 361 220 381 221 349 437 197 256 381 332 282 259 328 292 350 416 569 411 358 528 628 579 400 462 498 616 659 506 350 414 268 245 408 404 495 638 608 645 855 829 780 844 586 883 935 857 972 929 958 659 697 673 732 654 637 594 1070 746 614 457 659 383
416 161 169 183 302 307 139 444 463 459 505 309 466 466 220 152 316 232 305 246 260 324 539 540 649 513 462 637 822 731 519 612 630 787 908 819 696 781 612 591 754 721 798 919 811 823 1084 1048 947 996 650 981 859 780 892 852 868 589 564 503 443 442 465 277 713 463 384 347 409 349
210 119 236 148 209 194 185 473 472 489 453 172 357 332 211 184 243 259 229 248 339 327 459 597 642 362 276 361 444 415 314 459 464 621 706 676 589 647 531 449 527 422 414 488 399 462 686 700 679 693 408 749 763 727 834 769 917 486 514 626 638 610 440 508 907 702 576 601 638 309
165 88 165 206 106 135 127 285 419 508 467 180 208 216 171 174 170 280 176 199 216 207 435 664 766 431 332 462 560 548 439 654 688 837 852 673 635 735 626 531 622 576 541 610 513 528 756 719 575 715 399 690 746 656 791 802 907 496 530 611 567 573 376 477 934 659 529 553 533 338
138 158 256 186 137 206 285 396 493 575 630 240 362 314 299 321 308 265 253 312 423 376 554 794 853 511 404 515 534 489 371 560 636 876 900 641 491 582 469 395 526 477 403 453 318 383 581 482 343 409 180 437 561 469 621 681 736 455 495 558 647 557 316 517 926 807 543 554 607 363
331 191 240 208 248 225 264 482 604 681 584 288 491 253 285 218 238 246 327 335 305 291 627 809 831 531 428 544 616 525 378 541 559 709 733 611 569 683 634 539 580 572 570 612 466 441 650 618 455 497 260 589 518 446 692 714 790 473 370 459 472 520 305 376 657 618 306 503 409 257
268 191 213 142 246 288 184 498 478 432 399 120 301 280 181 172 222 252 185 155 245 314 399 445 510 383 337 472 605 553 420 577 630 801 846 704 507 544 412 385 506 463 502 618 521 547 738 744 688 709 454 852 918 813 957 925 970 624 578 543 664 490 422 417 863 533 407 344 415 257
622 410 292 253 514 525 285 696 615 496 500 346 528 504 315 295 443 388 431 273 315 447 585 492 567 604 568 752 924 831 614 676 729 884 999 877 649 729 541 564 723 719 856 1030 966 941 1094 1059 997 1005 764 1139 1117 1028 1165 1114 1086 887 819 604 798 624 696 512 966 599 440 286 448 408
369 214 120 101 221 320 178 412 336 418 396 266 456 382 200 148 273 118 277 190 287 319 556 594 567 495 442 627 727 644 432 500 551 774 981 866 635 757 559 514 631 541 552 665 566 541 663 634 596 603 348 624 619 584 689 651 661 495 486 432 469 428 406 393 684 630 478 329 500 312
109 116 216 143 71 187 199 428 458 565 509 130 319 255 202 215 201 162 123 191 328 331 455 637 647 364 300 403 485 448 352 569 653 905 1011 849 659 705 583 517 627 558 486 560 377 448 660 645 540 567 257 629 666 531 640 626 697 375 363 439 489 351 203 382 767 613 505 461 509 229
210 226 300 234 233 351 329 481 513 481 614 212 356 407 313 460 455 461 240 341 441 421 324 548 724 446 361 505 576 542 440 641 761 925 914 631 426 448 359 360 515 602 656 831 643 778 1042 992 823 911 580 1015 1087 838 971 956 958 650 645 576 777 462 374 523 1010 591 525 348 468 230
200 257 256 264 184 332 300 412 501 611 592 205 307 284 293 351 323 426 223 285 347 387 429 682 804 543 442 599 673 649 546 794 886 1042 1023 733 553 608 520 481 568 601 611 754 579 654 872 831 671 785 479 896 1016 788 950 963 983 622 592 540 706 447 269 435 845 476 405 319 328 216
185 207 311 253 142 330 246 557 527 582 569 146 317 391 261 355 329 336 122 219 387 439 333 489 571 335 289 407 555 540 477 735 867 1110 1220 1039 794 784 642 638 797 787 775 935 696 836 1106 1125 1001 1048 621 1126 1146 914 965 894 943 589 582 546 653 316 294 425 930 507 600 376 472 221
416 220 210 219 218 370 224 520 480 565 525 280 523 420 266 240 294 205 237 263 305 343 440 517 545 405 364 550 735 627 463 626 720 925 1066 937 737 804 682 674 801 830 883 1028 774 791 1039 1078 911 938 533 999 848 705 865 810 809 587 465 407 372 219 270 217 531 361 328 220 249 163
169 249 284 182 146 363 391 463 411 600 786 400 592 636 413 553 638 322 359 454 700 619 621 902 943 617 497 625 580 551 404 522 654 967 1243 1027 733 821 615 583 755 704 640 800 579 788 989 843 756 769 418 692 712 510 476 429 432 322 474 427 620 392 278 579 916 864 827 503 815 349
120 214 294 177 163 316 395 448 445 545 712 299 491 500 372 552 579 414 312 450 631 522 463 802 903 521 391 502 449 432 329 481 598 817 950 722 500 560 444 402 523 546 529 694 488 691 918 816 702 743 420 766 815 577 626 582 616 385 478 480 715 460 284 620 973 804 726 498 724 242
551 461 334 438 312 606 442 561 503 751 693 458 631 562 488 466 463 504 405 463 493 530 501 728 769 624 520 763 907 821 685 903 1013 1174 1252 1016 797 899 795 788 852 904 966 1164 866 896 1112 1171 993 1093 665 1161 1152 999 1190 1145 1154 884 789 661 673 386 345 380 602 366 411 211 193 216
605 442 371 495 372 578 392 640 662 854 824 519 649 625 505 507 540 594 458 497 467 550 552 752 881 675 555 769 958 877 738 967 1066 1201 1286 1096 970 1067 957 970 1075 1173 1282 1500 1191 1263 1568 1570 1324 1450 942 1464 1310 1099 1250 1188 1200 903 821 634 655 396 395 330 690 295 381 233 174 250
607 587 465 573 451 637 587 693 817 1167 1023 636 806 584 665 608 615 729 631 683 614 694 839 1187 1268 965 772 953 1019 940 813 1067 1117 1210 1240 1036 957 1092 1053 1000 971 1049 1115 1290 988 1059 1313 1271 1043 1154 763 1253 1167 936 1166 1149 1191 835 723 601 742 529 276 382 554 332 277 341 149 241
695 617 545 685 502 706 645 750 878 1203 1065 698 871 669 709 715 695 828 652 770 666 703 781 1162 1280 931 763 955 1065 993 885 1165 1236 1298 1327 1143 1099 1209 1205 1157 1129 1276 1368 1572 1216 1295 1609 1626 1341 1485 991 1561 1370 1075 1302 1244 1289 906 755 676 721 510 342 451 634 359 415 431 232 258
517 485 374 392 357 558 548 644 632 945 940 596 840 646 624 629 675 604 607 677 696 671 704 1071 1108 791 574 742 727 635 502 660 732 872 1003 843 713 870 799 761 763 825 897 1096 782 911 1135 1074 897 942 566 1001 902 741 918 859 916 685 654 528 728 488 262 437 550 478 371 297 277 148
678 443 373 435 489 591 428 705 707 802 975 670 827 839 582 685 840 705 649 662 622 644 616 828 1040 773 596 787 896 802 614 717 807 912 1086 956 873 1006 871 915 1065 1231 1434 1718 1425 1593 1937 1818 1560 1658 1137 1598 1294 1048 1126 1015 1004 833 840 550 721 480 517 430 822 428 463 242 340 263
1031 761 703 779 831 919 880 975 1082 1303 1624 1277 1479 1382 1053 1258 1498 1107 1193 1290 1194 1083 1175 1574 1838 1355 1109 1297 1284 1168 917 951 1044 1137 1442 1325 1322 1520 1415 1432 1565 1840 2054 2373 1989 2251 2669 2419 2048 2161 1555 1947 1377 992 1023 894 832 829 876 607 780 680 685 733 976 841 865 655 821 560
686 655 678 608 547 796 761 1033 950 1168 1438 900 1159 1197 928 1133 1237 898 843 984 1139 1099 850 1197 1344 938 713 834 829 750 632 772 950 1215 1524 1365 1154 1258 1089 1157 1352 1490 1596 1902 1458 1813 2179 1993 1737 1749 1167 1662 1372 1061 1025 889 891 828 939 637 976 514 490 665 1030 757 843 469 686 379
581 810 805 708 580 822 917 1111 1134 1462 1577 867 1083 1027 1050 1209 1198 1096 907 1046 1206 1229 1011 1501 1622 1137 834 897 786 754 716 964 1113 1347 1496 1249 1064 1172 1064 1082 1163 1248 1286 1542 1141 1506 1799 1576 1355 1381 956 1448 1420 1106 1150 1091 1160 927 1042 765 1327 764 424 802 1133 798 741 561 609 390
756 936 801 779 670 1012 1028 1085 1067 1544 1671 1074 1337 1230 1164 1257 1339 1119 1058 1186 1328 1358 1193 1677 1770 1370 1072 1215 1110 1040 921 1112 1247 1473 1714 1469 1221 1364 1229 1250 1304 1385 1447 1736 1298 1642 1922 1710 1512 1532 1067 1545 1446 1114 1152 1075 1077 935 1024 705 1174 658 383 691 837 672 714 467 542 419
619 676 657 673 549 750 824 877 1033 1445 1556 943 1180 1002 971 1010 1093 933 902 1057 1071 1079 1116 1586 1745 1242 968 1098 1052 957 819 1034 1121 1292 1426 1197 1100 1237 1172 1156 1212 1337 1397 1611 1195 1479 1847 1634 1345 1411 940 1393 1171 833 954 931 937 716 728 541 815 522 227 434 631 495 453 467 379 339
505 601 679 628 484 691 812 880 1001 1342 1546 874 1116 1024 952 1051 1106 901 829 1036 1127 1085 1007 1486 1658 1105 841 941 878 799 695 915 1033 1254 1385 1137 1008 1113 1036 1034 1146 1260 1290 1496 1073 1412 1801 1583 1303 1352 873 1317 1142 815 896 874 895 680 749 596 884 534 251 516 799 637 595 543 528 362
514 644 776 663 529 685 841 1045 1199 1497 1725 922 1156 1077 1029 1135 1185 928 894 1066 1198 1202 1156 1592 1762 1178 898 942 868 786 694 925 1061 1358 1512 1252 1119 1222 1109 1127 1302 1394 1394 1576 1151 1531 1930 1619 1313 1330 877 1287 1108 786 831 841 860 697 806 593 997 606 296 560 967 764 627 618 614 466
671 854 963 821 720 946 1097 1226 1317 1627 1955 1129 1417 1372 1261 1435 1513 1181 1101 1327 1504 1477 1266 1750 1955 1373 1081 1143 1030 947 851 1059 1221 1508 1689 1402 1197 1278 1168 1217 1399 1539 1580 1828 1354 1814 2234 1919 1627 1626 1138 1601 1416 1017 1031 1004 987 863 989 722 1210 693 417 731 1090 867 821 682 764 552
699 849 961 841 684 958 1075 1213 1264 1599 1988 1187 1431 1474 1288 1444 1533 1126 1109 1319 1544 1510 1294 1743 1926 1367 1080 1161 1071 980 869 1064 1250 1612 1849 1535 1295 1400 1224 1289 1540 1634 1639 1875 1392 1851 2264 1926 1631 1637 1118 1513 1348 1021 987 978 952 903 1097 799 1212 706 482 752 1161 975 940 714 855 668
788 993 1121 993 794 1076 1222 1371 1459 1795 2191 1306 1525 1577 1446 1628 1678 1299 1233 1454 1687 1667 1426 1909 2110 1514 1209 1274 1170 1087 998 1230 1439 1819 2023 1656 1415 1516 1347 1422 1687 1802 1795 2032 1529 2012 2433 2058 1723 1743 1228 1632 1501 1143 1115 1132 1101 1055 1256 925 1411 839 577 891 1352 1106 1042 826 946 789
693 862 958 876 626 934 1017 1217 1276 1619 1939 1125 1292 1377 1253 1387 1407 1087 1033 1203 1439 1458 1262 1678 1830 1314 1040 1125 1079 1000 913 1166 1379 1789 1999 1628 1374 1486 1283 1354 1632 1694 1658 1871 1395 1805 2183 1849 1527 1566 1054 1437 1361 1078 1052 1082 1063 1012 1208 876 1281 734 513 769 1264 999 941 698 805 721
700 858 908 771 699 953 1033 1229 1282 1578 1910 1103 1384 1356 1223 1354 1454 1068 1067 1222 1426 1462 1283 1660 1833 1366 1095 1181 1105 995 863 1052 1236 1585 1797 1471 1193 1287 1120 1202 1439 1552 1591 1836 1370 1795 2176 1833 1542 1522 1064 1495 1340 982 991 994 927 900 1023 657 1173 618 409 630 1027 806 718 532 652 565
751 927 1040 893 725 1026 1148 1337 1363 1695 2040 1201 1488 1487 1349 1507 1556 1158 1131 1351 1594 1575 1320 1760 1908 1369 1089 1159 1075 975 886 1105 1315 1700 1933 1614 1342 1431 1269 1344 1589 1693 1692 1928 1408 1865 2268 1952 1645 1625 1111 1559 1398 1061 1050 1040 1013 976 1127 819 1276 700 482 778 1171 990 938 714 835 658
702 837 900 822 615 967 995 1168 1166 1527 1859 1111 1339 1418 1210 1329 1402 1012 997 1178 1430 1447 1217 1592 1731 1282 1038 1156 1133 1038 920 1137 1347 1750 2016 1681 1371 1467 1251 1333 1606 1667 1654 1892 1399 1811 2194 1903 1621 1632 1089 1506 1379 1075 1031 1022 973 946 1116 786 1135 588 450 659 1079 869 906 596 749 651
705 828 931 774 646 983 983 1273 1201 1486 1859 1090 1380 1497 1202 1311 1429 926 983 1139 1472 1516 1254 1509 1620 1237 1033 1126 1126 1019 888 1067 1287 1758 2094 1805 1418 1479 1212 1321 1659 1669 1646 1875 1394 1832 2215 1915 1688 1627 1096 1508 1366 1084 985 959 893 920 1108 760 1133 557 497 650 1129 933 974 616 856 711
817 908 1003 821 711 1070 1025 1408 1253 1524 1900 1154 1467 1613 1275 1341 1469 914 1043 1160 1545 1613 1326 1497 1550 1243 1051 1145 1173 1047 912 1070 1301 1835 2220 1954 1517 1584 1268 1397 1776 1730 1692 1911 1426 1852 2208 1919 1728 1624 1101 1495 1374 1180 1061 1032 974 1050 1258 874 1233 630 620 707 1207 1044 1063 660 935 820
564 459 469 533 305 634 552 654 579 937 1156 792 942 1045 748 763 849 570 631 759 914 852 774 1082 1147 801 624 826 901 809 656 817 957 1272 1545 1329 1120 1270 1055 1066 1276 1260 1246 1435 1050 1260 1579 1474 1265 1342 778 1114 981 886 890 841 869 758 900 755 690 454 415 481 788 718 805 489 618 486
425 207 210 377 245 342 298 175 320 499 486 449 468 416 289 238 279 314 347 406 343 224 609 863 941 650 606 854 979 928 725 880 893 999 1024 805 769 916 830 691 750 724 679 722 636 525 730 771 608 810 477 682 688 635 837 874 914 579 551 763 392 635 524 574 823 832 737 742 735 559
549 414 404 613 370 514 503 309 538 834 772 645 617 536 522 374 370 471 520 578 516 449 919 1203 1260 953 889 1146 1273 1210 1011 1236 1246 1398 1349 1023 976 1139 1052 899 958 885 770 755 655 520 714 717 527 754 467 627 751 731 984 1114 1142 782 750 962 566 804 578 634 880 929 765 890 756 787
656 695 620 836 469 792 762 535 765 1220 1155 845 829 754 809 639 593 654 678 758 785 817 1194 1504 1536 1272 1188 1464 1583 1506 1315 1622 1703 1970 1935 1452 1248 1397 1267 1163 1266 1186 1019 1026 816 747 933 867 637 851 549 756 983 880 1115 1305 1254 979 948 1009 757 754 499 612 856 876 762 809 655 893
701 857 778 976 550 969 931 683 879 1388 1226 864 900 803 917 743 642 774 696 827 907 980 1252 1576 1572 1349 1299 1575 1710 1652 1503 1879 1981 2256 2199 1698 1405 1493 1386 1283 1344 1248 1053 1069 819 765 938 950 761 953 643 962 1267 1094 1337 1510 1456 1103 1014 1107 883 752 488 678 873 850 849 863 674 918
722 990 915 1052 629 1081 1073 868 1052 1590 1361 895 1004 847 1024 864 737 867 754 907 1038 1153 1374 1708 1670 1450 1403 1643 1753 1704 1587 2000 2118 2420 2380 1886 1530 1578 1484 1385 1419 1314 1099 1122 836 826 989 1004 839 980 690 1083 1407 1162 1396 1554 1497 1125 1004 1088 991 748 448 727 894 861 883 904 706 916
626 869 908 965 539 973 965 954 1076 1550 1258 738 941 777 912 765 616 712 590 779 967 1092 1244 1504 1417 1189 1188 1369 1532 1487 1419 1855 1988 2337 2368 1998 1627 1612 1517 1427 1478 1345 1109 1122 787 812 1018 1102 962 1030 673 1167 1386 1131 1318 1411 1400 988 832 984 852 580 359 635 849 801 899 919 724 804
692 986 1070 1037 627 1018 1096 1213 1364 1895 1592 919 1181 934 1102 927 800 739 780 937 1187 1343 1611 1862 1703 1404 1361 1462 1563 1502 1433 1856 1995 2457 2601 2279 1904 1913 1775 1680 1760 1564 1261 1229 861 946 1146 1109 963 948 625 1056 1203 965 1097 1210 1211 902 795 919 912 656 355 692 915 1018 985 1096 911 946
660 964 1110 1091 627 1000 1074 1198 1360 1841 1434 822 1049 839 1008 887 711 764 676 867 1113 1250 1513 1771 1611 1295 1315 1400 1542 1539 1516 1986 2117 2534 2668 2406 2061 2018 1908 1773 1811 1603 1272 1230 907 959 1159 1223 1111 1129 770 1255 1410 1123 1228 1291 1339 897 766 1030 922 722 458 865 1128 1142 1236 1318 1139 1009
725 986 1157 1163 630 1021 1079 1251 1385 1896 1469 906 1103 943 1029 974 800 793 709 910 1176 1278 1553 1833 1649 1289 1320 1392 1545 1575 1564 2029 2179 2622 2887 2702 2384 2351 2205 2054 2102 1881 1524 1501 1158 1226 1435 1512 1391 1423 963 1443 1489 1180 1188 1188 1265 853 773 1071 891 748 559 1019 1303 1333 1540 1506 1411 1108
924 1040 1199 1249 743 1133 1057 1292 1394 1758 1294 912 1070 959 959 871 701 675 663 793 1055 1190 1585 1644 1423 1261 1436 1571 1868 1878 1807 2252 2424 2916 3191 2975 2579 2517 2321 2182 2314 2068 1691 1625 1358 1269 1431 1586 1469 1518 1079 1521 1581 1319 1342 1372 1371 1036 878 1213 825 793 829 1120 1499 1529 1747 1639 1620 1381
1151 1159 1219 1335 835 1366 1147 1297 1249 1619 1232 1051 1227 1194 1026 950 826 691 729 860 1151 1248 1535 1522 1277 1277 1515 1757 2119 2098 1969 2353 2566 3077 3432 3187 2670 2614 2368 2269 2447 2223 1885 1877 1578 1442 1577 1817 1719 1778 1266 1723 1763 1523 1525 1517 1442 1233 1056 1342 806 742 994 1186 1485 1577 1941 1581 1703 1477
1198 849 968 1061 831 1071 841 1211 1219 1364 1022 948 1232 1036 776 686 692 485 684 757 828 879 1336 1213 1052 1005 1228 1440 1854 1754 1556 1805 1934 2293 2649 2635 2358 2336 2175 2084 2243 2161 2008 2015 1729 1549 1799 2037 1850 1872 1317 1816 1434 1216 1305 1226 1171 985 686 978 367 561 923 848 1130 1261 1480 1366 1400 1158
1132 740 849 895 755 967 718 1141 1046 1078 788 800 1093 942 638 589 598 366 577 617 719 728 1108 939 758 767 996 1207 1606 1506 1312 1502 1641 2000 2369 2383 2085 2072 1893 1817 1996 1909 1785 1809 1568 1372 1575 1835 1693 1689 1176 1650 1311 1171 1253 1148 1113 969 701 974 410 580 989 907 1213 1332 1492 1284 1424 1072
1125 929 816 931 723 1103 817 1065 943 1082 753 773 962 820 691 687 601 499 586 576 702 762 1048 980 779 902 1085 1368 1693 1617 1430 1672 1875 2236 2521 2302 1877 1910 1718 1666 1804 1754 1628 1711 1477 1242 1300 1522 1364 1429 1023 1485 1437 1263 1402 1367 1265 1194 935 1023 711 637 953 1019 1269 1286 1392 1015 1196 1007
529 422 436 412 316 459 347 751 711 711 427 245 399 265 283 306 189 224 222 179 290 342 600 614 483 411 466 604 805 766 667 909 1051 1354 1505 1350 1104 1154 1009 940 1051 982 881 929 783 647 725 828 693 730 452 859 899 813 971 956 998 773 626 707 681 582 622 767 1179 1028 869 730 822 542
614 313 285 327 313 382 142 685 610 582 363 279 396 353 192 180 193 176 242 112 154 250 529 450 381 351 379 537 804 748 596 758 858 1112 1358 1330 1172 1267 1061 1024 1176 1111 1111 1215 1083 962 1103 1176 1040 1089 702 1093 944 909 995 911 968 763 671 633 538 522 681 588 1066 813 746 562 679 483
626 420 250 366 431 521 216 534 530 517 276 274 334 297 160 171 238 336 273 117 102 254 564 506 532 601 656 888 1140 1118 912 1070 1132 1256 1412 1287 1078 1147 967 917 998 980 1039 1195 1165 1007 1106 1185 1103 1220 905 1310 1285 1095 1207 1133 1102 820 684 609 590 553 695 612 1033 644 685 461 599 493
603 448 222 326 424 523 235 516 545 640 486 411 459 424 247 207 364 292 398 181 217 409 837 773 785 848 852 1079 1264 1222 954 1061 1115 1322 1573 1407 1153 1277 1015 973 1102 1018 1038 1180 1160 1052 1130 1053 985 1073 805 1071 1057 887 933 909 830 683 646 469 544 531 609 514 926 665 627 409 607 582
394 278 151 249 287 270 106 407 551 672 468 306 295 243 143 151 274 301 323 140 124 275 771 851 902 752 688 832 951 965 761 907 918 1063 1296 1216 1138 1278 1064 963 1027 941 938 1058 1059 1005 1128 1012 920 1045 752 999 929 736 753 703 734 448 474 398 501 590 508 543 999 689 626 548 664 479
316 272 112 157 230 348 170 351 386 528 442 268 359 324 157 190 333 225 265 149 230 347 662 739 778 702 663 852 945 928 701 818 877 1071 1323 1159 910 1014 790 733 831 766 770 930 868 867 980 884 829 902 617 905 900 665 681 632 584 397 409 292 441 371 353 424 786 561 557 328 550 353
592 475 275 261 413 667 415 585 409 479 516 426 671 629 371 382 526 272 403 329 487 552 639 610 586 684 696 958 1093 989 732 788 911 1172 1423 1201 773 851 622 641 807 781 832 1024 872 853 946 945 905 897 618 978 1001 846 935 885 762 733 665 485 593 360 513 485 739 643 622 234 546 409
