55687 55987 56535 56964 56825 57007 57190 57652 58000 56085 56271 56696 48241 48438 44156 44277 43164 40642 39248 37985 26275 24807 24955 24829 25039 25273 25629 24879 25120 25436 25766 24380 24404 20382 20370 18147 18072 18182 18260 17664 17533 17782 18277 18655 18786 18796 18838 18830 19032 18985 19074 19314 19344 19537 19837 20004 20412 20504 20372 20125 20205 20471 19707 19745 19563 19741 19813 19582 19614 19671
55086 55374 55983 56029 56208 56442 56731 57340 57558 55574 55864 56359 47618 47700 43400 43506 42404 39865 38577 37422 25787 24189 24417 24258 24411 24703 25115 24271 24557 25012 24976 23704 23820 19899 19905 17729 17641 17840 17866 17368 17110 17383 18059 18346 18217 18204 18359 18682 18725 18650 18691 18827 19152 19419 19738 19880 20021 19918 20030 19848 19956 20380 19446 19371 19352 19495 19809 19492 19442 19488
54669 54897 55352 55701 55926 56198 56555 56852 57211 54947 55264 55767 46823 47017 42624 42734 41707 39290 38101 36982 25455 23661 23818 23683 23876 24250 24394 23777 24128 24248 24453 23186 23294 19529 19710 17484 17349 17630 17551 17091 16902 17246 17963 17947 17784 17966 18320 18396 18615 18415 18482 18997 19427 19397 19572 19719 19610 19757 19796 19678 20055 20383 19291 19246 19536 19541 19778 19361 19269 19443
54191 54381 54926 55256 55522 55683 55960 56318 56701 54095 54426 54864 45751 45894 41512 41599 40643 38319 37264 36246 24928 23028 23115 23128 23344 23586 23859 23360 23494 23772 23932 22731 22851 19208 19307 17098 16846 17026 16905 16618 16537 16845 17246 17280 17345 17892 17907 18139 18095 18069 18454 18942 19183 18973 19249 19208 19327 19454 19670 19524 19573 19820 18897 19166 19164 19184 19270 19055 19087 19087
53879 54199 54674 54984 55136 55242 55524 56018 56211 53372 53658 54037 44869 45012 40597 40715 39671 37530 36571 35622 24435 22407 22555 22628 22797 23057 23297 22842 23079 23322 23436 22274 22381 18821 18836 16738 16438 16565 16453 16207 16167 16491 16778 16762 17168 17319 17454 17735 17682 17814 18235 18629 18621 18685 18834 18794 18928 19277 19507 19266 19215 19446 18702 18830 18826 18866 19060 18854 18857 18965
53444 53701 54226 54514 54610 54803 55114 55590 55692 52808 52978 53205 44082 44178 39791 39848 38883 36858 36045 35170 24100 21881 22059 22065 22210 22412 22680 22325 22479 22753 22720 21708 21844 18417 18427 16400 16018 16086 16149 15851 15803 16001 16275 16569 16696 16935 17196 17374 17519 17754 18085 18200 18387 18527 18503 18534 18865 19191 19295 19020 18992 19182 18500 18696 18622 18707 18865 18686 18744 18983
52954 53177 53758 53984 54176 54499 54764 55042 55547 52354 52506 52789 43658 43826 39385 39500 38468 36492 35696 34791 23743 21412 21653 21523 21701 21898 22199 21744 21967 22086 22203 21206 21273 18074 18142 16231 15818 16000 16021 15642 15520 15766 16260 16275 16473 16709 17000 17364 17475 17638 17738 17983 18379 18280 18348 18489 18841 19004 19237 18797 19033 19126 18440 18498 18566 18714 18824 18648 18721 18842
52499 52764 53192 53558 53833 54094 54225 54878 54830 51858 52074 52445 43201 43335 38906 38963 37961 35972 35165 34260 23296 20928 21029 21080 21225 21503 21643 21276 21424 21614 21627 20715 20806 17766 17803 15935 15591 15724 15742 15485 15333 15566 15877 16116 16269 16603 17048 17203 17383 17389 17571 18064 18185 17990 18275 18381 18556 18937 18953 18700 18700 18983 18281 18539 18459 18514 18629 18592 18690 18830
52091 52285 52814 53203 53463 53498 53966 54145 54597 51257 51539 51842 42592 42763 38273 38413 37317 35436 34704 33844 22912 20404 20534 20560 20763 20886 21082 20796 20937 21073 21392 20256 20306 17465 17442 15685 15313 15529 15448 15244 15040 15283 15679 15749 15954 16458 16634 17013 17120 17004 17463 17828 17739 17863 18263 18144 18432 18710 18581 18447 18526 18749 18156 18334 18246 18395 18492 18504 18733 18714
51797 52037 52588 53028 52989 53383 53431 53944 54084 50658 50834 51239 41897 41997 37512 37640 36459 34700 34002 33202 22444 19873 20110 20187 20265 20404 20889 20382 20467 20841 21081 19832 19944 17097 17030 15310 14998 15076 15205 15002 14801 14992 15340 15539 15984 16175 16472 16785 16746 17016 17349 17319 17595 17780 17861 17878 18272 18212 18274 18267 18201 18403 18013 18197 18066 18179 18403 18489 18659 18588
51377 51629 52337 52481 52823 52903 53139 53444 53725 50235 50566 51025 41505 41546 37139 37208 35998 34322 33575 32715 22027 19403 19630 19630 19791 20125 20509 19776 20064 20432 20464 19240 19374 16630 16711 14964 14789 15058 15090 14834 14583 14929 15720 15777 15757 16007 16277 16521 16973 16858 16895 17201 17520 17581 17748 17677 17760 17939 18353 17999 18208 18677 17932 17972 17972 18176 18520 18397 18362 18428
50907 51179 51748 52178 52247 52430 52530 52881 53160 49358 49617 49968 40473 40566 36169 36328 35135 33614 32995 32185 21558 18683 18953 18877 19085 19482 19789 19148 19455 19628 19772 18645 18780 16180 16250 14646 14382 14622 14591 14390 14270 14684 15189 15159 15303 15694 15977 16544 16508 16431 16616 16978 17171 17178 17323 17207 17441 17963 17954 17759 18008 18250 17696 17721 17893 18045 18514 18169 18203 18314
50538 50806 51495 51670 51818 51822 52019 52462 52812 48737 48917 49168 39695 39735 35384 35467 34367 32945 32410 31635 21096 18072 18239 18316 18592 18887 19172 18631 18776 19029 19052 18028 18149 15753 15773 14220 14001 14176 14123 14083 14067 14288 14632 14748 15080 15502 15980 16372 16097 16185 16468 16711 17017 16828 16971 16858 17410 17620 17879 17623 17642 17742 17458 17736 17771 18018 18069 18007 18209 18323
49992 50284 50781 51072 51040 51250 51448 51997 52146 48064 48236 48466 39127 39178 34844 34868 33781 32448 31926 31137 20614 17456 17682 17835 18093 18306 18477 18015 18196 18426 18359 17448 17616 15288 15322 13903 13707 13814 13824 13821 13754 13995 14274 14565 14867 15317 15806 15932 15755 15876 16109 16510 16554 16536 16634 16806 16988 17387 17549 17298 17297 17471 17349 17590 17721 17827 17927 17992 18163 18278
49537 49737 50343 50430 50623 50760 51018 51397 51900 47475 47651 47928 38606 38662 34397 34400 33414 32190 31711 30895 20311 16984 17206 17386 17528 17674 17812 17464 17647 17779 17773 16931 17057 15014 15107 13754 13564 13720 13651 13844 13590 13776 14263 14373 14750 15293 15595 15455 15495 15631 16034 16167 16339 16312 16592 16595 16963 17279 17548 17088 17185 17271 17370 17591 17719 17702 17904 18036 18127 18453
49000 49175 49660 49973 50101 50388 50567 51087 51384 46829 47035 47404 38072 38217 33977 34013 33047 31865 31367 30465 19873 16403 16701 16711 16827 16962 17197 16814 16930 17070 17252 16452 16523 14687 14718 13640 13364 13451 13610 13548 13297 13605 13973 14341 14942 15089 15099 15544 15246 15549 15707 15863 15972 16298 16276 16627 17065 17199 17329 16860 16956 17281 17407 17677 17555 17665 17999 18060 18150 18126
48599 48782 49319 49568 49766 49987 50319 50805 50919 46337 46575 47044 37548 37632 33520 33582 32635 31478 30995 30070 19436 15813 16046 15978 16087 16260 16540 16049 16244 16500 16604 15802 15884 14277 14369 13359 13127 13383 13600 13269 13016 13285 14052 14416 14383 14538 15010 15041 15368 15171 15228 15355 15860 15896 16276 16515 16747 17024 17042 16691 16948 17537 17405 17482 17402 17629 17936 18050 18137 17953
48228 48349 48909 49220 49404 49711 50006 50137 50473 45607 45987 46454 36845 36947 32844 32972 31992 30932 30468 29552 18937 15175 15466 15326 15436 15712 15973 15497 15751 15954 16126 15302 15386 13928 14054 13079 12894 13254 13232 13025 12843 13257 14235 13948 13928 14473 14526 14929 15018 14771 14816 15426 15552 15714 16286 16161 16484 16701 16646 16529 17006 17584 17263 17234 17342 17581 18037 17946 17985 17858
47942 48096 48705 48967 49202 49384 49405 49625 50145 44651 44935 45245 35681 35742 31685 31815 30873 29993 29592 28734 18236 14319 14591 14508 14683 14961 15155 14848 15062 15283 15728 14653 14729 13396 13440 12518 12423 12654 12541 12610 12602 13054 13465 13287 13696 13950 14174 14493 14324 14280 14747 14870 15150 15399 15483 15624 16020 16163 16337 16351 16628 16978 16899 16998 17103 17305 17708 17599 17672 17761
47737 47955 48554 48909 49060 49094 49159 49727 50014 44151 44280 44545 35033 35159 31056 31038 30208 29440 29028 28108 17681 13604 13770 13815 14062 14188 14362 14199 14346 14888 14884 14047 14105 12884 12899 12130 12092 12215 12278 12395 12499 12651 12878 13197 13393 13684 14020 13924 13946 14256 14410 14648 14991 15017 15193 15374 15739 15944 16168 16272 16480 16759 16820 17044 17136 17306 17429 17463 17590 17799
47272 47528 48145 48473 48501 48606 48965 49328 49704 43683 43917 44156 34697 34902 30723 30659 29856 29098 28651 27684 17270 13113 13282 13407 13521 13655 13745 13680 14191 14307 14353 13612 13668 12600 12570 11975 11940 12138 12252 12269 12287 12368 12980 13057 13248 13538 13574 13685 14011 13975 14236 14614 14773 14919 15204 15419 15583 15821 16066 16233 16579 17024 17018 17100 17293 17487 17684 17787 17832 18131
46613 46844 47491 47750 47799 48105 48203 48625 48819 42761 42940 43086 33841 34012 29949 29919 29235 28541 28172 27283 16989 12725 12947 12958 12993 13142 13289 13605 13736 13896 14019 13300 13360 12474 12360 11891 11763 11936 12053 12039 12046 12241 12654 12919 13098 13221 13446 13655 13683 14020 14240 14445 14665 14808 15115 15363 15561 15871 16110 16268 16536 16805 16893 17057 17219 17396 17596 17621 17807 18022
46070 46354 46898 47177 47402 47455 47567 47832 47985 41966 42101 42296 33212 33412 29434 29474 28838 28213 27846 26960 16701 12350 12458 12441 12531 12705 13206 13179 13357 13608 13600 12954 13001 12348 12166 11799 11692 11859 12069 11914 12025 12125 12658 12854 12760 13077 13423 13320 13733 13889 14081 14340 14580 14738 15106 15262 15559 15951 16276 16253 16411 16756 16872 17130 17177 17346 17458 17551 17848 18104
45449 45683 46184 46662 46702 46770 46767 46999 47212 41256 41479 41800 32666 32900 28849 28956 28273 27684 27327 26495 16351 11986 12272 12083 12198 12726 13065 12881 13096 13246 13217 12634 12662 12188 11961 11629 11542 11808 11939 11828 11904 12308 12748 12511 12863 13032 13034 13377 13611 13782 14009 14366 14716 15021 15342 15529 15945 16056 16037 16089 16324 16694 16878 16996 17074 17302 17659 17762 17934 18091
45077 45326 45993 46325 46266 46243 46265 46608 47253 40811 41002 41280 32085 32250 28238 28315 27718 27144 26836 26060 16021 11572 11618 11593 12054 12344 12579 12403 12573 12830 12610 12106 12143 11899 11674 11330 11468 11859 11680 11757 12009 12034 12221 12451 12638 12730 13101 13354 13696 13920 14345 14553 14802 15042 15260 15525 15741 15861 16296 16603 16893 17131 17267 17513 17736 17867 17949 18171 18453 18973
44378 44636 45311 45640 45526 45558 45698 46253 46989 40092 40295 40573 31462 31668 27655 27649 27050 26520 26169 25338 15570 11108 11169 11487 11766 11976 12156 12004 12117 12336 12016 11797 11815 11556 11287 11120 11324 11475 11420 11564 11678 11618 12045 12413 12463 12813 13203 13392 13669 13933 14312 14610 14827 15051 15280 15516 15681 15859 16221 16559 16759 17057 17226 17510 17638 17789 17923 18133 18395 18895
43622 43887 44544 44713 44724 44883 45172 45925 46441 39266 39480 39769 30767 30997 27042 27088 26456 25968 25626 24806 15245 10726 11081 11236 11416 11589 11754 11590 11728 11769 11519 11519 11652 11324 11021 11098 11074 11204 11307 11279 11257 11469 12044 12197 12599 12938 13175 13512 13847 14073 14287 14543 14827 15084 15360 15668 16059 16192 16352 16479 16714 17052 17297 17403 17532 17798 18211 18469 18895 19181
43036 43363 43831 44252 44175 44469 44818 45458 46099 38527 38746 38950 30043 30331 26435 26503 25983 25558 25221 24427 14990 10418 10714 10892 11015 11120 11160 11096 11296 11139 10991 11081 11422 11060 10818 11006 10947 11087 11224 11154 11262 11496 12083 12300 12674 13017 13214 13584 13974 14152 14319 14611 14795 15018 15414 15614 15905 16258 16327 16456 16733 17189 17406 17512 17737 18090 18571 18809 19227 19492
42385 42642 43236 43481 43619 43837 44112 44984 45336 37686 37844 37996 29188 29493 25640 25643 25310 24970 24700 24019 14778 10211 10519 10731 10648 10672 10777 10806 10804 10671 10622 10882 11215 10885 10672 10824 10769 10874 11044 11194 11412 11654 12086 12268 12750 13262 13432 13739 13948 14126 14363 14567 14903 15010 15351 15511 15885 16209 16417 16444 16752 17072 17297 17648 17772 18136 18531 18746 19216 19498
41623 41954 42332 43011 42823 43048 43515 44109 44500 36775 36923 37164 28470 28871 25093 25086 24829 24534 24219 23564 14470 9952 10232 10285 10219 10274 10342 10301 10303 10233 10369 10684 10881 10631 10456 10714 10609 10774 11080 11202 11519 11770 12155 12329 12832 13097 13237 13574 13774 13915 14139 14515 14686 14930 15212 15383 15749 16166 16178 16484 16660 16976 17297 17494 17670 18054 18385 18641 19155 19407
40717 40960 41681 42051 41911 42319 42462 43250 43763 35875 36106 36521 27676 27963 24409 24445 24275 23994 23714 23170 14230 9749 10009 9808 9800 9811 10046 9777 9771 9966 10084 10296 10599 10379 10301 10382 10543 10835 11034 11211 11463 11686 12120 12243 12561 12868 13070 13373 13563 13729 14031 14300 14575 14815 15076 15313 15705 15951 16153 16389 16575 16862 17078 17317 17512 17874 18221 18507 18970 19377
39980 40329 40957 41182 41398 41553 41952 42595 42968 34994 35335 35819 26913 27265 23828 23929 23715 23498 23179 22659 13994 9556 9750 9451 9463 9608 9747 9342 9532 9692 9915 10202 10319 10117 10108 10432 10775 11340 11840 12001 12263 12631 13392 13606 13711 13864 13492 13723 14112 14045 14205 14495 14686 14897 15336 15570 15887 16102 16180 16345 16693 17312 17750 18062 18422 18883 19464 19849 20382 20808
39231 39647 40028 40604 40575 40752 41099 41671 41929 33906 34257 34345 25666 26212 22639 22749 22610 22538 22366 22052 13805 9399 9485 9234 9210 9361 9382 9166 9317 9597 9867 9903 9950 9937 10035 10417 10947 11302 11723 12058 12465 12827 13262 13328 13591 13549 13380 13748 13931 14105 14416 14725 14805 15065 15245 15753 15794 16061 16314 16873 17248 18036 18746 19167 19713 20323 21012 21436 22007 22909
37971 38322 38878 39434 39306 39418 39727 40330 40944 32611 32863 32488 24070 24498 21082 21141 21102 21170 21132 21077 13435 9121 9144 8878 8781 8816 8802 8744 8994 9271 9303 9353 9469 9631 9682 10114 10402 10904 11359 11620 11989 12240 12690 12873 12996 13070 13199 13389 13822 13953 14183 14395 14538 14765 15151 15467 15698 15963 16305 16745 17253 17875 18451 18957 19499 20130 20608 21130 21879 22764
36755 37016 37749 38262 38075 38232 38544 39195 39883 31302 31470 30899 22847 23204 19902 19873 20015 20000 20111 20255 13084 8988 9023 8809 8654 8621 8608 8833 8957 9030 9133 9225 9381 9449 9687 9918 10223 10769 11234 11420 11897 11993 12438 12800 12954 13205 13471 13764 14266 14615 15080 15352 15462 15697 16216 16456 16654 16953 17217 17643 18047 18486 18811 19352 19839 20451 20769 21305 22171 22917
35418 35697 36449 36865 36700 36895 37167 37803 38355 29714 29883 29266 21747 22144 19009 19053 19141 19111 19308 19455 12637 8817 8914 8633 8533 8514 8595 8793 8857 8999 9083 9211 9245 9501 9583 9938 10242 10740 11092 11368 11849 12005 12523 12892 13127 13381 13616 13979 14527 14655 15034 15199 15458 15745 16135 16294 16533 16733 17093 17440 17858 18319 18735 19241 19741 20360 20752 21334 22046 22627
34072 34401 35026 35560 35378 35569 35804 36328 36469 28215 28342 27654 20644 21057 18124 18155 18168 18230 18400 18544 12145 8612 8761 8381 8354 8410 8492 8606 8709 8801 8927 8987 9161 9259 9428 9816 10076 10561 10976 11270 11776 12105 12594 12934 13252 13595 13814 14120 14318 14540 14940 15200 15422 15659 15914 16105 16326 16576 16843 17254 17664 18141 18638 19162 19611 20217 20659 21065 21690 22345
32860 33210 33842 34353 34109 34248 34431 34789 34833 27048 27163 26374 19766 20149 17428 17442 17477 17597 17796 17920 11820 8495 8585 8138 8160 8240 8295 8377 8508 8652 8651 8820 9035 9204 9420 9724 10079 10576 10985 11296 11857 12187 12705 13096 13329 13593 13814 13993 14274 14514 14885 15158 15379 15616 15860 16064 16226 16516 16862 17296 17723 18167 18639 19154 19618 20180 20565 21018 21616 22421
31550 31852 32538 33115 32729 32834 32869 33085 33298 25842 25954 25081 18886 19251 16716 16740 16819 16981 17162 17277 11505 8380 8413 7949 7990 8061 8102 8174 8330 8378 8553 8738 9006 9211 9518 9855 10268 10886 11418 11802 12413 12789 13384 13892 14067 14343 14588 14791 15144 15435 15874 16201 16480 16751 17119 17387 17597 17963 18389 18842 19423 20002 20524 21134 21704 22336 22774 23258 23873 24764
30203 30532 31275 31860 31263 31389 31161 31416 31640 24513 24640 23712 17945 18383 15921 15934 16061 16172 16329 16346 11045 8189 8181 7779 7816 7917 7934 8013 8096 8306 8538 8783 9038 9299 9684 10150 10652 11459 12166 12653 13458 13842 14577 15096 15273 15509 15601 15768 16183 16517 16982 17310 17546 17877 18336 18701 18944 19326 19607 20027 20658 21285 21817 22261 22923 23689 23812 24168 24903 25535
28555 28901 29662 30139 29533 29616 29183 29417 29710 22889 23021 22026 16732 17097 14874 14932 14991 15086 15186 15229 10495 7948 7964 7586 7647 7740 7736 7754 7983 8225 8584 8789 8999 9317 9751 10065 10640 11477 12111 12638 13382 13810 14435 15042 15195 15301 15537 15679 16147 16489 16940 17218 17497 17868 18308 18722 18911 19035 19395 19920 20522 21092 21508 22177 22855 23244 23478 24069 24391 24983
26918 27250 28002 28430 27833 27921 27262 27494 27838 21299 21384 20357 15511 15891 13814 13836 13900 13930 14013 14102 9908 7668 7671 7368 7412 7496 7480 7558 7772 8186 8519 8647 8963 9302 9586 10017 10595 11381 12058 12582 13322 13620 14366 15002 15079 15286 15489 15638 16208 16588 17033 17282 17524 17884 18342 18659 18661 18829 19290 19750 20352 20773 21480 22126 22495 22889 23371 23564 23772 24498
25121 25434 26138 26564 25982 26051 25157 25393 25722 19509 19472 18543 14158 14461 12644 12688 12653 12651 12780 12913 9226 7325 7388 7084 7121 7208 7224 7300 7713 8102 8349 8573 8920 9079 9492 9913 10432 11222 11912 12429 13092 13477 14236 14839 14989 15171 15392 15584 16135 16498 16919 17158 17424 17776 18132 18359 18381 18643 19026 19443 19918 20629 21318 21622 22024 22681 22744 22823 23133 23928
23600 23863 24614 25160 24422 24540 23359 23538 23920 17943 17783 16958 12994 13388 11646 11699 11588 11619 11752 11799 8621 7023 7072 6821 6867 6968 7026 7267 7639 7978 8319 8527 8771 9062 9495 9964 10526 11404 12142 12680 13378 13809 14668 15323 15477 15728 15832 15875 16206 16513 16935 17224 17503 17638 17918 18090 18271 18509 18876 19125 19916 20644 21001 21325 22015 22177 22159 22313 22767 23467
22143 22451 23219 23690 22900 22944 21573 21799 22145 16369 16044 15268 11771 12170 10581 10622 10427 10471 10564 10612 8006 6722 6744 6606 6664 6818 7070 7390 7762 8195 8600 8885 9219 9588 10050 10547 11136 11940 12643 13163 13895 14209 14972 15601 15591 15627 15668 15676 16188 16551 16956 17187 17244 17390 17634 17977 18136 18349 18616 19121 19820 20303 20688 21332 21414 21530 21647 21993 22387 23166
20478 20810 21534 21982 21197 21142 19663 19898 20150 14755 14306 13606 10553 10888 9511 9600 9261 9248 9340 9436 7363 6414 6477 6372 6499 6819 7082 7324 7760 8236 8641 8918 9284 9619 10046 10517 11071 11897 12578 13072 13734 14132 14920 15522 15402 15399 15486 15656 16195 16500 16874 16910 16965 17139 17517 17836 17953 18022 18479 18998 19538 19924 20616 20653 20720 21035 21274 21527 21915 22733
18997 19298 20039 20681 19687 19559 17946 18075 18397 13303 12732 12097 9441 9745 8529 8675 8186 8148 8256 8289 6774 6125 6141 6217 6492 6902 7237 7488 7996 8560 9071 9372 9757 10199 10782 11353 12033 13060 13875 14265 14508 14665 15295 15979 15261 15294 15563 15773 16375 16638 16727 16746 16798 17081 17435 17712 17676 17963 18448 18789 19215 19928 20072 20083 20375 20705 20883 21107 21615 22480
17527 17799 18742 19052 18137 17988 16247 16338 17023 11849 11152 10570 8308 8547 7454 7648 6937 6855 6891 6921 6010 5680 5960 6126 6586 7024 7434 7772 8407 9120 9772 10152 10667 11255 11966 12228 12660 13423 13682 13769 14149 14331 15204 15558 15136 15306 15629 15751 16347 16297 16512 16513 16680 16899 17257 17298 17512 17792 18204 18326 19063 19336 19440 19698 19984 20276 20466 20823 21333 22196
16056 16461 17150 17260 16583 16433 14581 14928 15065 10344 9505 8968 7106 7289 6296 6446 5561 5453 5350 5366 5089 5323 5775 6107 6513 6982 7513 7856 8460 9195 9760 10224 10853 11227 11542 11892 12252 12759 13099 13382 13736 14103 14691 14988 15242 15328 15475 15646 15907 16036 16245 16315 16415 16607 16747 16955 17237 17446 17699 18037 18370 18655 19027 19267 19513 19764 20142 20488 20993 21679
15074 15414 15926 16097 15601 15397 13491 13822 13747 9507 8502 7896 6324 6342 5618 5672 4872 4808 4699 4788 5196 5948 7071 8160 9374 10682 12073 13097 14397 15772 16925 17950 19115 19739 20302 20685 21102 21483 21718 22158 22558 23384 24197 24648 25581 26441 27175 27869 28236 28785 29431 30086 30723 31283 31573 32055 32593 33033 33393 33772 33977 34238 34517 34783 34966 35111 35595 35909 36134 36479
14560 14872 15391 15562 15042 14808 12956 13292 13274 9143 7953 7134 5739 5712 5116 5151 4560 4546 4566 4899 5506 6433 7817 9152 10575 12068 13623 14862 16388 17889 19100 20220 21522 22166 22869 23353 23828 24285 24603 25148 25614 26524 27410 27968 29012 29948 30701 31435 31864 32627 33469 34229 35037 35763 36184 36808 37522 38125 38631 39126 39517 39865 40258 40626 40916 41141 41785 42241 42584 43069
13880 14139 14720 14846 14318 14047 12265 12590 12845 8651 7356 6385 5183 5196 4726 4726 4366 4409 4613 5177 5934 6860 8257 9575 10920 12301 13691 14867 16328 17782 19021 20135 21408 22126 22897 23419 23883 24408 24797 25348 25817 26582 27466 28043 28931 29828 30607 31367 32017 32837 33683 34317 35089 35865 36374 37079 37800 38394 38978 39519 40106 40574 41099 41489 41871 42192 42921 43525 43832 44014
13012 13257 13804 14011 13474 13142 11421 11797 12043 7954 6630 5618 4637 4690 4395 4370 4197 4298 4689 5345 6236 7252 8718 10126 11527 12930 14349 15622 17092 18411 19492 20549 21723 22363 23128 23738 24231 24772 25194 25748 26306 27043 27919 28562 29501 30480 31412 32261 33076 34048 35020 35747 36610 37477 38093 38842 39671 39966 40270 40961 41656 42217 42834 43030 42937 42952 43299 43298 43324 43485
11979 12175 12754 12904 12484 12080 10485 10843 10935 7177 5906 4928 4170 4282 4126 4105 4073 4396 4952 5782 6818 7896 9360 10745 11964 13188 14407 15596 16936 18215 19350 20444 21576 22303 23155 23788 24323 24906 25325 25865 26418 27139 27987 28616 29540 30481 31417 32329 33225 34234 35251 36017 36961 37852 38492 39103 39219 39511 40352 41038 41712 42337 42560 42521 42479 42562 42614 42625 42718 42948
10825 11037 11478 11806 11371 10885 9449 9756 9583 6299 5130 4253 3741 3903 3871 3896 4087 4479 5105 5954 6994 8019 9335 10578 11844 13049 14299 15495 16820 18104 19259 20391 21481 22276 23104 23789 24309 24848 25286 25754 26431 27121 27901 28615 29452 30385 31440 32291 33164 34154 35203 36025 36918 37766 38347 38314 38649 39433 40234 40900 41661 41884 41873 41928 41924 42213 41877 41892 42094 42397
9688 9829 10335 10668 10222 9693 8445 8614 8369 5609 4594 3857 3523 3690 3701 3939 4296 4890 5811 7017 8304 9466 10837 12090 13391 14575 15808 17060 18397 19693 20904 22038 23130 24069 25099 25936 26612 27343 27909 28517 29384 30103 30560 30762 31103 32074 33228 34178 35117 35999 36781 37122 37866 37862 37679 37772 38518 39290 40112 40919 41439 41262 41242 41417 41554 41819 41298 41339 41621 42191
8449 8639 9087 9328 8927 8388 7320 7537 7036 4863 4038 3483 3345 3523 3731 3973 4346 4957 5855 7002 8367 9657 11078 12469 13918 15251 16658 18046 19491 20930 22247 23548 24769 25804 26881 27796 28550 29257 28797 28851 29272 29738 29902 30288 31125 32286 33641 34426 34927 35521 36193 36846 37025 36911 37057 37509 38245 38968 39994 40498 40856 40523 40526 40900 41009 41206 40661 40774 41217 41815
7154 7402 7666 7942 7557 7051 6179 6407 5791 4187 3600 3256 3233 3576 3899 4294 4835 5596 6613 7843 9247 10554 11891 13259 14701 16024 17459 18848 20282 21792 23149 24521 25805 26932 28040 29070 29240 28774 28214 28280 28804 29098 29336 30104 31207 32214 33279 33820 34270 34749 35706 35928 35891 36207 36764 37160 37741 38695 39389 39916 39998 39745 39846 40270 40306 40436 40065 40267 40830 41675
5789 5986 6199 6441 6139 5711 5003 5102 4573 3573 3232 3108 3357 3751 4327 5023 5739 6683 7817 9178 10894 12679 14588 16433 18442 19985 21478 22786 24117 25496 26672 27733 28808 28847 28797 28490 28358 28025 27590 27676 28078 28582 29123 30169 31065 31766 32572 33061 33471 34175 34739 34775 35181 35917 36401 36646 37422 38009 38644 39354 39072 38971 39082 39656 39473 39549 39484 39721 40546 41034
4618 4843 5053 5030 4936 4652 4122 4255 3711 3137 3000 3138 3590 4196 5006 5992 6872 7973 9209 10653 12417 14109 15407 16683 18049 19449 21016 22118 23432 24789 25942 27093 27533 27419 27345 27214 27257 27025 26727 26840 27161 27869 28877 29593 30281 30760 31511 31967 32647 33031 33299 33730 34535 35273 35519 36036 36539 37094 38020 38129 37937 38016 38426 38604 38535 38604 38803 39445 39863 40305
3448 3706 3678 3874 3848 3707 3400 3420 2932 2737 2896 3214 3810 4708 5755 7036 8121 9417 10648 11380 12202 13297 14684 15853 17295 18742 20220 21196 22434 23783 25095 25636 25904 25821 25788 25954 26178 25871 25758 25867 26314 27351 28232 28679 29288 29713 30391 31032 31512 31676 32306 33063 33750 34359 34733 35073 35684 36459 36782 36752 36907 37210 37457 37724 37585 37748 38385 38663 39009 39241
2572 2795 2762 2946 2963 2873 2711 2735 2592 2739 2991 3456 4153 5098 6239 7612 8768 9523 10149 10740 11638 12792 14134 15306 16711 18049 19472 20350 21674 23085 23701 24082 24366 24412 24539 24878 24901 24779 24867 25115 25654 26610 27389 27627 28229 28796 29536 30257 30483 30945 31579 32323 32939 33709 33916 34341 35152 35568 35715 35985 36178 36341 36673 36932 36758 37282 37815 38138 38276 38731
1856 1954 2058 2351 2239 2231 2241 2368 2739 3119 3678 4395 5214 6087 6837 7682 8221 8944 9555 10241 11137 12241 13629 14729 16025 17293 18659 19614 20971 21693 22232 22604 22983 23195 23560 23662 23704 23927 24124 24539 24960 25727 26393 26644 27397 28015 28848 29312 29854 30343 30902 31553 32344 32905 33185 33820 34369 34576 35042 35302 35348 35673 36089 36011 36395 36775 37381 37521 37850 38235
1292 1364 1742 1845 1843 2056 2009 2335 2732 3146 3769 4467 5045 5749 6471 7236 7904 8524 9152 9821 10670 11718 13020 14130 15396 16649 17980 19055 19748 20396 20967 21448 21961 22376 22557 22734 23033 23331 23637 24097 24451 24874 25676 25996 26759 27548 28017 28615 29272 29797 30354 31057 31578 32110 32543 33095 33629 34047 34521 34469 34716 35179 35328 35707 36008 36342 36681 36996 37351 37739
1014 1180 1475 1567 1786 1811 2115 2546 2935 3359 4069 4907 5645 6506 7426 8502 9416 10184 10883 11538 12226 13079 14185 15043 16042 17065 18045 18516 19166 19852 20507 21004 21695 21847 22217 22610 22870 23231 23666 24035 24137 24729 25438 25929 26680 27121 27773 28569 29122 29600 30183 30694 31363 31779 32355 32752 33389 33919 34059 34178 34590 34987 35307 35655 35936 36165 36726 36972 37366 37487
863 1017 1266 1560 1583 1812 2123 2653 3050 3645 4540 5577 6465 7501 8516 9549 10291 10806 11321 11830 12567 13477 14551 15348 16012 16907 17739 18156 18794 19574 20168 20760 21239 21604 22025 22437 22692 23180 23673 23884 24047 24529 25501 25932 26411 27086 27741 28468 29170 29649 29968 30700 31230 31626 32153 32532 33250 33616 33909 34135 34357 35225 35469 35647 35806 36269 36760 37042 37306 37269
731 846 1241 1383 1572 1775 2132 2575 3132 3758 4679 5745 6601 7548 8426 9357 10043 10638 11193 11856 12503 13312 14295 14886 15694 16498 17322 17744 18489 19188 19861 20328 20996 21375 21784 22207 22536 23103 23449 23777 23826 24489 25342 25493 26121 26919 27429 28245 28967 29216 29861 30466 30968 31251 31788 32346 32847 33356 33781 33830 34403 35046 35231 35445 35803 36069 36627 36760 37103 37278
634 818 1106 1515 1834 2157 2687 3301 3763 4359 5170 6051 6737 7490 8247 9067 9842 10391 11002 11659 12309 13046 13875 14613 15348 16169 17006 17497 18129 18893 19538 20154 20741 21028 21520 21996 22296 22835 23282 23555 23775 24333 24867 25340 26044 26703 27226 28039 28564 29051 29752 30265 30620 30911 31595 31951 32633 33180 33483 33799 34124 34813 35031 35490 35645 35909 36304 36552 37037 37093
479 642 1227 1670 1942 2227 2624 3166 3766 4325 5134 6048 6692 7480 8170 8989 9746 10364 11004 11683 12278 12979 13824 14523 15290 16102 16924 17420 18091 18856 19535 20040 20554 20960 21457 21889 22250 22839 23212 23521 23752 24235 24931 25366 25884 26508 27057 27783 28458 28909 29553 30048 30498 30877 31447 31907 32470 32951 33423 33711 34093 34751 34990 35310 35530 35826 36224 36515 36930 37132
298 703 1506 1990 2266 2592 2884 3304 3956 4618 5606 6808 7724 8795 9729 10813 11728 12565 13407 14282 15016 15904 17080 17965 18989 20062 21161 21900 22912 23981 25005 25715 26394 27005 27683 28236 28748 29542 30076 30583 30921 31572 32724 33310 33893 34507 35028 35650 36323 36754 37248 37734 38335 38963 39623 40327 41045 41465 41977 42249 42815 43591 43979 44186 44436 44809 45441 45853 46256 46645
