46091 34911 34579 34413 34502 34646 30750 31003 26389 26667 26945 25954 25922 26269 26328 26514 26664 26665 26808 26759 26933 27212 27648 28166 28729 29311 29906 30531 31172 31862 32532 33265 34070 34772 35473 36065 36476 37028 37722 38466 39287 40215 41082 41853 42234 42664 42879 43211 43826 43890 44263 44020 44075 44031 44325 44466 44723 44924 45133 45389 45733 43317 43382 40002 40433 40620 40427 39824 39817 40032
45524 34683 34467 34133 34305 34490 30403 30486 26208 26445 26680 25818 25905 26045 26247 26533 26678 26460 26482 26545 26730 27207 27657 28357 29098 29758 30206 30906 31648 32347 32926 33474 34112 34648 35312 35774 36262 36937 37589 38408 39320 40245 41012 41568 42085 42424 42706 43207 43449 43693 43839 43657 43715 43901 44064 44396 44677 44862 45130 45370 45612 43090 43081 39777 40060 40228 40356 39655 39846 39722
45067 34477 34357 34000 34250 34390 30143 30240 26069 26348 26594 25748 25840 26120 26400 26483 26551 26279 26453 26340 26649 27072 27663 28383 29056 29474 30149 30829 31479 32133 32691 33274 33901 34450 34967 35427 35952 36684 37440 38463 39434 40205 40810 41485 41954 42164 42585 42890 43417 43233 43355 43308 43611 43715 43972 44245 44977 44923 44995 45189 45457 42922 43010 39635 39857 40136 40259 39570 39624 39537
44608 34366 34216 33768 33896 34345 29701 29632 25765 25883 26098 25525 25732 25961 26032 26051 26257 26012 26077 26183 26544 27172 27691 28259 28696 29337 30010 30613 31221 31849 32432 33048 33714 34209 34685 35116 35583 36286 37063 37973 38742 39542 40176 40904 41374 41716 42028 42379 42524 42482 42677 42856 43138 43216 43386 44084 44456 44385 44437 44788 45111 42481 42544 39280 39493 39936 39884 39254 39346 39368
43865 34206 34059 33620 33823 33844 29217 29252 25528 25714 25940 25415 25583 25674 25681 25826 25939 25734 25848 25911 26396 26955 27435 27842 28474 29115 29762 30372 31020 31684 32344 33001 33677 34218 34760 35269 35800 36416 36925 37665 38412 39204 39911 40610 41105 41443 41720 41861 41869 41918 42376 42582 42872 42756 43201 43672 44045 43905 44065 44392 44593 42059 42167 38908 39227 39446 39452 38963 39123 39053
43381 33985 33970 33513 33541 33689 28909 28830 25354 25545 25794 25320 25445 25407 25478 25712 25619 25551 25604 25988 26332 26823 27129 27720 28357 28993 29613 30263 30932 31661 32331 32992 33682 34218 34777 35239 35632 36151 36696 37448 38226 39066 39790 40473 40963 41241 41323 41347 41453 41890 42246 42520 42475 42784 43105 43509 43601 43750 43933 44109 44171 41799 41864 38644 38826 39133 39185 38742 38760 38815
42821 33778 33835 33383 33420 33420 28668 28876 25308 25523 25794 25229 25191 25443 25494 25484 25492 25479 25667 25811 26095 26483 27026 27623 28262 28865 29498 30156 30869 31640 32342 33055 33821 34466 35124 35625 36057 36609 37252 38054 38866 39701 40147 40463 40809 40950 40993 41089 41540 41740 42336 42270 42581 42897 43098 43229 43596 43696 43726 43812 43947 41577 41615 38505 38772 38974 39185 38607 38557 38777
42394 33695 33632 33084 33177 33253 28468 28494 25226 25414 25661 25094 25216 25364 25497 25404 25403 25459 25561 25669 25884 26520 27124 27790 28485 29172 29857 30536 31203 31911 32555 33201 33877 34404 34980 35469 35914 36501 37112 37901 38670 39261 39608 40209 40492 40566 40569 40922 41222 41610 41949 42311 42780 42752 42886 43410 43665 43500 43535 43705 43801 41337 41424 38376 38664 39034 38998 38469 38533 38550
41756 33500 33505 32941 32898 32998 28142 28197 25116 25294 25386 25001 25057 25406 25276 25162 25301 25322 25336 25282 25776 26430 27028 27693 28376 29036 29731 30399 31104 31821 32482 33125 33823 34407 35051 35653 36276 36750 37306 37883 38434 38876 39471 39909 40066 40147 40434 40705 41074 41318 42055 42319 42381 42411 42758 43111 43316 43159 43182 43266 43530 41029 40996 38131 38440 38619 38645 38216 38243 38414
41154 33384 33353 32733 32653 32879 27824 27735 24940 25088 25130 24928 25037 25147 25003 25121 25079 25119 25090 25390 25935 26536 27043 27768 28542 29266 30012 30664 31336 32041 32733 33382 34086 34680 35234 35684 35972 36517 36953 37499 37884 38572 39021 39388 39605 39913 40004 40450 40737 41247 41898 41926 42092 42326 42520 42826 43095 42850 42850 43080 43242 40769 40747 37895 38099 38339 38600 38060 38132 38484
40576 33106 33007 32450 32717 32754 27619 27472 24827 24953 25177 24770 24833 24884 25067 25050 24947 24932 25007 25314 25633 26278 26994 27800 28600 29339 29924 30560 31258 32105 32809 33456 34121 34572 35077 35395 35799 36241 36621 37029 37634 38180 38641 39098 39480 39603 39889 40388 40929 41235 41661 42012 42359 42576 42809 43288 43687 42698 42825 42980 43195 40551 40554 37715 38010 38284 38376 37918 38123 38093
39863 32863 32850 32234 32436 32310 27146 27032 24583 24775 24995 24653 24643 24806 24750 24645 24703 24668 25007 25090 25583 26229 26871 27624 28382 28927 29544 30186 30988 31778 32440 33067 33684 34155 34579 35014 35340 35755 36059 36736 37262 37904 38381 38901 39156 39382 39780 40255 40744 40939 41586 41807 42153 42255 42630 43028 43502 42366 42376 42523 42669 40207 40216 37443 37741 37999 38056 37689 37784 37866
39411 32759 32698 31967 32052 32181 26873 26512 24422 24575 24752 24517 24554 24807 24474 24478 24492 24695 24852 25193 25752 26571 27196 27601 28182 28770 29407 30168 30922 31646 32271 32855 33457 33845 34319 34617 34826 35079 35551 36117 36707 37382 37968 38495 38919 39307 39591 40036 40467 40921 41545 41754 42007 42266 42600 43046 43371 42092 42146 42264 42403 39924 39889 37199 37502 37679 37739 37486 37559 37841
38638 32488 32461 31724 31871 31896 26549 26168 24294 24458 24651 24381 24500 24478 24294 24392 24551 24630 24740 25047 25664 26350 26672 27229 27819 28431 29187 29932 30642 31352 31965 32518 33087 33541 33987 34326 34542 35021 35476 36101 36719 37471 38071 38614 39002 39391 39738 40130 40528 40956 41484 41699 42027 42340 42646 43096 43545 41912 41879 42055 41954 39663 39587 36982 37158 37349 37603 37250 37386 37404
38065 32260 32309 31552 31626 31755 26303 25976 24256 24337 24390 24261 24414 24306 24198 24533 24664 24557 24580 25006 25479 25851 26344 26904 27548 28276 29007 29690 30372 31085 31663 32196 32826 33271 33715 34024 34371 34806 35242 35918 36624 37371 37961 38547 39015 39406 39843 40179 40551 41051 41625 42017 42222 42641 43073 43589 44109 41691 41610 41794 41523 39406 39224 36829 36982 37228 37334 37047 37125 37171
37405 32005 32098 31344 31383 31566 25965 25849 24154 24101 24285 24118 24186 24115 24227 24465 24585 24469 24713 24935 25083 25593 26071 26660 27410 28106 28755 29391 30062 30778 31366 31975 32601 33033 33490 33944 34297 34748 35288 36107 36901 37779 38422 39047 39337 39574 39787 40061 40453 40865 41557 41874 42108 42552 43008 43497 44075 41446 41199 41309 41003 39040 38832 36659 36894 37070 37193 36831 36882 37034
36724 31803 31859 31004 31121 31140 25559 25578 24021 24146 24255 24017 23994 24176 24386 24410 24390 24526 24683 24591 24852 25396 25920 26644 27364 27977 28598 29221 29902 30590 31206 31802 32442 32925 33480 33957 34446 35116 35859 36710 37399 38006 38525 38997 39357 39552 39786 40356 40995 41530 42239 42631 43121 43479 43683 43964 44075 41159 40881 40973 40576 38645 38415 36453 36738 36938 37053 36644 36697 36860
36019 31654 31647 30705 30833 30750 25181 25220 23878 23951 24077 23920 23927 24216 24420 24241 24341 24441 24588 24318 24681 25209 25834 26526 27178 27749 28360 28969 29599 30293 30893 31469 32108 32602 33196 33777 34387 35198 35969 36604 37149 37819 38304 38843 39135 39370 39825 40613 41303 41372 42325 42646 43056 43216 43405 43529 43635 40865 40496 40578 40057 38318 38107 36257 36539 36711 36794 36464 36568 36643
35227 31477 31331 30231 30188 30149 24583 24526 23491 23633 23712 23760 23829 24005 23927 23913 24020 24094 24116 24111 24472 25054 25609 26246 26886 27431 28049 28570 29201 29864 30444 31020 31638 32161 32782 33358 33998 34728 35219 35848 36455 37172 37724 38308 38753 39100 39635 40299 40653 41143 42047 42294 42627 43015 42713 42761 42881 40311 39883 39980 39298 37795 37688 35846 36141 36273 36316 36176 36278 36361
34647 31299 31038 29954 29868 29924 24271 24176 23322 23555 23718 23682 23754 23925 23697 23791 23880 23954 23981 24317 24772 25382 25781 26267 26845 27423 27950 28512 29145 29821 30449 31017 31673 32236 32895 33440 33897 34421 34925 35546 36201 36906 37544 38174 38682 39137 39559 40003 40479 41078 41828 42239 42579 42878 42235 42289 42387 40024 39513 39614 38797 37432 37469 35591 35843 36001 36030 36045 36033 36069
34089 31097 30799 29750 29668 29742 24053 23963 23283 23441 23713 23580 23667 23684 23625 23870 23879 23906 24001 24309 24728 25195 25647 26188 26788 27286 27827 28421 29056 29779 30368 30970 31661 32244 32920 33526 34103 34694 35359 36180 36991 37760 38435 39163 39699 40122 40618 41017 41611 42099 42845 43407 44045 42452 41832 41966 42093 39823 39220 39361 38436 37172 37249 35468 35665 35815 35942 35893 35994 35811
33501 30833 30612 29519 29271 29243 23654 23610 23079 23188 23573 23396 23460 23432 23491 23600 23730 23730 23879 24144 24450 24853 25293 25808 26351 26845 27397 27940 28581 29261 29856 30487 31217 31834 32559 33254 33817 34545 35278 36123 36910 37707 38373 39070 39576 40018 40508 41002 41518 42130 42956 43437 43982 41901 41277 41423 41467 39470 38772 38919 37920 36896 36960 35343 35519 35704 35955 35685 35747 35667
32910 30569 30320 29220 28873 28826 23336 23518 22944 23305 23534 23208 23212 23411 23373 23517 23599 23710 23678 23796 23975 24422 24880 25370 25936 26437 26955 27499 28107 28805 29448 30115 30887 31565 32379 33077 33765 34585 35442 36329 37214 38111 39003 39910 40674 41385 42035 42697 43349 43849 43950 43737 43444 41376 40820 40948 40846 39135 38389 38463 37476 36590 36678 35228 35474 35743 35629 35462 35447 35516
32413 30333 30124 28978 28583 28519 23113 23247 22825 22982 23318 23002 23004 23184 23339 23447 23611 23522 23468 23378 23688 24185 24644 25153 25698 26181 26699 27242 27872 28573 29222 29908 30663 31335 32123 32896 33672 34594 35538 36649 37725 38844 39802 40736 41342 41790 42277 42830 43290 43182 43733 43249 42849 40954 40429 40438 40640 38854 38062 38089 37121 36401 36411 35109 35392 35442 35350 35271 35323 35468
32068 30213 29950 28676 28234 28266 22881 22803 22700 23068 23141 22901 23126 23463 23305 23528 23520 23422 23218 23584 24138 24876 25484 26248 27083 27884 28707 29540 30416 31310 32075 32754 33463 34115 34890 35583 36318 37182 37845 38530 39339 40117 40925 41758 42610 43366 44243 44956 42723 43042 43258 42906 42497 40619 40100 40213 40231 38613 37857 38029 36893 36195 36203 34999 35216 35486 35208 35225 35538 35678
31552 29800 29578 28514 28090 27957 22630 22532 22450 22667 22718 22630 22945 23116 23066 23323 23165 23131 23145 23646 24180 24763 25570 26440 27393 28322 29281 29848 30829 31902 32855 33754 34696 35516 36409 37175 37864 38583 39132 39714 40353 40958 41551 42207 42850 43449 44125 44316 42052 42298 42328 42091 41927 40022 39483 39627 39606 38293 37382 37555 36393 35887 35927 34764 34984 35127 34938 35198 35349 35553
30923 29384 29276 28346 27886 27519 22282 22429 22214 22272 22407 22511 22719 22938 22884 22851 22894 23007 23201 23570 23960 24892 25790 26725 27635 28331 28867 29793 30862 32021 33099 34190 35370 36465 37679 38859 39969 41159 42276 43490 44575 45675 46510 46880 44763 43635 43752 43876 41548 41518 41769 41363 41380 39432 38884 38975 39247 37976 36928 37001 35880 35606 35594 34596 34775 34716 34956 35005 35278 35337
30472 29026 28871 27877 27387 27131 21994 22307 21968 22024 22231 22418 22701 22802 22714 22642 22781 22882 23138 23323 24085 25019 25965 26665 27489 27975 28944 29933 31041 32228 33365 34538 35790 36956 38199 39445 40556 41614 42536 43648 44651 45574 46005 45979 44201 43183 43224 43352 41060 40968 41325 40932 40990 39022 38607 38770 39000 37684 36702 36785 35640 35371 35467 34483 34633 34657 34843 34977 35136 35081
30115 28738 28562 27435 26840 26722 21723 21857 21695 21614 22079 22357 22473 22749 22451 22452 22628 22675 22823 23526 24024 25008 25672 26447 27048 28022 29122 30253 31524 32843 34078 35233 36343 37318 38319 39352 40269 41196 42137 43256 44176 45043 44776 44777 43419 42557 42613 42723 40445 40655 41048 40562 40442 38700 38350 38526 38749 37318 36472 36591 35415 35168 35242 34332 34471 34461 34752 34798 34861 34958
29484 28271 27975 26805 26227 26157 21330 21556 21341 21598 21914 21989 22367 22688 22222 22255 22473 22377 22803 23036 23681 24434 25209 25774 26872 27921 29047 30197 31456 32786 33951 34992 36128 37131 38230 39302 40182 41145 42060 43085 43931 44115 43845 43862 42865 42093 42107 42223 39983 40148 40402 40047 39935 38200 37970 38139 38367 36867 36155 36235 35123 34777 34919 34103 34278 34250 34474 34413 34488 34559
28911 27706 27415 26139 25553 25517 20888 20922 21210 21252 21476 21798 22250 22304 21912 22005 22033 22222 22234 22691 23146 24014 24597 25648 26811 27898 29032 30175 31437 32663 33662 34715 35852 36924 38021 39042 39947 40883 41710 42677 42865 43070 42747 42747 42177 41485 41604 41759 39502 39631 39830 39499 39329 37666 37565 37740 37985 36330 35827 35963 34842 34396 34385 33839 33980 33984 34162 33994 34116 34402
28315 27270 26930 25695 25167 25025 20544 20878 20994 21149 21491 21862 21967 22252 21755 21723 22035 21937 22124 22319 22838 23481 24503 25616 26809 27907 29043 30179 31355 32468 33565 34640 35945 37162 38406 39265 40447 41573 41774 41964 42165 42251 41985 42001 41699 41095 41191 41258 39177 39034 39081 38967 39350 37267 37245 37496 37712 36046 35592 35727 34602 34153 34262 33706 33846 33938 33867 33760 34024 34145
27952 26965 26694 25347 24643 24495 20172 20562 20588 20729 21516 21489 21801 21808 21339 21508 21744 21548 21822 22018 22471 23475 24706 25967 27297 28261 29211 30116 31176 32325 33387 34739 36098 37192 37989 39134 40065 40988 40310 40584 40711 40737 40613 40906 40715 40333 40502 40369 38455 38524 38446 38966 38672 36949 36852 37098 37336 35593 35259 35430 34258 33956 34171 33477 33571 33622 33480 33569 34003 33935
27487 26202 26112 24753 23912 23598 19495 19816 19721 20295 20760 20707 20948 21625 20550 20651 20823 20893 21125 21405 22236 23462 24673 25888 26923 27863 28782 29776 30912 32035 33417 34767 35896 36708 37745 38526 39147 39595 38577 38658 38796 38801 39015 39233 39350 39125 39222 39163 37469 37609 37894 38482 37664 36211 35980 36242 36411 34706 34567 34716 33650 33416 33516 32867 32811 32891 32880 33139 33414 33474
26997 25619 25665 24316 23489 22945 19063 19103 19360 19726 20070 20126 20783 21419 20028 20156 20294 20554 20627 21201 22289 23502 24646 25560 26583 27475 28457 29498 30574 32170 33491 34490 35329 36270 37055 37659 37996 38227 37154 37222 37307 37517 37672 38024 38063 37962 38030 38015 36589 36989 37519 37722 36802 35641 35385 35744 35781 34169 34060 34282 33251 33148 33248 32547 32410 32471 32686 32902 33110 33352
26101 24898 24983 23700 22979 22115 18506 18722 18967 19155 19385 19877 20529 21064 19590 19677 19917 20228 20108 20843 21749 22945 23854 24769 25769 26697 27733 28690 30238 31694 32781 33556 34625 35397 36138 36671 36964 36964 36074 36125 36383 36542 36806 37006 37066 36947 37116 36991 35843 36330 36675 36752 35904 34896 34727 35010 35043 33577 33436 33624 32718 32747 32822 32207 32094 32070 32292 32488 32771 33034
25336 24077 24131 22958 22373 21349 17994 18236 18312 18471 19047 19548 20121 20647 19084 19214 19526 19553 19777 20359 21213 22179 23106 24011 25079 26068 27028 28440 29853 31076 31948 32957 33808 34498 35112 35686 35508 35563 34863 35083 35309 35577 35716 35979 35955 35936 36018 35788 35032 35350 35604 35636 35010 34126 34047 34238 34357 32941 32835 33012 32262 32301 32466 31799 31633 31630 31818 32077 32337 32603
24799 23473 23466 22360 21809 20721 17606 17789 17880 18202 18886 19315 19986 20468 18744 18961 19138 19263 19414 20053 20724 21717 22623 23589 24675 25606 27006 28330 29514 30506 31563 32384 33214 33861 34506 34994 34449 34471 33852 34031 34345 34586 34796 35055 35193 35169 35226 35003 34405 34702 34827 35030 34383 33543 33499 33679 33773 32427 32414 32649 31980 31903 32081 31502 31257 31319 31517 31776 32060 32336
24257 22872 22951 21868 21335 20116 17233 17388 17546 17985 18674 19175 19794 20332 18430 18613 18866 18955 19100 19597 20333 21282 22231 23193 24194 25572 26866 27977 28925 30107 30980 31783 32565 33224 33815 33981 33410 33454 32919 33149 33449 33718 33915 34255 34390 34338 34374 34264 33773 34012 34204 34280 33756 32966 32939 33151 33206 31982 32026 32292 31677 31566 31741 31247 30938 31097 31249 31531 31851 32164
23642 22322 22336 21364 20868 19436 16804 17013 17217 17646 18472 18916 19534 20046 18045 18275 18504 18628 18605 19122 19845 20839 21782 22646 24082 25350 26436 27322 28466 29475 30349 31119 31918 32546 33136 32826 32384 32382 31925 32074 32385 32646 32907 33244 33405 33330 33417 33387 32939 33245 33349 33465 33027 32296 32256 32477 32475 31459 31505 31805 31263 31143 31317 30919 30626 30761 30932 31323 31662 31969
22909 21540 21573 20703 20245 18567 16215 16452 16631 17208 18011 18446 19026 19480 17476 17713 17963 18028 17946 18465 19238 20191 21029 22306 23641 24700 25555 26616 27575 28586 29427 30205 30949 31544 31619 31351 31042 31110 30755 30906 31257 31530 31752 32057 32217 32114 32290 32481 31935 32191 32231 32303 32047 31432 31373 31572 31625 30768 30854 31191 30720 30610 30760 30464 30154 30340 30555 30954 31327 31440
22279 20779 20835 20098 19663 17805 15702 15886 16098 16709 17524 17897 18446 18783 16901 17167 17359 17387 17323 17895 18632 19473 20715 21889 23022 23856 24877 25759 26722 27711 28581 29315 29988 30038 30051 29865 29618 29673 29443 29610 29972 30208 30442 30740 30807 30864 31257 31274 30845 31109 31098 31227 31106 30617 30541 30772 30810 30137 30239 30601 30192 30110 30276 30007 29740 29959 30213 30613 30824 31174
21522 19911 20019 19376 18971 16876 15058 15237 15479 16052 16832 17161 17624 17817 16225 16427 16610 16714 16585 17115 17740 18979 20124 21083 21998 22993 23830 24705 25636 26662 27492 28156 28717 28293 28337 28214 28058 28155 27998 28166 28495 28749 28953 29171 29392 29663 30001 29935 29611 29815 29862 30145 29995 29627 29561 29783 29835 29359 29464 29792 29525 29481 29643 29452 29294 29499 29741 29997 30487 30842
20902 19219 19350 18774 18402 16145 14576 14802 14970 15558 16258 16531 16830 16983 15690 15852 16131 16079 16000 16393 17404 18563 19498 20264 21354 22161 22991 23827 24792 25774 26533 27076 27094 26719 26741 26684 26588 26645 26569 26738 27055 27300 27467 27875 28317 28536 28757 28661 28470 28676 29002 29312 29046 28796 28782 28974 29024 28735 28816 29111 28977 29016 29192 29022 28997 29115 29302 29816 30300 30581
20256 18580 18649 18130 17797 15340 14034 14245 14553 15056 15684 15836 16019 16105 15131 15367 15504 15447 15397 16166 17109 18034 18760 19698 20593 21385 22190 23048 23968 24869 25656 25495 25518 25208 25254 25244 25216 25321 25283 25428 25744 25969 26278 26903 27317 27386 27549 27440 27327 27710 28082 28350 28069 27927 27894 28080 28123 28063 28151 28433 28475 28552 28674 28588 28583 28743 29123 29683 30027 30257
19557 17796 17883 17443 17191 14493 13457 13768 13929 14367 15053 14882 15034 15099 14537 14693 14801 14745 15016 15766 16468 17207 18124 18858 19730 20508 21320 22145 22985 23914 23983 23833 23859 23596 23684 23744 23815 23955 23946 24075 24378 24698 25236 25809 26035 26082 26220 26195 26314 26838 27066 27081 27164 27020 27006 27223 27462 27384 27459 27927 28033 28006 28115 28158 28173 28542 28935 29349 29635 29852
19045 17116 17238 16846 16636 13852 13045 13434 13262 13813 14467 14011 14114 14301 14000 14084 14122 14460 14755 15252 15778 16706 17419 18147 19022 19810 20592 21335 22202 22406 22459 22338 22362 22108 22233 22321 22358 22525 22533 22670 23066 23613 24143 24535 24811 24768 24888 25176 25489 25882 25936 26313 26245 26260 26310 26679 26836 26801 27069 27603 27577 27552 27750 27801 28030 28370 28694 29018 29312 29494
18503 16486 16546 16250 16093 13232 12618 13024 12567 13162 13523 13136 13202 13719 13381 13407 13779 14194 14326 14635 15405 16119 16812 17541 18404 19164 19866 20653 20799 20978 20993 20943 21046 20695 20851 20862 20915 21094 21139 21308 21917 22422 22775 23158 23357 23328 23717 24152 24416 24620 25083 25265 25457 25471 25719 26050 26206 26340 26705 27058 27062 27187 27327 27538 27718 28120 28343 28744 28915 29422
17893 15847 15724 15590 15514 12606 12152 12274 11817 12194 12320 12214 12540 12838 12691 13053 13427 13743 13730 14239 14789 15484 16167 16893 17733 18411 19155 19214 19331 19476 19524 19600 19722 19233 19349 19309 19359 19565 19656 20031 20573 20908 21291 21596 21803 22062 22532 22946 23090 23650 24008 24468 24659 24868 25103 25433 25748 25937 26135 26494 26656 26794 27002 27181 27426 27714 28056 28339 28774 29127
17651 15372 15276 15284 15169 12393 12031 11849 11495 11600 11730 11894 12316 12438 12658 13141 13519 13416 13600 13977 14418 15143 15832 16589 17360 18096 18114 18161 18264 18424 18556 18645 18661 18181 18213 18156 18169 18410 18665 19176 19542 19991 20384 20817 21246 21604 22032 22457 22895 23401 23952 24275 24591 25098 25575 26017 26684 27051 27410 27910 28445 28917 29491 29833 30456 30970 31403 31721 32287 32732
17124 14888 14935 15068 14622 12071 11660 11523 11314 11396 11661 11945 12407 12580 12849 13305 13733 13275 13477 13930 14439 15265 16099 16948 17917 17369 17383 17461 17594 17831 17957 17921 17924 17592 17594 17572 17567 17829 18112 18559 18976 19586 20111 20777 21307 21725 22231 22748 23331 24030 24810 25230 25596 26285 26874 27379 28191 28662 29155 29821 30452 31135 31916 32380 33034 33578 34217 34722 35438 36085
16462 14272 14492 14584 13874 11658 11205 11170 11049 11215 11511 11815 12371 12583 12758 13272 13460 13071 13196 13728 14261 15150 15944 16901 16930 16412 16441 16538 16737 17004 17122 16996 17007 16842 16894 16923 16954 17208 17368 17856 18411 19206 19990 20848 21561 22218 23047 23872 24742 25837 27043 27770 28353 29300 30044 30687 31671 32279 32935 33770 34421 35245 36133 36652 37258 37733 38485 39135 39886 40605
15809 13560 13796 13956 13011 11170 10742 10759 10669 10862 11152 11603 12180 12427 12692 12895 13034 12766 12841 13393 13960 14809 15876 15752 15774 15346 15381 15491 15687 15974 16019 15901 15944 15867 15978 16050 16095 16269 16499 17067 17824 18853 19803 20767 21611 22384 23294 24222 25186 26491 27954 28871 29626 30759 31620 32349 33391 34116 34876 35761 36468 37409 38410 39008 39759 40300 41160 41939 42732 43605
14998 12679 12964 13081 12022 10580 10196 10229 10200 10404 10799 11352 11859 12310 12285 12445 12502 12351 12353 12968 13489 14636 15422 14537 14560 14233 14275 14364 14561 14783 14764 14683 14743 14719 14904 15057 15119 15405 15809 16583 17575 18695 19730 20809 21749 22656 23675 24718 25800 27337 29021 30047 30884 32137 33034 33834 34854 35474 36274 37151 37746 38669 39651 40233 41045 41676 42612 43448 44158 44946
14024 11697 11941 12254 10986 9859 9553 9723 9634 9967 10439 10963 11557 12369 11799 11863 11861 11828 11821 12387 13209 14100 14168 13275 13289 13072 13101 13182 13310 13483 13447 13402 13484 13533 13825 14041 14288 14770 15430 16402 17481 18621 19748 20846 21829 22811 23775 24760 25817 27280 28903 29965 30817 32012 32938 33708 34620 35379 36162 36961 37608 38543 39552 40173 41072 41739 42551 43358 43951 44886
13108 10812 11189 11281 10098 9236 9004 9167 9158 9593 10127 10803 11597 12211 11344 11365 11368 11353 11339 12228 12859 13795 13081 12277 12271 12141 12164 12210 12292 12392 12370 12324 12446 12550 12899 13309 13787 14495 15388 16424 17602 18837 20090 21410 22646 23857 25028 26224 27489 29253 31146 32433 33348 34697 35811 36777 37812 38684 39632 40617 41371 42152 42701 43180 43599 44078 44960 45918 45097 45586
12060 9882 10128 10148 9252 8520 8382 8572 8605 9171 9827 10667 11146 11410 10777 10766 10754 10825 11079 11750 12429 12634 11919 11238 11209 11145 11152 11182 11222 11336 11335 11399 11571 11755 12303 12912 13584 14493 15397 16374 17519 18754 20098 21434 22744 24106 25320 26542 27833 29666 31562 32904 33981 35433 36636 37706 38784 39773 40139 40678 41052 41555 42401 42594 43218 44043 44978 45688 44484 44983
10874 8802 8948 8958 8353 7741 7673 7992 8068 8773 9646 10175 10225 10479 10104 10085 10144 10497 10482 11305 11262 11425 10787 10259 10225 10199 10193 10214 10279 10377 10449 10540 10777 11119 11862 12676 13567 14651 15747 16880 18216 19623 21241 22843 24437 26092 27554 28995 30376 32365 34256 35707 36914 37244 37783 38612 38770 39099 39641 40160 40375 41106 41700 41991 42960 43941 44627 44746 43783 44255
9710 7593 7772 7795 7509 6957 6984 7381 7433 8437 9064 9166 9091 9391 9292 9337 9683 9812 9956 10416 10041 10114 9685 9354 9324 9321 9331 9411 9487 9632 9725 9876 10206 10693 11576 12515 13502 14937 16405 17937 19672 21511 23499 25444 27324 29190 30896 32316 33003 34047 35459 35801 35753 36536 37446 37673 37990 38543 39074 39422 39909 40345 40980 41593 42653 43505 43660 43609 43004 43434
8514 6380 6501 6476 6449 6088 6160 6668 6903 7739 8031 8054 7985 8257 8366 8702 8916 9124 9234 9818 9097 9158 8918 8761 8767 8784 8840 8931 9032 9167 9270 9513 9934 10477 11413 12305 13514 15070 16677 18432 20429 22500 24719 26864 28838 29972 30622 31208 31904 33323 34222 34324 34771 35909 36364 36575 37196 37717 38148 38662 38879 39404 40349 40964 41972 42616 42433 42406 42159 42533
7436 5058 5077 5273 5478 5224 5289 6018 6017 6634 7058 6862 6827 7199 7580 7806 8114 8311 8867 8745 8329 8328 8291 8333 8388 8454 8504 8584 8651 8778 8948 9266 9656 10141 10954 11940 13184 14833 16602 18545 20575 22669 24764 26781 27986 28676 29265 29944 31091 31993 32621 33234 34067 34767 35294 35699 36306 36750 37400 37597 37910 38815 39650 40147 41060 41645 41222 41241 41270 41779
6618 4116 4103 4411 4541 4401 4560 5604 5247 5823 6203 5987 6095 6500 6844 7111 7521 7854 8115 8048 7897 8050 8190 8274 8326 8398 8457 8538 8617 8747 8915 9225 9621 10105 10933 11911 13166 14801 16550 18449 20448 22547 24627 26163 27031 27736 28430 29405 30403 31009 31979 32864 33360 33933 34659 35021 35499 36308 36696 36890 37576 38298 38989 39300 40173 40617 40333 40589 40797 41298
5770 3274 3387 3597 3604 3665 4265 4697 4533 5141 5274 5389 5517 5821 6167 6598 7095 7191 7534 7605 7756 8175 8548 8861 9138 9340 9575 9836 10205 10668 11114 11652 12301 13042 14155 15396 16879 18238 19256 20405 21632 22910 24151 25326 26203 26981 27960 28814 29585 30454 31692 32234 32619 33367 34022 34277 35171 35656 36032 36532 37167 37827 38229 38506 39239 39575 39844 40200 40447 40737
4823 2388 2502 2633 2740 3303 3577 3792 3988 4401 4679 4768 4958 5228 5646 6117 6407 6731 7100 7400 7700 8230 8610 9044 9463 9844 10273 10712 11230 11814 12334 12871 13503 14070 14857 15605 16421 17421 18499 19708 20910 22219 23417 24611 25541 26395 27251 28010 28861 29776 30858 31324 31801 32656 33098 33665 34433 34852 35462 35994 36622 37134 37519 37822 38530 39059 39505 39804 40003 40350
3926 1999 2077 2266 2648 2924 3269 3690 3869 4285 4522 4642 4786 5210 5670 5957 6359 6721 7156 7331 7703 8175 8619 9090 9539 9939 10377 10800 11281 11805 12307 12849 13472 14064 14825 15646 16602 17856 19218 20753 22239 23508 24629 25503 26085 26575 27134 27923 28847 29553 30551 31031 31688 32251 32804 33457 34172 34717 35233 35771 36426 36901 37323 37755 38456 39064 39525 39725 39978 40259
3288 1794 1861 2219 2470 2800 3074 3620 3740 4090 4465 4572 4826 5253 5839 6184 6526 6843 7295 7303 7640 8266 8855 9481 10072 10586 11155 11690 12316 12992 13645 14318 14941 15445 16110 16751 17476 18547 19660 20815 21920 23177 24115 25067 25720 26305 26933 28044 29012 29856 31087 31793 32562 33163 33848 34641 35575 36370 36918 37628 38483 39058 39586 39906 40788 41294 41785 42175 42563 42789
2531 1447 1656 1786 2215 2475 2849 3378 3518 3987 4314 4571 4786 5307 5813 5971 6385 6769 7039 7146 7675 8355 9001 9605 10190 10705 11324 11877 12485 13090 13624 14156 14711 15213 15805 16400 17195 18269 19324 20538 21733 22807 23771 24734 25475 26044 26920 27949 28915 29770 31096 31590 32349 33046 33714 34528 35597 36190 36870 37606 38375 38935 39346 39846 40533 41105 41799 42090 42373 42746
1858 1152 1258 1595 1996 2350 2675 3148 3340 3841 4263 4443 4757 5222 5621 5787 6300 6609 6899 7158 7725 8368 8920 9535 10139 10711 11308 11837 12418 13018 13583 14087 14630 15088 15632 16218 16936 17979 19049 20259 21275 22380 23368 24367 25165 25896 26626 27711 28600 29592 30780 31407 32219 32856 33542 34490 35409 36095 36737 37494 38202 38682 39245 39619 40291 41053 41635 41872 42262 42615
1160 863 1234 1556 1929 2269 2594 3082 3316 3831 4189 4385 4675 5142 5528 5791 6218 6540 6758 7003 7489 8135 8741 9374 10002 10560 11162 11719 12338 12969 13520 14021 14571 15067 15680 16296 17050 18067 19011 20038 21087 22157 23171 24197 25079 25799 26639 27690 28585 29635 30899 31640 32412 33084 33790 34652 35529 36107 36700 37411 38088 38601 39097 39495 40220 40884 41422 41764 42139 42512
599 934 1402 1900 2435 2916 3409 4035 4435 5041 5424 5670 5945 6371 6833 7282 7761 8175 8494 8603 8874 9326 9814 10384 10968 11463 12012 12568 13255 14015 14692 15351 16077 16788 17709 18635 19713 20999 22174 23377 24580 25802 26895 27988 28904 29609 30567 31695 32741 33784 35208 36109 36897 37712 38534 39338 40295 40867 41522 42214 42914 43485 43886 44299 45071 45600 45980 46250 46593 46951
