388 298 426 420 233 290 129 398 133 186 403 240 84 300 191 323 330 511 602 653 522 430 480 456 406 464 558 808 920 1044 896 819 618 611 603 651 701 548 477 305 291 373 440 200 212 207 243 144 288 310 243 240 354 346 313 258 74 291 253 374 316 196 345 415 260 460 341 86 236 272
230 326 296 192 159 158 185 519 131 110 374 190 93 257 181 218 381 603 646 711 506 410 400 356 251 287 349 589 646 718 646 554 544 428 331 472 505 363 343 311 299 417 276 180 197 257 325 284 311 318 255 382 424 543 612 553 279 454 330 645 557 350 270 409 351 349 254 116 123 170
628 527 426 421 408 299 455 968 251 259 627 224 181 539 427 462 584 836 914 911 712 626 555 398 325 307 383 534 580 804 782 818 613 575 312 509 469 430 422 398 397 437 224 99 278 366 495 404 472 541 491 576 567 918 970 905 508 681 689 1063 793 651 625 493 687 815 432 196 292 344
388 326 545 556 180 244 249 633 223 171 472 112 189 239 145 301 434 717 634 650 419 441 339 304 268 293 370 545 710 838 776 813 504 510 405 413 342 280 344 396 425 437 265 166 173 240 353 360 495 467 323 543 514 776 707 646 360 542 444 748 431 370 324 303 450 522 231 207 203 218
370 243 467 361 158 267 256 573 168 128 447 182 89 259 147 249 375 590 703 732 529 480 430 379 291 330 458 716 775 906 851 831 608 554 503 502 519 445 404 294 317 387 269 198 176 261 365 313 366 364 372 555 446 759 721 641 326 564 462 702 465 318 314 239 365 372 186 143 181 270
216 151 357 369 151 260 188 450 243 73 201 178 136 143 124 177 193 322 335 437 266 215 206 214 195 299 411 652 731 752 622 648 514 416 501 444 522 306 199 250 231 274 209 246 69 95 237 306 351 234 217 320 406 506 529 452 255 543 354 662 519 429 442 581 510 524 376 264 291 145
336 242 173 356 251 195 207 563 292 159 199 118 201 304 281 272 281 567 636 659 443 387 399 362 401 489 536 705 828 924 767 711 605 517 488 593 582 452 369 115 116 128 291 256 79 108 217 240 393 261 227 237 433 459 448 435 247 379 315 679 552 476 485 640 571 605 488 239 378 206
292 190 451 490 145 222 173 512 187 132 374 103 157 209 120 276 456 705 657 758 502 483 436 404 343 412 530 760 870 984 889 917 629 579 521 573 591 451 408 321 345 371 283 200 88 118 217 222 359 306 206 357 326 582 498 495 250 415 365 617 331 349 332 324 345 449 199 160 216 135
258 306 308 420 145 162 106 471 211 170 345 62 181 228 121 257 338 723 680 644 405 424 391 371 361 403 414 564 741 838 721 662 443 438 384 427 363 331 393 225 254 278 352 207 148 199 221 216 423 374 197 347 512 542 433 393 180 280 209 503 348 265 219 369 327 393 261 149 202 175
169 204 268 402 181 265 191 473 457 198 165 171 322 181 182 156 182 497 514 490 265 284 293 343 399 519 534 707 850 808 643 570 513 400 570 483 508 396 326 152 166 197 373 496 134 182 256 374 500 291 231 401 591 575 486 408 300 448 235 641 529 456 355 656 547 397 434 403 401 231
369 416 470 367 209 188 254 556 94 158 477 236 156 309 244 366 579 800 772 931 672 571 507 477 347 376 470 758 887 1014 948 850 794 694 459 681 632 437 489 486 495 593 366 162 259 313 444 393 452 451 345 475 436 570 686 708 394 541 450 726 560 352 292 383 397 446 292 145 162 214
425 343 312 392 262 188 278 705 253 210 392 120 189 366 313 291 428 763 877 892 628 565 517 473 449 485 520 727 887 1031 953 848 751 657 496 658 586 504 475 186 211 273 304 229 158 221 354 316 444 359 308 444 424 620 620 616 350 402 397 806 512 390 321 332 500 429 316 171 252 286
259 262 434 543 180 272 129 367 207 184 318 184 221 198 143 323 398 670 648 811 535 494 472 518 449 554 639 940 1124 1185 1037 992 814 735 708 724 737 503 476 324 352 398 427 294 152 155 275 306 483 353 197 332 424 398 363 408 210 343 270 521 334 280 285 453 367 414 327 230 297 170
251 157 353 400 179 191 234 582 279 120 254 133 216 191 210 195 426 634 603 753 473 411 381 367 326 429 538 786 878 932 824 825 726 566 525 635 691 460 333 287 299 344 211 299 56 85 261 328 390 246 198 350 286 563 566 578 372 495 392 792 488 514 409 485 503 470 281 259 275 106
239 223 361 353 201 267 307 528 269 81 206 258 229 237 231 320 390 487 429 633 416 340 299 293 251 365 510 767 812 832 712 729 680 521 512 591 633 360 293 380 351 379 265 279 111 147 318 426 423 283 309 357 478 565 705 697 444 767 538 862 788 634 606 818 692 702 549 380 402 152
290 105 338 374 127 167 245 423 308 67 65 171 258 150 212 205 280 458 414 499 282 260 228 264 354 478 596 803 962 998 819 712 660 549 583 661 584 401 370 258 268 258 343 380 67 119 291 396 470 251 326 367 437 510 559 546 411 648 383 685 592 455 449 685 601 539 502 371 416 220
259 308 299 406 180 107 147 477 185 151 279 110 231 254 225 317 505 815 700 826 538 489 456 451 425 494 537 741 930 1018 884 780 706 610 451 688 616 430 464 329 340 378 379 224 128 143 238 260 425 323 168 237 368 374 406 469 275 335 269 598 449 374 301 524 414 479 365 188 250 117
465 587 390 476 331 136 329 776 329 325 499 180 385 467 430 441 691 1122 999 995 693 671 593 558 564 565 523 637 887 1016 928 738 731 663 370 719 512 464 621 449 471 522 508 315 330 395 462 443 622 560 370 492 603 647 692 727 501 455 404 837 652 486 314 532 566 547 459 277 295 320
151 297 294 287 130 156 236 539 305 135 249 153 249 287 200 267 380 666 630 652 424 421 357 376 385 438 459 620 763 767 685 529 537 414 397 520 421 348 421 239 216 287 406 330 153 219 247 314 377 257 246 377 544 547 604 562 351 549 349 719 659 402 275 557 511 351 424 300 276 242
156 157 270 350 155 223 162 429 259 92 180 159 191 209 152 262 327 509 459 583 375 332 338 330 314 426 529 735 796 818 673 675 544 432 492 543 609 407 320 244 219 245 302 274 54 62 132 209 299 184 150 183 382 415 420 403 220 473 325 604 540 482 479 695 490 561 439 272 342 103
391 348 274 281 277 191 265 582 189 151 368 244 218 303 305 350 564 787 708 837 583 476 494 382 292 370 491 706 703 838 695 717 628 520 351 587 658 455 391 472 492 510 266 220 223 278 404 391 468 467 365 378 478 661 708 719 440 587 471 754 703 662 612 756 536 770 432 232 319 108
289 239 200 318 242 151 266 595 338 162 227 173 338 270 314 296 566 862 743 861 544 488 495 424 408 524 620 799 835 910 748 737 683 523 427 667 707 517 432 358 390 377 296 377 131 182 308 386 494 364 288 336 447 643 634 684 481 555 422 803 688 729 590 811 605 694 458 347 412 85
308 338 226 388 313 246 177 599 289 240 394 176 240 343 280 335 497 802 758 822 578 507 565 470 402 483 536 702 726 826 678 725 550 466 411 559 690 530 403 316 320 351 310 266 175 177 212 200 369 359 173 206 410 520 431 426 222 294 302 621 501 590 546 684 446 677 386 201 323 99
301 215 125 183 193 107 201 553 297 124 173 121 189 265 271 158 265 553 609 543 355 304 340 283 347 417 451 572 655 734 578 452 440 345 336 492 474 417 348 130 133 167 284 311 116 182 244 247 345 253 272 291 438 540 521 448 295 416 268 630 583 464 412 611 492 485 416 216 303 214
259 429 355 328 320 491 385 650 396 241 485 399 289 435 251 476 445 644 690 747 569 531 529 443 310 390 509 717 595 615 536 644 471 368 469 376 540 442 385 415 392 430 385 371 322 406 399 453 465 477 461 558 861 925 923 810 447 853 645 891 982 783 748 942 704 795 602 447 483 282
279 334 356 310 249 382 292 479 270 163 393 364 250 299 200 414 469 645 608 729 522 463 480 400 273 378 539 786 696 751 616 706 532 441 477 464 615 443 386 490 499 511 363 330 282 356 406 448 487 490 442 496 724 805 807 749 429 784 555 727 827 696 693 903 579 783 522 373 430 178
355 326 69 196 330 169 342 678 550 277 193 257 469 341 457 213 451 856 861 793 498 453 523 459 528 649 658 772 810 839 634 489 624 436 434 652 675 599 493 256 308 314 405 635 268 370 459 535 638 458 441 504 678 797 743 716 596 576 360 845 846 809 592 952 708 619 575 478 524 260
567 407 97 318 450 213 387 885 566 372 364 206 453 426 537 237 494 983 1065 925 610 560 630 499 555 643 631 721 768 902 717 655 648 516 421 630 672 655 497 224 312 298 308 557 291 399 530 531 707 582 485 592 656 958 803 768 600 458 402 946 741 845 641 776 719 717 476 396 500 298
550 329 150 470 453 316 474 779 776 418 212 304 703 403 571 347 561 1082 1074 986 601 624 680 617 751 928 965 1069 1136 1202 936 864 843 682 716 845 841 797 668 290 417 307 516 860 313 438 591 735 950 652 625 713 882 1071 875 907 799 716 510 1006 909 1030 819 1138 935 866 729 715 821 366
677 346 226 469 526 388 527 851 814 475 321 389 698 460 633 344 596 1069 1115 973 643 640 748 641 771 939 1004 1099 1098 1196 922 869 811 675 743 864 935 919 710 361 487 393 537 915 393 519 652 731 921 700 713 772 857 1175 926 902 814 743 553 986 894 1073 909 1128 895 914 704 700 833 441
394 330 107 295 318 291 347 539 583 288 172 313 530 268 376 273 342 804 820 728 413 429 484 442 509 669 711 861 894 924 669 602 605 481 564 561 584 537 487 284 394 319 456 703 329 476 590 716 879 656 610 717 995 1004 872 833 663 733 418 813 908 838 680 1092 793 749 666 610 670 302
737 584 190 337 506 306 449 958 487 420 595 269 398 486 527 323 502 1040 1197 981 684 638 680 489 466 502 498 605 614 836 691 695 569 526 345 456 491 570 492 326 454 431 284 449 448 620 751 670 855 855 700 877 915 1270 1085 990 675 579 531 1009 817 829 662 670 715 807 424 346 452 391
1211 855 581 570 874 855 970 1389 929 743 1004 754 703 883 856 674 703 1148 1497 1138 949 928 989 714 690 732 836 929 721 970 846 969 694 700 708 563 701 935 783 642 784 717 568 875 869 1137 1240 1140 1215 1293 1373 1549 1548 2127 1860 1603 1176 1353 1163 1508 1444 1364 1296 1138 1211 1325 845 813 944 912
852 842 290 500 768 695 620 1060 721 635 811 580 585 705 658 613 545 1045 1233 1009 783 741 848 621 536 606 620 725 580 754 574 751 522 517 510 390 602 670 542 526 634 578 465 635 706 872 924 875 1064 1129 924 1038 1392 1542 1314 1146 773 863 763 1146 1203 1200 1128 1242 1014 1286 810 633 787 547
791 821 299 735 800 715 635 968 891 703 662 605 877 651 714 740 740 1331 1287 1221 837 850 936 784 741 908 931 1059 997 1105 831 1035 820 753 749 678 852 780 682 662 815 660 619 869 687 820 942 1059 1353 1219 903 1013 1490 1486 1238 1236 944 930 777 1214 1271 1429 1272 1622 1213 1490 1021 910 1055 450
834 857 257 673 860 805 783 1089 1085 792 681 701 1003 796 828 797 770 1426 1510 1339 952 992 1084 924 920 1092 1105 1203 1083 1167 902 1027 881 776 859 755 906 957 856 583 746 591 764 1095 778 968 1032 1163 1425 1253 1082 1202 1709 1726 1443 1406 1101 1115 904 1363 1508 1562 1360 1746 1358 1462 1158 1074 1223 643
846 561 226 577 715 673 707 1006 892 581 493 542 754 639 715 603 564 1072 1266 1130 795 793 871 707 748 923 1019 1161 1053 1199 944 1076 873 771 847 744 881 891 691 380 531 375 520 882 531 709 882 977 1182 987 981 1052 1331 1554 1312 1266 968 1050 869 1294 1281 1357 1272 1432 1244 1334 976 873 1075 568
828 598 269 562 719 717 669 951 770 543 552 583 645 623 662 629 526 938 1141 1074 787 739 827 653 620 785 908 1101 953 1105 867 1063 831 744 808 667 876 811 594 446 570 443 459 742 542 695 874 936 1106 984 943 988 1293 1467 1286 1222 875 1044 880 1244 1270 1313 1298 1427 1194 1390 959 791 1001 517
930 735 325 707 835 798 737 1106 814 618 659 597 683 719 736 741 560 981 1160 1100 820 776 837 645 606 751 849 1012 892 1071 852 1130 829 775 784 624 821 747 548 496 607 460 427 672 577 713 918 985 1187 1082 961 1004 1376 1521 1359 1294 904 1074 973 1395 1352 1420 1424 1509 1347 1605 1062 831 1056 545
1124 964 432 795 1028 1001 908 1235 958 806 883 828 854 925 910 966 765 1224 1433 1348 1064 1009 1102 865 781 927 1038 1211 1011 1215 980 1277 961 922 924 753 995 957 768 706 838 680 637 854 831 996 1159 1193 1404 1360 1227 1244 1691 1802 1611 1539 1097 1286 1170 1520 1611 1648 1666 1779 1496 1845 1262 1000 1258 722
1122 1047 429 762 1087 1051 973 1376 991 832 951 858 828 993 956 963 719 1144 1423 1329 1076 995 1076 832 717 838 921 1094 870 1052 868 1184 930 860 863 664 938 895 679 677 777 666 565 816 855 1021 1195 1224 1374 1350 1226 1279 1724 1849 1720 1603 1118 1334 1235 1680 1730 1707 1693 1775 1589 1854 1285 1006 1229 760
1270 1187 519 892 1246 1167 1116 1552 1130 958 1068 973 972 1122 1113 1095 865 1290 1530 1449 1185 1098 1182 915 802 929 1012 1166 925 1116 924 1288 1029 954 929 756 1048 983 750 826 928 795 630 919 969 1133 1332 1376 1530 1504 1351 1388 1854 2006 1884 1775 1283 1481 1389 1873 1910 1937 1908 1992 1786 2100 1447 1151 1380 841
1061 1053 376 754 1098 972 967 1474 1029 827 907 790 850 984 993 902 731 1157 1360 1281 1014 929 1000 761 673 787 821 947 759 907 738 1055 881 770 738 625 890 810 579 658 731 635 477 791 792 934 1126 1192 1328 1273 1101 1169 1612 1759 1671 1564 1121 1261 1188 1770 1735 1772 1674 1794 1642 1856 1277 1004 1182 682
1070 1004 329 716 1013 904 905 1318 942 774 841 745 826 951 931 936 732 1219 1411 1297 1016 963 1024 784 725 839 893 1009 847 1043 842 1100 867 812 750 658 832 824 686 622 728 585 563 764 781 949 1105 1149 1347 1295 1153 1169 1667 1740 1617 1541 1087 1245 1144 1604 1678 1649 1609 1761 1551 1821 1280 961 1193 694
1134 1076 420 781 1117 1055 977 1362 1037 858 924 887 883 1008 993 989 726 1151 1380 1272 1035 962 1062 824 745 875 943 1083 873 1039 823 1126 893 835 857 679 942 894 692 715 808 681 621 865 883 1039 1194 1239 1406 1372 1234 1240 1767 1811 1685 1566 1126 1341 1214 1649 1771 1753 1751 1915 1633 1937 1382 1058 1290 772
1018 1022 324 675 1055 959 928 1409 999 809 895 779 805 997 955 891 696 1143 1410 1288 1038 957 1044 801 710 817 850 974 763 915 749 1020 843 743 745 619 881 858 635 577 650 569 526 794 789 941 1074 1108 1249 1218 1093 1142 1613 1729 1613 1492 1046 1207 1138 1663 1697 1679 1606 1728 1548 1743 1244 953 1156 711
1041 1137 384 752 1099 1022 919 1430 948 851 1006 798 761 1087 955 1001 705 1144 1435 1322 1109 1021 1092 853 729 802 812 939 759 929 793 1071 841 784 756 608 852 836 662 589 632 576 581 692 828 954 1044 1038 1205 1231 1057 1086 1644 1640 1552 1426 939 1144 1145 1629 1679 1593 1585 1684 1527 1772 1283 897 1128 758
1065 1276 420 816 1176 1074 956 1501 1002 930 1072 846 810 1166 1022 1063 705 1162 1461 1340 1140 1048 1110 897 773 830 785 904 777 922 799 1045 874 816 774 622 837 813 676 614 637 609 648 712 901 1014 1095 1092 1268 1287 1062 1104 1736 1603 1561 1427 946 1130 1147 1689 1746 1597 1575 1736 1603 1795 1375 941 1152 828
582 595 197 318 612 596 590 1013 687 461 547 494 447 589 578 394 327 669 992 881 672 576 649 519 446 542 569 761 636 690 570 647 650 481 575 451 676 620 384 257 293 338 312 612 468 605 735 760 785 707 704 861 1070 1248 1191 1029 693 856 711 1246 1190 1065 935 1063 1021 922 729 597 671 493
346 134 569 311 235 360 531 746 484 165 299 407 312 357 376 244 503 504 624 751 575 480 448 456 456 563 759 1038 1022 1006 946 814 891 642 750 852 906 712 527 390 347 462 402 596 195 271 432 505 343 180 494 616 376 813 936 853 659 1006 715 1056 865 665 572 624 701 416 471 491 445 429
493 249 644 495 446 528 780 1008 771 329 325 561 571 550 637 421 667 658 781 970 748 647 597 626 674 822 1019 1297 1290 1237 1164 1040 1203 870 991 1130 1173 912 669 471 418 506 521 841 275 343 580 744 561 267 644 739 528 961 1147 1116 940 1270 966 1442 1198 1026 885 992 1107 703 798 799 760 582
624 457 537 575 711 682 1012 1329 1092 533 395 697 854 822 928 641 849 933 1043 1199 933 840 813 785 873 1046 1196 1383 1303 1232 1135 1067 1293 905 1029 1230 1302 1069 785 516 459 490 622 1064 401 480 701 936 778 428 798 823 831 1209 1393 1387 1196 1477 1190 1815 1647 1529 1307 1529 1541 1133 1185 1098 1103 694
657 522 585 708 820 791 1064 1339 1253 671 440 815 1042 944 1042 802 1037 1154 1198 1383 1091 1012 1029 1011 1118 1327 1480 1650 1556 1457 1308 1226 1441 1041 1222 1465 1568 1314 1009 625 566 574 855 1274 493 538 692 953 853 476 825 777 905 1183 1311 1356 1235 1487 1217 1782 1709 1673 1463 1793 1605 1269 1364 1251 1302 757
701 599 628 855 910 896 1099 1339 1376 782 488 893 1193 1039 1109 962 1159 1326 1296 1480 1174 1131 1169 1153 1283 1516 1664 1800 1705 1598 1405 1347 1489 1120 1345 1576 1682 1441 1158 714 661 623 1032 1404 572 596 690 979 956 567 866 761 1045 1204 1267 1344 1258 1512 1250 1751 1770 1792 1614 2032 1685 1451 1537 1383 1481 808
636 534 606 886 852 882 911 1164 1249 743 472 807 1046 965 970 910 1002 1157 1145 1302 1061 1023 1106 1098 1227 1451 1583 1712 1646 1555 1338 1311 1322 1037 1327 1471 1623 1387 1082 612 541 513 1013 1259 497 467 494 727 782 456 679 526 896 939 923 972 935 1206 1031 1422 1459 1541 1489 1869 1446 1361 1422 1201 1363 735
748 690 722 1124 1009 1112 1049 1315 1439 886 583 912 1184 1116 1059 1102 985 1156 1161 1281 1073 1086 1143 1146 1305 1532 1644 1734 1683 1575 1359 1426 1318 1086 1460 1436 1581 1382 1104 650 566 491 1109 1341 591 557 569 854 952 598 795 644 1187 1107 1062 1075 1007 1376 1198 1603 1655 1714 1721 2114 1720 1646 1680 1405 1588 888
742 662 938 1268 1018 1194 1032 1295 1461 951 717 974 1208 1148 1038 1154 1150 1253 1196 1360 1177 1193 1275 1291 1420 1647 1797 1905 1840 1719 1514 1593 1385 1172 1607 1587 1798 1572 1247 792 687 647 1245 1414 626 538 479 729 831 537 721 570 1018 1026 907 922 916 1300 1178 1461 1460 1637 1685 2001 1543 1561 1580 1378 1558 908
788 743 1088 1360 1102 1356 1098 1432 1579 1070 927 1062 1240 1247 1057 1189 1184 1273 1257 1339 1216 1254 1360 1350 1449 1650 1791 1867 1737 1600 1435 1579 1270 1096 1636 1495 1799 1648 1273 860 736 731 1297 1495 733 640 497 710 795 591 759 671 1088 1201 981 903 896 1323 1233 1487 1446 1679 1732 1947 1511 1557 1532 1408 1562 1010
860 852 1328 1391 1176 1383 1265 1699 1624 1122 1092 1155 1229 1459 1209 1276 1368 1277 1248 1342 1331 1326 1391 1385 1510 1635 1768 1794 1689 1535 1474 1509 1311 1111 1597 1636 1865 1721 1370 995 762 863 1394 1475 790 657 462 620 567 441 747 605 891 1111 1053 923 943 1458 1393 1664 1563 1666 1726 1852 1558 1507 1592 1392 1489 1183
894 988 1350 1231 1243 1423 1387 1841 1698 1190 1216 1297 1254 1612 1329 1298 1434 1304 1360 1372 1428 1387 1476 1445 1554 1635 1741 1739 1562 1379 1365 1292 1263 1026 1524 1632 1868 1799 1458 1059 787 970 1498 1578 949 850 575 677 513 468 878 726 996 1237 1250 1039 1046 1604 1482 1762 1789 1727 1737 1899 1587 1431 1653 1426 1476 1344
961 725 1228 1021 957 1109 1103 1534 1281 907 1023 987 842 1280 1046 936 997 891 1089 936 1062 1025 1104 1060 1241 1269 1383 1387 1335 1304 1268 1114 965 883 1285 1337 1431 1487 1211 764 555 717 1209 1190 746 699 505 462 359 375 822 686 730 1080 1030 748 756 1274 1165 1333 1259 1125 1286 1221 1161 1061 1221 979 1087 1254
801 703 1186 878 796 949 931 1327 1054 767 959 897 679 1113 873 812 882 750 876 746 895 847 909 894 1035 1033 1122 1147 1144 1095 1074 874 789 728 1073 1150 1208 1233 1053 775 553 757 1123 996 701 651 444 378 254 323 693 585 641 879 903 607 609 1140 985 1121 1110 875 1025 1039 942 860 1055 799 843 1115
611 733 970 681 751 750 970 1376 1174 730 790 866 883 1071 945 769 1066 1028 894 788 826 810 852 827 1007 1028 1064 990 960 818 777 524 692 514 783 1093 1092 1104 1013 888 671 840 1106 1142 703 692 473 542 372 358 681 581 758 971 1079 843 882 1302 993 1311 1434 1206 1093 1421 1123 947 1179 981 904 951
235 364 605 509 295 283 375 731 548 279 356 339 436 430 387 368 606 670 395 441 351 346 338 367 478 530 561 600 738 658 555 416 443 332 431 671 629 478 476 577 446 542 584 527 249 212 160 259 253 178 194 185 369 420 511 404 399 678 434 758 730 628 543 888 629 621 645 479 412 329
311 415 482 472 288 190 287 828 459 305 461 157 312 406 345 229 480 743 628 530 388 390 369 358 437 433 375 403 605 618 559 414 379 315 301 502 430 404 406 355 285 403 416 375 224 227 202 203 289 257 151 291 346 521 492 362 293 357 280 735 477 426 277 431 461 385 346 255 202 317
355 432 555 523 312 182 410 937 557 386 556 205 494 546 459 398 894 1240 1034 986 726 753 699 657 720 722 709 730 894 940 900 695 653 537 425 824 690 713 761 499 463 555 617 555 287 315 241 251 351 307 256 395 353 696 627 607 510 497 446 860 582 587 338 477 481 387 365 362 315 368
370 527 508 565 385 287 540 1119 669 437 603 215 558 668 517 507 878 1287 1159 1089 799 857 743 688 738 732 697 702 841 880 891 747 679 543 434 743 584 665 743 408 372 439 583 561 298 363 303 365 457 371 344 538 589 916 866 840 631 671 628 1152 840 764 472 592 737 522 506 490 438 445
318 364 537 664 294 291 403 965 594 379 566 112 484 482 341 400 774 1205 1061 1018 691 780 674 629 649 677 683 738 880 937 922 900 641 548 502 655 577 624 637 359 370 396 462 502 190 241 223 297 458 357 243 519 482 907 717 702 499 515 514 987 537 646 389 398 570 448 290 408 367 307
213 346 372 428 233 246 363 823 490 280 465 150 402 477 298 413 705 1089 983 956 667 721 643 577 569 602 632 701 753 795 767 709 542 428 398 579 521 567 608 316 305 341 468 441 190 261 191 257 363 301 266 440 558 836 734 708 460 593 513 903 706 653 437 569 561 473 389 379 368 271
293 536 338 248 313 259 451 790 480 298 447 353 422 580 443 486 663 953 892 846 655 638 599 546 558 575 580 652 698 709 650 439 537 402 345 622 511 531 645 435 379 465 618 493 378 470 385 415 428 401 455 492 765 771 872 799 564 796 568 915 1040 693 527 880 695 582 677 455 440 427
