566 228 111 279 369 340 346 599 180 459 499 136 104 363 283 267 150 205 347 277 388 482 440 518 562 582 594 624 641 690 669 732 804 701 824 753 701 766 785 877 878 928 867 841 666 578 454 505 618 441 570 362 417 315 424 402 327 247 270 258 362 227 301 224 656 559 199 169 162 309
457 206 110 132 304 240 260 342 139 376 332 69 156 205 202 285 194 180 202 204 389 558 584 700 741 702 731 756 818 867 792 783 837 747 862 807 834 984 905 967 912 924 806 757 600 470 541 622 559 459 605 349 407 290 348 423 432 185 267 375 422 168 159 142 425 371 220 84 275 184
459 110 140 232 481 494 442 608 303 582 710 223 315 388 438 451 499 266 440 263 465 527 590 719 796 777 812 819 866 912 841 842 852 735 757 742 836 1100 1154 1399 1460 1463 1268 1309 1049 789 869 861 1038 750 872 630 754 577 756 858 893 537 609 752 668 440 528 354 576 642 375 315 370 191
743 160 157 148 276 522 483 414 237 355 384 109 316 378 357 370 430 278 342 335 633 776 736 824 853 862 894 850 849 829 747 703 713 532 475 430 467 702 776 1047 1076 1129 971 993 764 611 585 658 662 613 758 479 555 460 630 882 783 480 532 722 718 422 485 372 585 708 438 291 383 315
483 220 89 106 309 303 308 422 174 360 395 95 262 266 273 348 320 183 297 306 485 623 611 713 753 757 768 759 756 752 683 670 685 541 542 508 560 783 774 969 964 977 844 819 631 479 479 538 522 464 486 336 397 281 445 567 535 303 315 459 484 259 368 263 583 620 319 221 381 292
559 207 192 130 157 268 240 161 45 237 271 91 254 216 70 233 134 71 125 383 520 728 646 694 734 731 747 765 775 791 690 660 690 535 558 461 393 519 544 752 778 839 723 683 500 431 373 353 363 436 506 273 205 309 320 411 371 154 236 382 359 221 286 138 320 360 211 134 202 257
427 82 203 298 335 243 200 407 82 296 379 134 96 252 130 80 89 76 207 250 425 598 543 597 638 602 632 658 713 770 701 713 765 645 720 645 588 695 750 941 964 1030 886 854 600 457 426 520 618 517 726 321 311 316 346 343 366 196 226 276 242 240 277 128 395 309 210 138 88 244
638 194 131 143 278 354 326 351 109 297 367 93 214 306 221 241 240 158 238 386 601 743 694 761 792 796 821 804 804 806 734 719 751 581 575 489 444 587 611 788 787 826 732 738 582 500 421 488 517 535 630 362 469 371 474 651 554 341 376 523 534 308 427 245 533 593 379 253 316 306
601 115 151 207 245 344 317 462 175 353 297 73 128 369 272 159 221 242 245 192 493 653 598 664 682 660 695 667 705 717 660 643 697 583 644 601 623 778 788 929 934 992 898 888 678 542 521 700 623 581 808 420 454 319 431 591 490 309 332 416 449 260 249 235 545 519 306 156 183 282
578 278 346 283 202 226 204 262 113 260 176 157 266 313 119 117 131 187 158 383 620 903 764 774 773 724 746 740 776 783 692 649 703 593 661 606 576 718 712 878 854 938 840 746 507 432 401 561 349 510 663 265 165 234 193 306 269 151 151 255 261 217 196 179 383 329 316 141 214 391
712 242 156 215 482 443 473 439 243 369 401 117 189 240 317 405 302 263 338 307 542 695 764 929 976 957 997 1016 1071 1116 1030 1016 1053 887 922 816 785 900 866 969 897 917 737 716 578 446 507 607 673 490 721 425 551 423 553 657 659 332 459 604 672 343 346 271 566 543 376 228 434 308
451 104 151 266 468 258 272 519 161 353 420 135 125 251 275 170 224 175 339 237 492 646 641 752 781 745 773 778 819 855 793 795 829 697 734 694 723 928 980 1185 1145 1197 999 933 661 462 473 664 707 472 664 262 398 248 375 428 474 273 284 376 405 282 327 243 541 496 377 202 297 306
773 270 236 242 328 310 324 343 127 280 293 136 173 329 180 184 100 202 222 453 705 907 846 929 952 951 976 981 990 1003 919 890 939 757 778 629 500 536 530 641 605 675 585 527 423 387 284 445 430 454 623 269 307 258 334 446 324 179 266 384 449 261 301 217 520 520 390 236 309 454
572 228 201 171 318 270 245 192 38 201 313 120 239 171 95 193 159 78 183 467 657 870 820 885 915 883 910 924 952 979 879 855 891 714 715 611 518 649 669 858 800 847 699 652 454 389 346 392 397 428 528 215 328 313 305 450 449 221 269 444 431 257 363 153 329 366 375 202 339 278
659 255 304 208 282 371 337 127 101 235 289 142 296 190 83 334 198 88 111 426 543 768 751 832 888 865 900 934 981 1022 884 830 851 669 681 533 427 508 493 675 705 747 589 585 467 391 436 391 489 598 760 460 347 532 520 581 612 244 411 595 519 366 391 169 322 333 264 216 294 289
681 201 294 340 379 445 406 290 133 79 183 100 192 121 111 238 194 78 244 344 492 741 675 740 765 742 778 792 840 876 775 768 799 591 564 463 352 451 539 819 794 877 642 625 339 237 235 275 391 411 692 317 234 443 455 489 577 286 317 427 426 394 416 205 441 331 255 186 238 336
704 148 211 298 415 389 377 397 143 268 303 96 73 248 209 169 149 185 242 273 533 714 710 810 838 799 849 861 933 991 913 908 972 816 878 760 669 728 742 850 795 857 706 692 514 416 415 570 638 534 866 392 489 423 466 559 545 293 384 476 519 327 308 196 480 399 342 180 233 292
792 177 316 474 644 600 597 694 386 460 443 208 166 386 493 327 428 420 494 206 570 736 780 916 931 862 928 919 1028 1091 1029 1025 1087 963 1034 994 1029 1199 1241 1384 1300 1363 1132 1119 827 617 724 978 1003 718 1181 598 762 589 691 816 874 554 613 695 758 523 418 410 692 569 520 287 392 365
579 178 292 276 320 281 312 350 169 311 156 78 147 251 229 215 228 214 162 130 361 581 555 636 640 585 626 620 689 718 622 576 620 522 620 576 640 831 797 922 908 971 817 763 578 418 534 740 649 663 968 465 387 436 478 526 591 287 369 467 500 362 255 255 549 430 315 145 244 327
557 201 238 204 200 255 217 213 39 272 277 101 173 258 71 165 88 74 74 336 462 654 586 619 657 635 663 684 724 764 669 649 703 575 658 544 456 524 504 620 654 705 638 629 507 454 422 444 475 599 749 411 339 425 402 457 420 200 292 394 360 259 296 122 374 336 214 152 140 258
588 263 187 231 396 498 399 352 203 362 525 184 271 252 193 378 279 176 271 429 583 744 794 894 979 934 982 1023 1115 1197 1106 1114 1173 1026 1086 967 848 877 814 901 867 850 727 790 628 546 600 509 609 580 745 562 638 551 554 688 669 353 448 589 516 276 353 124 321 296 238 208 309 144
590 264 291 299 398 417 317 274 134 243 384 187 251 219 118 226 212 130 201 465 654 878 871 928 981 908 960 985 1082 1154 1050 1039 1101 946 993 875 739 779 733 844 786 797 665 697 505 442 489 494 516 611 825 480 545 524 456 602 620 334 383 529 444 305 369 115 291 230 325 222 299 219
497 236 196 241 290 306 223 404 119 480 552 206 210 407 189 178 152 187 210 417 596 733 694 726 783 739 773 799 864 932 875 893 978 901 1043 954 868 913 856 886 884 897 891 907 763 710 650 662 651 666 768 488 595 422 391 518 408 281 326 401 354 189 276 118 364 350 279 190 176 193
345 119 173 302 348 284 231 443 124 281 335 100 103 179 155 141 164 100 250 160 309 497 458 509 544 483 517 542 630 700 648 686 755 671 787 773 775 922 943 1110 1076 1119 958 933 606 447 487 553 567 459 691 343 352 335 329 337 427 240 205 232 227 206 215 109 392 225 141 62 98 145
515 413 372 161 144 308 250 271 249 617 474 271 496 517 238 461 355 290 86 438 553 738 721 763 834 801 822 833 876 893 765 679 708 652 775 692 735 864 663 685 808 777 807 833 851 755 877 830 670 990 960 815 569 596 617 730 624 319 474 647 500 307 315 235 452 502 270 286 339 328
628 415 301 168 203 438 348 249 236 452 446 222 434 396 182 471 313 237 138 500 610 803 807 870 952 928 958 981 1036 1072 952 899 941 820 893 765 688 719 548 581 639 604 593 656 642 599 675 564 503 779 810 727 563 589 599 743 631 317 454 627 512 281 332 168 388 410 221 260 344 275
451 357 405 468 498 388 287 434 246 303 383 280 301 237 169 208 251 225 318 431 636 932 898 934 969 842 892 926 1069 1158 1078 1090 1179 1095 1214 1179 1110 1189 1116 1213 1085 1099 936 900 562 452 568 652 488 550 801 430 447 410 276 367 476 292 225 298 240 234 223 112 292 83 299 161 300 256
357 288 308 441 547 408 271 584 272 409 616 339 344 329 263 191 329 254 462 499 761 994 956 993 1042 926 968 989 1107 1187 1136 1172 1252 1165 1242 1245 1203 1344 1340 1511 1394 1398 1229 1203 781 626 667 738 614 522 669 370 548 321 257 419 473 365 230 313 224 203 299 150 300 195 382 225 338 220
630 466 586 629 612 565 392 526 353 273 481 442 483 382 229 230 372 297 446 722 987 1326 1237 1238 1273 1149 1200 1205 1327 1387 1291 1281 1350 1190 1188 1122 967 1013 991 1196 1091 1112 931 931 553 463 520 616 462 671 899 514 506 500 379 555 609 451 317 436 292 390 464 229 367 210 502 384 447 470
573 565 560 666 674 639 442 668 419 387 662 512 568 437 310 343 467 343 581 802 990 1287 1194 1177 1224 1110 1149 1164 1280 1349 1288 1330 1412 1279 1305 1281 1139 1197 1177 1375 1253 1249 1097 1114 688 608 621 619 480 645 770 548 606 534 404 573 627 537 327 408 280 381 533 264 439 270 490 419 494 442
596 436 485 444 385 492 343 377 332 257 327 321 452 336 156 281 310 284 297 567 827 1176 1115 1144 1195 1089 1134 1143 1261 1307 1194 1149 1211 1072 1096 1021 905 935 826 967 900 904 762 762 478 389 508 567 325 597 796 531 361 398 320 495 489 283 234 370 240 242 232 133 274 137 294 233 356 377
362 305 235 347 523 529 372 705 431 561 761 372 478 451 416 384 526 389 576 497 820 1010 1028 1113 1192 1098 1136 1136 1238 1291 1240 1253 1305 1216 1244 1275 1312 1508 1463 1653 1580 1539 1371 1387 983 762 858 888 722 578 634 521 678 318 393 643 614 453 333 467 343 196 305 228 369 366 387 280 454 209
465 763 582 594 731 897 676 1067 866 1007 1220 781 1093 859 789 958 1092 724 929 892 1066 1238 1244 1293 1408 1338 1347 1334 1400 1413 1351 1351 1359 1295 1281 1388 1539 1840 1733 2007 2053 1940 1812 1890 1482 1207 1376 1205 986 1054 837 1072 1007 737 871 1117 1093 887 692 862 607 540 754 609 760 810 600 689 863 520
489 582 492 436 423 652 431 752 618 935 1033 636 822 842 521 622 666 599 570 777 1035 1225 1211 1242 1362 1280 1306 1319 1413 1460 1381 1350 1406 1378 1475 1470 1487 1598 1422 1503 1574 1494 1498 1560 1325 1163 1260 1147 879 1019 905 963 862 569 595 857 667 536 506 655 399 267 367 320 401 481 408 453 512 363
895 720 766 616 509 829 557 597 637 759 914 741 905 889 438 566 616 637 518 1092 1445 1752 1701 1706 1814 1706 1760 1765 1884 1932 1797 1709 1773 1645 1658 1521 1325 1262 1080 1148 1181 1133 1130 1218 1057 1014 1082 1024 746 1146 1188 1046 898 745 657 1016 771 591 623 845 532 430 500 339 315 401 615 610 622 580
765 821 906 742 606 766 511 728 731 843 913 830 981 943 505 593 703 702 555 1066 1389 1731 1674 1662 1757 1617 1664 1662 1797 1840 1704 1607 1667 1588 1640 1558 1456 1456 1211 1262 1300 1232 1228 1289 1110 1011 1180 1203 810 1298 1325 1148 893 770 679 962 805 636 600 788 455 484 520 408 460 439 661 669 694 697
537 604 665 597 563 628 387 629 522 591 844 661 806 660 340 469 564 414 514 945 1160 1454 1388 1388 1489 1392 1421 1433 1522 1561 1441 1394 1423 1284 1251 1180 1058 1113 1011 1231 1278 1231 1130 1183 899 766 848 784 627 945 901 808 627 582 548 739 677 513 421 597 282 397 562 296 376 373 498 559 560 543
542 600 593 491 474 605 373 555 491 655 901 640 811 674 313 530 525 396 458 952 1126 1384 1340 1358 1482 1411 1434 1464 1537 1581 1455 1404 1430 1295 1281 1178 1039 1061 932 1112 1196 1137 1077 1139 938 830 887 739 631 929 815 826 626 577 559 740 622 445 431 622 303 337 515 255 318 380 420 527 528 485
614 549 629 503 466 679 429 584 532 768 1028 702 877 797 384 567 591 451 494 992 1210 1437 1392 1411 1548 1489 1516 1540 1602 1641 1505 1433 1445 1305 1268 1155 1025 1071 993 1224 1375 1332 1268 1347 1145 1008 1044 876 834 1072 959 931 728 670 682 894 731 522 567 786 414 423 598 327 312 471 487 598 527 502
733 782 795 660 622 869 589 798 765 1014 1264 905 1088 1019 569 798 790 664 658 1175 1379 1600 1590 1616 1776 1708 1736 1767 1849 1899 1763 1692 1712 1597 1592 1474 1342 1340 1170 1318 1479 1389 1376 1491 1347 1215 1303 1096 1004 1310 1157 1233 980 863 883 1104 902 691 737 950 543 532 707 455 471 606 591 768 707 641
629 761 794 605 581 762 512 749 744 1110 1301 922 1128 1034 574 812 795 669 623 1141 1343 1559 1556 1590 1752 1678 1698 1738 1815 1863 1716 1624 1634 1555 1580 1486 1423 1491 1311 1463 1646 1558 1543 1615 1476 1306 1426 1223 1089 1346 1132 1204 940 814 831 1030 852 631 717 951 528 499 649 457 414 600 596 741 714 615
757 867 924 721 692 928 644 828 860 1229 1471 1065 1284 1158 675 942 932 776 738 1309 1516 1732 1735 1764 1938 1857 1884 1929 2017 2074 1918 1823 1831 1745 1757 1651 1560 1614 1445 1612 1806 1712 1692 1787 1636 1471 1593 1338 1234 1498 1283 1364 1111 990 980 1210 1027 777 880 1137 666 629 794 554 445 665 714 871 827 687
619 692 800 602 568 731 481 660 676 1082 1273 903 1093 987 535 737 758 635 584 1114 1346 1574 1561 1584 1734 1638 1669 1713 1808 1870 1717 1622 1640 1574 1618 1530 1469 1566 1428 1596 1757 1693 1653 1704 1516 1345 1464 1274 1140 1344 1185 1142 949 830 779 1001 861 623 728 976 547 504 627 429 296 501 626 695 671 542
646 638 770 644 605 804 542 768 724 1005 1201 847 994 964 558 720 764 631 603 995 1237 1454 1464 1504 1656 1567 1606 1636 1743 1806 1664 1581 1599 1510 1532 1439 1371 1428 1285 1454 1627 1556 1497 1597 1413 1218 1371 1220 1143 1349 1292 1229 976 869 887 1079 943 672 752 960 543 540 640 434 414 532 559 692 617 554
698 783 853 686 605 847 577 788 784 1127 1316 953 1136 1070 594 830 810 702 651 1150 1343 1566 1552 1573 1735 1655 1682 1727 1822 1884 1741 1661 1684 1612 1658 1560 1472 1506 1337 1481 1669 1591 1579 1666 1507 1350 1466 1245 1131 1395 1243 1284 988 906 888 1073 900 679 766 973 548 546 668 472 424 569 581 747 677 621
512 679 766 597 555 640 412 723 667 1105 1240 870 1023 985 536 693 717 623 556 1010 1216 1429 1418 1438 1582 1485 1510 1553 1649 1712 1576 1494 1520 1487 1575 1511 1493 1596 1420 1541 1707 1632 1623 1666 1500 1314 1452 1306 1138 1349 1184 1145 919 774 745 912 782 583 658 857 455 453 562 408 372 511 565 655 617 539
542 630 752 596 542 619 426 815 695 1246 1304 875 977 1098 619 702 714 680 560 925 1142 1300 1299 1334 1480 1406 1427 1468 1548 1607 1481 1395 1419 1413 1538 1470 1495 1609 1439 1531 1757 1695 1721 1759 1653 1439 1560 1459 1336 1465 1315 1229 979 803 839 959 785 595 729 898 518 490 562 473 492 651 573 675 568 579
610 638 821 660 579 625 465 872 749 1344 1328 922 988 1179 689 716 726 766 596 905 1166 1330 1327 1373 1510 1431 1455 1498 1584 1646 1517 1419 1445 1461 1618 1552 1605 1734 1573 1652 1885 1848 1866 1867 1760 1525 1655 1619 1470 1529 1433 1257 988 811 851 947 772 591 767 923 568 531 532 536 536 693 628 688 575 647
242 475 447 313 344 212 121 425 322 699 720 483 645 521 253 394 374 327 313 639 811 1066 1024 1061 1143 1051 1058 1100 1170 1211 1099 1043 1076 1051 1167 1153 1203 1395 1245 1366 1397 1365 1299 1211 985 816 928 913 633 755 606 516 383 277 234 330 315 189 197 358 162 138 207 179 245 287 341 283 434 352
526 483 388 349 546 322 371 325 181 286 334 232 422 121 219 482 377 140 324 500 487 725 688 757 771 736 744 778 803 829 725 723 739 589 621 584 602 843 836 1063 983 1014 798 706 468 357 428 424 437 506 550 323 315 506 477 441 667 366 358 500 534 472 573 342 622 514 432 318 565 445
661 615 662 575 748 412 454 353 264 346 446 433 591 208 268 547 461 203 405 734 711 1003 949 1003 1015 957 970 1019 1055 1093 953 925 928 750 752 677 643 875 903 1190 1120 1175 904 786 530 417 506 516 583 699 779 419 366 688 589 505 811 471 492 666 631 682 780 464 654 543 638 505 715 646
653 711 932 787 863 487 462 427 379 545 648 663 768 402 331 579 564 305 429 886 867 1190 1135 1149 1178 1066 1094 1157 1246 1317 1148 1094 1105 974 1026 945 903 1113 1098 1356 1343 1382 1137 1045 794 656 829 825 869 1094 1205 727 583 946 744 642 984 608 655 834 651 823 887 519 605 475 751 649 751 719
810 881 1117 992 988 590 546 563 469 661 748 803 827 568 406 610 589 414 490 1040 991 1320 1240 1214 1236 1113 1147 1216 1322 1412 1254 1218 1261 1148 1259 1146 1037 1150 1093 1258 1240 1278 1107 1036 844 772 910 927 964 1304 1463 917 754 1132 860 729 1041 725 760 884 706 941 1000 597 751 540 859 778 793 873
973 982 1267 1139 1036 720 642 675 566 769 832 913 895 752 486 646 641 522 532 1147 1101 1427 1322 1262 1285 1160 1202 1263 1378 1472 1317 1280 1340 1235 1370 1232 1077 1116 1038 1153 1172 1214 1108 1079 939 906 1019 1042 1082 1537 1741 1143 918 1320 1022 896 1145 853 895 989 785 1061 1107 680 871 631 936 896 800 994
915 884 1128 1064 887 623 549 719 475 808 846 836 754 811 454 519 495 475 482 1048 980 1241 1087 997 1017 931 959 1018 1100 1190 1077 1078 1159 1087 1275 1142 979 983 935 1013 1078 1140 1126 1098 982 982 963 985 1057 1462 1623 1061 852 1194 925 770 912 758 782 798 647 935 1008 621 898 667 811 807 593 934
1048 930 1307 1153 846 715 621 784 586 987 956 975 930 1064 566 599 614 599 513 1149 1108 1365 1161 1039 1062 996 1019 1058 1110 1169 1035 989 1046 979 1143 1005 874 910 895 1036 1228 1317 1336 1319 1236 1210 1171 1196 1265 1763 1893 1286 915 1349 1113 965 1035 871 947 984 754 1099 1146 779 1004 859 917 958 613 1102
1186 1079 1325 1200 899 779 709 899 612 1103 1053 1021 971 1185 673 680 668 681 596 1267 1166 1371 1132 978 983 946 958 988 1007 1057 957 950 1030 978 1183 1050 907 926 904 976 1145 1234 1344 1335 1310 1361 1213 1222 1290 1832 1896 1341 1077 1451 1202 1070 1078 1002 1039 1037 891 1179 1294 894 1226 1082 1037 1060 700 1199
1163 1209 1354 1185 844 783 716 1008 686 1340 1208 1111 1133 1388 811 793 807 813 669 1349 1221 1384 1101 904 900 877 872 883 868 890 816 815 900 912 1169 1099 1051 1149 1095 1133 1335 1407 1617 1601 1594 1655 1461 1441 1381 1988 1890 1451 1207 1491 1247 1165 1097 1109 1098 1086 952 1196 1354 1011 1366 1287 1122 1137 778 1251
1196 1212 1392 1318 1060 869 896 1221 764 1534 1324 1134 1106 1405 1034 970 981 896 831 1181 944 1016 767 593 563 553 546 570 555 599 557 606 693 758 1099 1101 1196 1435 1467 1532 1735 1838 1987 1945 1880 1865 1706 1693 1795 2142 2136 1578 1428 1764 1537 1308 1414 1346 1356 1274 1247 1465 1575 1244 1688 1533 1226 1202 844 1274
1078 1322 1442 1399 1175 864 936 1378 885 1722 1396 1191 1158 1430 1167 1122 1109 1010 922 1072 768 829 626 469 434 395 386 426 447 516 492 565 667 821 1271 1350 1574 1886 1843 1829 1997 2071 2219 2145 2056 1985 1946 1942 1959 2231 2228 1703 1537 1842 1596 1280 1497 1411 1397 1261 1282 1493 1533 1314 1824 1555 1210 1183 918 1263
817 942 973 1169 1067 822 888 1457 769 1386 1235 875 839 1104 1080 962 1003 790 1012 697 431 431 241 142 114 127 105 127 112 161 201 351 431 519 848 1007 1273 1667 1800 1995 2126 2220 2216 2153 1822 1644 1529 1513 1685 1589 1611 1254 1203 1407 1361 1040 1284 1251 1092 900 1020 1239 1352 1158 1760 1471 889 908 681 982
847 842 829 1023 944 797 894 1338 714 1290 1062 713 705 982 1022 944 922 759 923 514 292 294 139 83 52 72 58 81 78 129 168 309 396 483 827 977 1255 1635 1748 1899 1998 2098 2080 2012 1705 1532 1449 1445 1589 1424 1525 1172 1126 1313 1291 998 1222 1137 1040 857 1043 1130 1161 1071 1667 1377 757 745 596 850
946 885 998 1095 970 925 961 1119 740 1152 872 710 748 863 938 951 977 783 803 504 356 475 372 313 276 202 235 260 368 463 445 537 648 740 1113 1240 1483 1817 1834 1906 1923 2000 1931 1908 1592 1440 1564 1562 1575 1592 1915 1375 1295 1566 1366 1179 1505 1222 1179 1069 1173 1205 1094 987 1416 1045 784 695 642 734
897 388 502 555 473 655 653 523 298 531 393 246 316 441 436 471 450 372 379 300 368 530 435 434 418 381 428 439 517 584 528 563 654 597 793 780 816 1000 1077 1209 1201 1309 1198 1193 929 854 856 875 937 928 1305 773 769 967 846 861 976 679 745 760 851 708 618 499 774 603 445 299 277 372
638 205 283 405 429 454 469 616 248 545 432 176 213 424 459 286 401 362 435 175 400 535 444 471 448 400 438 422 481 523 502 541 623 591 760 821 956 1253 1361 1535 1485 1588 1452 1387 1018 854 829 990 924 705 997 480 657 563 552 653 715 544 516 537 655 474 422 431 700 608 461 199 252 281
756 346 413 562 684 584 599 770 361 571 478 258 254 466 586 371 555 457 526 264 494 626 588 626 591 513 568 535 625 676 653 694 784 733 896 945 1075 1352 1390 1490 1381 1443 1307 1295 986 829 888 1124 1062 941 1317 705 971 813 802 926 1046 795 728 757 876 682 651 560 941 760 680 390 473 415
673 295 504 527 619 478 499 703 370 646 473 307 343 550 590 349 598 468 429 246 529 679 645 684 654 565 618 568 648 671 605 572 623 583 716 768 976 1333 1345 1489 1474 1532 1391 1365 1108 879 1023 1322 1203 1170 1503 810 942 826 858 985 1107 781 775 869 881 732 663 601 914 813 745 454 500 483
698 288 395 360 440 421 405 554 258 525 431 253 371 547 479 259 512 391 359 400 722 879 785 793 765 708 748 675 699 680 614 567 608 516 565 586 718 1042 1069 1248 1236 1292 1210 1195 968 817 826 1085 910 1007 1187 626 812 636 686 947 919 686 641 793 790 594 643 522 796 833 750 450 498 476
560 263 371 321 373 340 324 487 233 515 357 196 289 467 385 263 426 321 217 245 485 646 606 632 628 557 601 557 619 631 550 501 550 495 613 616 753 1017 943 1027 1048 1070 1013 1025 882 720 839 1050 894 1050 1263 741 772 672 705 861 877 577 593 711 676 513 495 398 724 664 537 342 374 373
599 334 468 497 535 480 493 626 399 605 382 246 274 426 462 448 478 414 319 108 271 451 487 569 584 494 549 556 686 759 677 658 726 710 920 926 1077 1285 1174 1203 1203 1222 1093 1092 915 705 958 1127 1045 1042 1423 901 787 815 822 803 956 572 654 692 699 571 400 413 771 529 379 270 342 357
