34862 25086 24976 23894 23050 23205 23172 23395 23973 24309 24707 24802 25079 25435 25642 25703 25950 26460 26530 26729 26733 26902 27315 27971 28558 28906 29183 29696 30275 30825 30954 31192 31434 31868 32400 32795 33166 33398 33507 33686 33798 34023 34278 34779 35241 35775 36526 37045 37340 38170 38503 39344 40217 40765 41445 42162 42895 43331 43339 41831 41990 41278 39734 39833 40280 40308 40539 40453 40467 39383
34401 24681 24658 23496 22761 22833 22850 23379 23619 24077 24455 24705 25155 25335 25257 25567 25938 26174 26436 26394 26513 26842 27276 27777 28323 28717 29042 29509 30099 30605 30339 30462 30731 31258 31951 32461 32569 32793 32993 33002 33165 33380 33719 34364 34904 35486 36046 36568 37243 37903 38350 39136 39826 40319 41019 41725 42431 42801 42474 41120 41293 40658 39228 39237 39664 40037 40416 40101 40256 39048
34012 24462 24456 23348 22525 22660 22800 23085 23568 23931 24456 24752 24953 25020 25433 25765 26177 26180 26167 26220 26678 27132 27776 28412 29300 29974 30306 30512 31083 31177 29995 30149 30453 30969 31613 31912 32046 32401 32412 32405 32573 32844 33321 34057 34595 34952 35532 36380 37021 37813 38194 39018 39663 40254 41033 41835 42361 42235 41959 40749 40757 40306 38838 38836 39460 39986 40127 39846 39904 38850
33519 24146 24154 23014 22194 22414 22545 22945 23236 23682 24346 24280 24478 25077 25315 25665 26010 25837 25763 26304 27007 27593 27628 28450 29389 29813 29683 30117 30335 30749 29365 29549 29852 30401 30966 31294 31561 31750 31674 31670 31823 32250 32846 33643 33974 34285 35205 36118 36832 37587 38019 38834 39707 40378 41167 41652 41832 41636 41483 40358 40648 40022 38525 38811 39520 39732 39809 39529 39697 38534
33195 23749 23736 22689 21931 22017 22300 22617 22942 23456 24050 23842 24570 24767 24967 25343 25429 25325 25752 26290 26943 27070 27577 28630 29194 29212 29508 29749 30226 30648 28944 29080 29357 29821 30462 30991 31092 31133 31142 31127 31486 32086 32710 33326 33466 34176 35421 36539 37519 38408 38860 39595 40227 40597 40860 41043 41468 40979 40790 39785 40027 39529 38183 38539 38926 39169 39238 39123 39279 38247
32921 23432 23238 22396 21604 21724 21856 22165 22557 23014 23333 23700 24050 24391 24594 24616 24821 25233 25576 26062 26320 26838 27541 28040 28554 28997 29202 29865 30515 30829 28617 28791 29018 29427 30030 30307 30297 30377 30412 30677 31225 31860 32322 32771 33206 34139 35369 36498 37442 38283 38590 39438 40104 40327 40612 40976 41180 40692 40473 39404 39527 39105 37938 38060 38309 38471 38551 38440 38431 37997
32634 23168 22992 22139 21348 21490 21726 21977 22198 22505 23278 23398 23911 24335 24203 24295 24858 25176 25636 25828 26556 26950 27056 27440 28217 28550 29058 29667 30054 30445 28023 28200 28476 28955 29405 29548 29533 29644 29960 30458 31024 31438 31722 32409 33234 34261 35652 36633 37278 37969 38392 39231 39781 39939 40339 40566 41112 40354 40200 39178 39240 38880 37870 37885 38187 38354 38282 38163 38201 37863
32334 22880 22604 21778 21048 21217 21476 21532 21636 22221 22834 23119 23639 23656 23673 24137 24677 25145 25156 25852 26325 26283 26336 26933 27705 28342 28801 29165 29641 30105 27396 27584 27867 28216 28616 28757 28805 29196 29728 30156 30471 30743 31284 32444 33334 34261 35388 36277 36896 37737 38195 38916 39410 39699 39920 40516 40637 39973 39832 38817 39029 38591 37726 37580 37840 37863 37803 37705 37728 37563
31878 22454 22195 21358 20689 20949 20925 20910 21286 21796 22524 22836 23000 23072 23413 23914 24503 24589 25168 25637 25628 25648 25870 26490 27520 28157 28359 28828 29375 30037 26811 26979 27180 27483 27874 28049 28331 28915 29358 29593 29696 30156 31103 32330 33084 33905 34917 35823 36573 37457 37723 38398 39014 39080 39706 39852 39912 39375 39283 38398 38497 38213 37496 37155 37366 37378 37491 37372 37373 37655
31161 21820 21700 20725 20108 20200 20293 20566 20805 21341 21992 21993 22129 22625 23070 23536 23711 24399 24744 24793 24811 25053 25329 26112 27021 27388 27575 28048 28823 29325 25820 25925 26152 26511 27034 27494 27965 28474 28686 28693 28943 29729 30686 31776 32448 33118 34126 35163 35888 36626 36832 37594 38019 38459 38616 38792 39001 38451 38431 37778 37895 37774 37118 36769 37054 37087 37194 37138 37312 37362
30440 21333 21317 20234 19604 19793 19910 20067 20389 20882 21261 21193 21774 22381 22838 22864 23669 23973 24013 24128 24370 24530 25022 25742 26440 26860 27127 27841 28467 28787 25172 25345 25607 26013 26649 27137 27448 27776 27767 27910 28550 29337 30195 31162 31703 32383 33582 34596 35213 35881 36271 36967 37651 37575 37790 38011 37997 37612 37586 37190 37393 37201 36651 36381 36638 36869 36853 37074 37048 37292
29899 20834 20862 19757 19168 19350 19304 19539 19737 19980 20449 20758 21506 22091 22110 22791 23541 23320 23328 23532 23650 24104 24526 25082 25866 26333 26893 27480 27926 28263 24488 24654 24850 25325 26023 26500 26719 26817 26942 27455 28136 28915 29675 30604 31051 31887 33078 33956 34596 35450 35689 36619 36838 36938 37185 37243 37211 36987 36999 36802 37239 36892 36482 36159 36536 36554 36920 36814 37070 37195
29248 20306 20328 19189 18655 18811 18688 18830 18843 19089 19929 20443 21046 21297 21959 22564 23304 22580 22678 22752 23157 23629 23943 24531 25351 26102 26526 26872 27339 27917 23741 23828 24082 24613 25292 25725 25665 25929 26386 26866 27527 28174 28875 29724 30301 31072 32126 33049 33858 34638 35100 35608 35976 36146 36245 36252 36350 36186 36252 36548 36699 36509 36144 35885 36171 36620 36505 36761 36835 37175
28791 19914 19984 18874 18262 18433 18151 18231 18324 18906 19841 20160 20440 21573 22102 22653 22950 22089 22071 22333 22834 23207 23600 24331 25349 25952 26139 26590 27308 27311 23308 23488 23770 24348 24998 25168 25323 26137 26645 27270 28055 28651 29193 30131 30856 31707 32787 33569 34236 35062 34816 35194 35534 35410 35369 35470 35456 35463 35929 35907 36051 35979 35773 35523 36033 36108 36440 36439 37025 37705
27985 19101 19222 17987 17544 17342 17195 17319 17619 18096 19013 19120 19979 20922 21472 21591 21872 21099 21194 21445 21764 22423 22960 23747 24634 24971 25202 25794 26220 25918 22109 22224 22429 22894 23448 23973 24739 25514 26025 26441 27028 27547 28261 29397 29895 30535 31532 32410 33182 33912 33508 33894 34083 34002 34083 34182 34289 34582 34871 34965 35415 35360 35125 34976 35363 35502 35856 36284 36831 37294
27310 18593 18692 17391 16982 16594 16478 16740 17052 17562 18184 18777 19680 20569 20667 20771 20952 20381 20459 20682 21396 22013 22576 23245 23966 24356 24765 25099 25506 24960 21360 21444 21639 22042 22823 23784 24475 25134 25485 25789 26194 26823 27769 28670 29034 29574 30638 31694 32392 32782 32516 32977 33201 33114 33213 33395 33773 34015 34289 34735 34986 34922 34685 34626 34890 35259 35812 36296 36761 37035
26761 18318 18539 17043 16631 16098 16074 16495 16871 17332 18321 18858 19724 20148 20217 20245 20392 19955 20045 20734 21464 22173 22496 23134 23841 24473 24530 24808 25247 24371 20931 21050 21262 21769 22718 23534 24114 24596 24904 25160 25748 26604 27307 28009 28372 29062 30099 30952 31343 31702 31645 32227 32277 32332 32674 32989 33442 33712 34168 34547 34670 34585 34269 34249 34691 35133 35812 36159 36799 37059
26259 17978 18072 16642 16205 15544 15583 16022 16429 17160 18217 18708 19128 19556 19572 19519 19803 19485 20009 20559 21306 21743 22258 22852 23846 23990 24178 24497 24931 23748 20452 20539 20733 21414 22292 23091 23561 24025 24233 24560 25374 26029 26558 27308 27713 28320 29264 29845 30278 30758 30860 31258 31533 31869 32288 32737 33150 33589 34041 34124 34288 34467 33899 33916 34489 35128 35626 36123 36681 36891
25777 17593 17731 16304 15826 15068 15182 15554 16093 16935 17978 18092 18639 18874 18869 18986 19149 19336 19861 20434 20852 21155 21622 22597 23082 23429 23663 24075 24161 23049 19966 20055 20331 20912 21872 22565 22898 23325 23639 24194 24901 25473 26135 26858 27253 27895 28747 29382 29942 30398 30547 31051 31492 31889 32325 32732 33181 33527 33764 33764 34076 34144 33622 33830 34357 35136 35663 36068 36484 36398
25502 17298 17413 16097 15541 14682 14804 15389 16107 16940 17577 17773 18111 18284 18366 18416 19003 19347 19809 19992 20364 20794 21549 22028 22760 23153 23514 23740 23655 22646 19703 19881 20117 20825 21635 22208 22552 23030 23603 24130 24763 25475 26091 26764 27155 27745 28559 29218 29778 30233 30434 30979 31511 31954 32499 33060 33696 33323 33356 33428 33700 34143 33367 33589 34283 35043 35514 35751 36061 36298
25220 16921 17202 15811 15255 14282 14554 15267 15888 16510 17323 17305 17668 17756 17863 18572 19104 19308 19423 19579 19983 20625 20891 21680 22431 22956 23152 23423 23099 22187 19343 19492 19842 20469 21179 21755 22153 22868 23434 23941 24819 25592 26300 27110 27593 28474 29469 30148 30825 31313 31671 32361 32916 33290 33744 33526 33657 32883 33020 32980 33661 33761 33178 33576 34536 35086 35203 35495 36373 35963
24901 16427 16635 15422 14736 13834 14059 14635 15252 15921 16704 16704 16931 17060 17605 18096 18615 18687 18742 18884 19557 19825 20329 21034 22122 22539 22925 23173 22748 21875 19062 19310 19597 20086 20707 21251 21929 22616 23148 23868 24678 25441 26149 26888 27397 28101 29061 29855 30495 31104 31430 32103 32696 33159 33679 32995 33193 32428 32431 32519 32939 33141 32710 33176 33859 34331 34560 35282 35477 35628
24691 16114 16345 15079 14476 13612 13799 14259 14741 15641 16290 16292 16634 17081 17535 18112 18213 18257 18327 18918 19150 19420 19783 20881 21859 22457 22800 22762 22397 21545 18752 18992 19216 19701 20288 20973 21565 22174 23003 23771 24621 25484 26289 27168 27747 28549 29679 30692 31518 32008 32229 32963 33298 33334 33124 32455 32535 32063 32006 32138 32452 32446 32560 32851 33410 33953 34444 34731 35275 35464
24467 15800 15901 14738 14160 13269 13423 13763 14542 15214 15936 15885 16565 16982 17507 17615 17796 17885 18313 18421 18697 18946 19758 20683 21775 22317 22254 22221 21864 21075 18342 18485 18716 19202 19994 20711 21308 22261 23083 23804 24742 25664 26510 27404 28058 28853 29902 30687 31232 31779 32047 32533 32849 32863 32512 31862 31888 31719 31765 31831 32023 32497 32420 32627 33265 34102 34066 34669 35209 35599
24172 15537 15651 14477 13913 13014 13134 13731 14206 14851 15334 15802 16438 17019 17085 17195 17570 17773 17846 18049 18329 18768 19419 20481 21491 22009 21610 21524 21212 20522 17958 18114 18292 18894 19788 20469 21265 22217 23009 23826 24835 25838 26814 27911 28804 29958 31020 31818 32544 33325 33736 34247 34499 32697 32237 31528 31594 31457 31726 31544 32068 32251 32226 32527 33292 33606 34169 34579 35245 35543
23902 15194 15311 14212 13584 12744 12865 13202 13770 14161 15309 15776 16468 16553 16535 16831 17436 17272 17516 17648 18009 18455 19292 20215 21189 21684 21014 20958 20713 20062 17606 17689 17971 18631 19441 20337 21167 22151 22985 23806 24842 25931 27008 28192 28818 29611 30759 31681 32492 33187 33423 33861 33805 32214 31769 31064 31066 31186 31246 31206 31618 31878 31951 32143 32710 33615 33991 34531 35139 35339
23437 14844 14898 13904 13221 12358 12381 12888 13201 14142 15112 15540 15788 15899 16091 16613 16949 16865 16949 17199 17734 18364 19054 19988 20919 21473 20426 20312 20108 19581 17296 17447 17767 18321 19377 20438 21379 22457 23379 24295 25189 25988 27011 27928 28536 29414 30598 31725 32409 32978 33161 33565 33363 31916 31394 30679 30767 30763 30829 30989 31356 31566 31578 31765 32596 33346 33915 34355 34908 35122
23016 14507 14598 13623 12966 12007 12062 12410 13248 14386 15203 15046 15280 15569 15990 16296 16647 16451 16676 17096 17828 18548 19480 20434 20957 20927 20064 19899 19685 19235 17047 17235 17492 18256 19546 20771 21806 22863 23537 24134 24906 25912 26659 27598 28283 29214 30495 31402 31998 32629 32607 32845 32655 31354 30793 30165 30264 30282 30601 30675 31130 31472 31263 31722 32832 34058 35029 35994 37081 37724
22531 13841 13874 13035 12513 11445 11285 11998 12710 13524 14321 14108 14598 15025 15252 15544 15830 15756 16137 16644 17341 17984 18532 19120 19692 19678 19094 18975 18923 18507 16414 16553 16886 17737 19050 20219 21099 21990 22661 23314 24431 25341 26185 27212 27821 28870 30151 30944 31642 31999 31987 32285 32009 30931 30462 29861 29926 30043 30348 30234 30756 30941 30938 31831 33058 34206 35083 36045 37174 37603
21715 12983 12810 12250 11750 10681 10363 11006 11632 12389 12955 13147 13729 14120 14211 14392 14923 15010 15529 15952 16539 16800 17182 17820 18353 18721 17967 17994 18179 17619 15629 15787 16115 16811 17931 18968 19737 20691 21362 22229 23210 24186 25089 26060 26749 27745 28948 29886 30391 30834 30836 31240 31036 30259 30009 29514 29532 29646 29774 29714 30089 30222 30743 31424 32561 33660 34743 35575 36652 37290
20976 12378 12115 11664 11257 10049 9789 10447 11010 11630 12320 12627 13135 13468 13526 13972 14532 14814 15251 15643 15829 15981 16526 17146 17834 18135 17170 17252 17370 16762 14913 15056 15295 15850 16862 17844 18693 19634 20500 21248 22260 23237 24052 25122 25923 26855 27986 28734 29254 29837 29807 30328 30077 29556 29439 29078 29134 29216 29318 29497 29799 30464 31276 31953 33237 34374 35480 36423 37318 37926
19988 11770 11509 10965 10655 9458 9356 9824 10307 11182 11730 12155 12619 12896 13231 13696 14228 14468 14992 15230 15302 15351 15888 16594 17204 17562 16326 16358 16254 15696 14027 14152 14424 14933 15821 16639 17389 18489 19287 20137 21078 21878 22786 23855 24772 25642 26540 27391 27896 28459 28625 29028 28978 28674 28624 28412 28522 28630 28955 29251 29838 30531 31142 31930 33253 34479 35471 36228 37177 37771
19216 11199 11096 10470 10253 8986 8981 9465 10116 10844 11444 11900 12299 12688 13049 13566 13947 14302 14723 14785 14806 14933 15416 16124 16753 17210 15702 15627 15493 14957 13436 13589 13821 14291 15145 15919 16741 17781 18706 19562 20393 21322 22230 23336 24222 25044 26069 26813 27280 27844 28020 28487 28208 27955 27911 27789 27908 28134 28630 29002 29697 30389 30981 31948 33299 34522 35487 36301 37269 37847
18519 10657 10645 9971 9860 8585 8599 9163 9709 10456 11201 11611 12142 12483 12841 13244 13712 14020 14232 14266 14386 14453 14868 15544 16385 16791 15095 14957 14836 14311 12910 13016 13219 13717 14563 15350 16117 17245 18180 18922 19833 20765 21721 22802 23600 24515 25493 26258 26710 27265 27509 27766 27472 27319 27262 27200 27457 27844 28408 28798 29506 30260 30956 31867 33239 34580 35578 36426 37472 38062
17923 10260 10298 9597 9550 8297 8357 8864 9476 10287 10978 11476 11918 12353 12626 13073 13687 13610 13782 13854 13957 13953 14399 15310 16106 16603 14605 14424 14311 13814 12545 12632 12808 13250 14062 14815 15682 16853 17673 18441 19415 20425 21394 22372 23243 24093 25094 25799 26292 26907 26999 27320 26964 26835 26802 26927 27314 27724 28244 28731 29437 30284 30944 31852 33289 34636 35631 36410 37505 38071
17397 9944 10037 9248 9264 8079 8174 8676 9400 10063 10839 11298 11785 12171 12433 13003 13438 13155 13334 13422 13508 13521 14146 14927 15902 16125 14111 13888 13812 13326 12199 12277 12449 12901 13700 14488 15397 16432 17292 18112 19127 20134 20999 22009 22792 23625 24602 25369 25877 26343 26548 26686 26464 26396 26573 26830 27268 27593 28166 28678 29402 30214 30876 31802 33229 34572 35480 36338 37447 37964
16934 9680 9770 8963 9006 7902 7960 8577 9226 9944 10732 11176 11638 12008 12393 12781 13009 12749 12924 12977 13087 13307 13836 14786 15491 15582 13669 13429 13396 12934 11944 12021 12197 12670 13497 14344 15151 16204 17108 17955 18960 19857 20769 21687 22434 23226 24263 25032 25431 25976 25974 26160 26021 26208 26510 26825 27189 27614 28170 28661 29370 30189 30890 31776 33192 34497 35429 36306 37390 37918
16430 9423 9535 8689 8684 7732 7816 8377 9114 9898 10647 11041 11510 12027 12226 12401 12556 12363 12526 12624 12913 13033 13780 14472 15009 15036 13274 13024 12996 12562 11706 11798 12016 12507 13331 14058 14894 15984 16911 17763 18655 19572 20385 21267 21990 22836 23838 24489 24983 25401 25336 25522 25774 26080 26470 26695 27206 27664 28293 28839 29626 30446 31120 32018 33451 34784 35749 36621 37700 38125
15955 9146 9286 8392 8393 7536 7585 8263 9026 9720 10480 10875 11453 11961 11767 11889 12021 11946 12118 12346 12552 12981 13428 13957 14568 14465 12906 12651 12681 12247 11502 11613 11806 12293 13032 13819 14692 15816 16734 17449 18372 19212 19986 20888 21617 22415 23315 24065 24442 24789 24749 25283 25634 26043 26333 26762 27398 27949 28601 29169 29901 30711 31431 32271 33667 34903 35769 36614 37594 38112
15388 8865 8999 8056 8093 7331 7384 8091 8823 9595 10336 10813 11423 11488 11321 11444 11620 11560 11876 12065 12550 12656 13019 13640 14365 13975 12587 12329 12313 11935 11291 11384 11582 12024 12784 13577 14500 15592 16365 17108 17944 18727 19542 20464 21199 21876 22816 23472 23790 24134 24426 25111 25523 25776 26270 26743 27383 27942 28574 29143 29895 30711 31432 32269 33633 34891 35746 36599 37583 37913
14813 8587 8751 7741 7766 7121 7216 7905 8730 9472 10277 10763 10986 10948 10879 11034 11174 11309 11581 12056 12232 12265 12719 13452 14044 13494 12279 12016 11961 11646 11111 11216 11387 11855 12609 13450 14341 15276 16077 16746 17515 18323 19152 20077 20691 21409 22245 22831 23156 23822 24258 25014 25268 25711 26258 26735 27391 27934 28560 29154 29930 30776 31482 32340 33722 35005 35865 36766 37770 37413
14257 8307 8476 7407 7470 6922 7008 7764 8553 9359 10211 10304 10414 10405 10429 10562 10885 10991 11527 11700 11818 11943 12470 13062 13457 12997 11971 11721 11648 11393 10950 11033 11239 11721 12519 13301 14036 14978 15714 16328 17114 17942 18782 19595 20233 20831 21606 22211 22857 23665 24168 24772 25226 25754 26317 26819 27524 28099 28806 29482 30371 31344 32154 33094 34614 36016 36945 37881 38663 36917
13722 8031 8235 7107 7094 6746 6849 7597 8495 9349 10055 9795 9877 9983 10014 10313 10599 10944 11231 11303 11488 11666 12115 12531 12811 12513 11669 11451 11367 11158 10806 10942 11140 11662 12382 13025 13768 14684 15370 15982 16861 17721 18476 19241 19770 20347 21155 22012 22824 23634 24045 24759 25289 25877 26489 27055 27841 28459 29234 29973 30930 31891 32610 33531 35029 36234 36909 37549 38252 36326
13239 7749 7854 6764 6803 6574 6664 7512 8423 9132 9775 9299 9449 9534 9729 10037 10517 10679 10833 10942 11168 11333 11572 11866 12263 12047 11398 11224 11122 10945 10648 10756 10965 11434 12053 12712 13443 14311 14988 15677 16601 17406 18116 18805 19281 19871 20933 21973 22771 23518 24019 24773 25317 25904 26549 27128 27914 28549 29302 30008 30920 31833 32592 33461 34846 35960 36568 37162 38041 35728
12698 7460 7359 6428 6425 6358 6534 7428 8218 8829 9228 8771 8934 9218 9430 9904 10247 10245 10417 10582 11062 10810 10947 11348 11726 11596 11140 11000 10869 10755 10527 10649 10823 11191 11798 12451 13143 13983 14718 15452 16285 17002 17619 18288 18764 19579 20801 21833 22597 23453 23949 24785 25308 25994 26685 27257 28082 28708 29441 30238 31257 32318 33045 33394 34658 35698 36250 37029 37417 35194
12088 7066 6683 5958 6053 6064 6275 7076 7768 8100 8328 8117 8454 8743 9076 9457 9631 9695 9863 10246 10966 10121 10282 10671 11133 11109 10882 10817 10703 10633 10419 10496 10557 10915 11487 12068 12734 13613 14401 15051 15800 16442 17041 17744 18386 19341 20548 21545 22429 23304 23871 24664 25269 25929 26588 27142 27953 28519 29313 30105 31202 32141 32283 32956 34136 35132 35878 36161 36530 34549
11624 6750 6155 5645 5834 5896 6105 6817 7216 7375 7585 7762 8091 8526 8770 8914 9154 9219 9642 10253 10620 9509 9661 10119 10612 10716 10615 10738 10565 10515 10344 10350 10450 10759 11247 11837 12546 13496 14218 14826 15541 16153 16768 17549 18325 19312 20500 21517 22445 23317 23907 24703 25288 25942 26608 27140 27925 28517 29310 30129 31064 31461 31902 32541 33681 34838 35118 35316 35760 33991
11081 6387 5621 5340 5587 5640 5854 6320 6547 6639 7144 7260 7774 8282 8168 8325 8627 8892 9535 10049 9797 8856 9053 9547 10155 10293 10457 10463 10395 10377 10281 10381 10469 10653 11115 11751 12514 13380 14071 14685 15356 15946 16619 17514 18389 19413 20595 21635 22640 23661 24405 25348 26049 26812 27603 28216 29087 29111 29444 29951 30320 31014 31410 32129 33320 34019 34239 34457 35162 33430
10444 6005 5145 5021 5287 5396 5465 5763 5933 6342 6610 6944 7536 7726 7614 7789 8235 8743 9311 9532 9034 8298 8512 9091 9696 10140 10089 10137 10127 10140 10285 10430 10572 10744 11185 11777 12409 13220 13945 14580 15199 15789 16544 17474 18381 19384 20538 21599 22630 23686 24465 25460 26244 27009 27806 28232 28480 28632 29076 29231 29789 30404 30911 31763 32501 33077 33348 33806 34501 32862
9860 5640 4772 4755 5066 5043 5065 5289 5730 5939 6356 6787 7077 7190 7151 7446 8089 8575 8857 8882 8365 7821 8087 8638 9505 9931 9672 9781 9791 10070 10260 10520 10735 10891 11251 11712 12318 13149 13909 14549 15144 15817 16670 17730 18773 19871 21143 22321 23413 24592 25480 26597 27458 27477 27629 27653 28075 28363 28461 28789 29267 29992 30602 31075 31718 32261 32818 33248 33616 32390
9217 5279 4478 4502 4725 4664 4718 5147 5377 5718 6166 6330 6571 6718 6844 7303 7874 8099 8193 8220 7790 7428 7648 8387 9212 9319 9173 9278 9573 9944 10280 10604 10892 11114 11487 11929 12593 13506 14372 15127 15804 16408 17334 18544 19616 20743 22113 23438 24579 25233 25735 26704 26696 26757 26959 27212 27786 27772 28088 28377 28922 29723 30036 30456 31112 31916 32416 32571 32698 31986
8511 4876 4101 4137 4335 4255 4518 4689 5014 5344 5593 5756 6001 6284 6570 6997 7255 7346 7446 7400 7124 6968 7296 7946 8553 8727 8678 9062 9455 9948 10295 10696 11082 11408 11854 12311 12971 13872 14496 15081 15562 16300 17297 18449 19488 20623 22063 23376 23896 24756 25482 25764 25890 25977 26389 26766 27050 27246 27544 27935 28575 29121 29390 29782 30754 31509 31719 31692 31891 31548
7870 4464 3735 3795 3860 4068 4069 4297 4575 4735 5068 5258 5641 6018 6259 6407 6477 6735 6643 6621 6500 6635 6844 7259 7939 8176 8460 8945 9450 9932 10334 10886 11386 11744 12186 12636 13124 13637 14321 14836 15431 16242 17166 18312 19337 20537 21994 22716 23426 24557 24514 24892 25104 25397 25913 26017 26525 26714 27174 27570 28050 28588 28794 29471 30485 31058 30933 31044 31186 31263
7290 4089 3335 3410 3672 3783 3665 3854 3991 4248 4699 5056 5441 5925 5733 5796 5906 6016 6023 5963 6201 6371 6396 6866 7568 8094 8503 9120 9823 10445 10527 10798 11160 11601 12147 12489 12823 13542 14112 14670 15333 16099 17037 18236 19347 20504 21299 22264 23217 23919 23590 23950 24349 24698 24890 25228 25801 26201 26680 27006 27630 28051 28620 29209 30210 30258 30405 30564 30927 31102
6800 3793 3160 3314 3374 3599 3440 3608 3898 4339 4776 5196 5648 5755 5474 5368 5457 5627 5623 5886 6108 6073 6356 7001 7750 8319 8771 9464 9755 10012 10203 10498 10897 11324 11814 12236 12888 13745 14476 15151 15884 16696 17628 18752 19359 19944 20956 22050 22596 22898 22650 23114 23646 23768 24219 24765 25419 25846 26356 26816 27387 27933 28511 29067 29592 29738 30223 30356 30805 30903
6244 3517 3045 3074 3231 3239 3282 3550 4157 4601 5245 5284 5458 5347 5218 5063 5264 5213 5548 5960 5870 5914 6507 7370 8301 8621 8836 8954 9269 9669 9875 10228 10597 10968 11539 12226 13082 13998 14845 15508 16291 16996 17653 18351 18999 19841 21069 21692 21821 21942 22103 22751 22966 23259 23865 24490 25131 25659 26223 26824 27338 28155 28709 28738 29114 29698 30007 30360 30603 31029
5502 3143 2593 2632 2836 2828 2839 3177 3537 4048 4414 4452 4667 4553 4668 4533 4739 4692 5170 5229 5293 5305 6020 6808 7552 7977 7953 8195 8755 9228 9531 9935 10150 10627 11404 12132 12826 13781 14517 15147 15824 16422 17092 17887 18711 19604 20478 20895 20943 21406 21912 22472 22780 23181 23731 24340 25026 25592 26226 26815 27362 28091 28324 28304 28833 29668 29591 29953 30351 30622
4791 2757 2230 2323 2492 2463 2515 2683 3009 3349 3628 3737 3840 4068 4148 4119 4297 4345 4563 4726 4717 4766 5426 6149 6922 7099 7228 7753 8363 8935 9315 9577 9846 10416 11184 11788 12468 13385 14118 14678 15373 16045 16831 17748 18667 19325 19998 20239 20655 21506 22088 22758 23254 23640 24243 24898 25572 26066 26634 26923 27216 27696 27805 28024 28696 29095 29173 29627 29918 30199
4314 2527 2054 2130 2213 2270 2339 2424 2651 2810 3140 3238 3566 3761 3794 3758 3911 3955 4217 4335 4407 4558 5050 5652 6194 6516 6877 7470 8126 8764 8971 9259 9729 10405 11270 11990 12599 13338 13984 14569 15209 15928 16750 17730 18383 18821 19310 19959 20706 21554 22067 22722 23187 23653 24370 25047 25676 26112 26442 26692 26963 27290 27552 27843 28339 28761 29086 29357 29707 29912
3872 2317 1956 2121 1919 2105 2124 2276 2333 2654 2858 3006 3370 3641 3568 3526 3684 3853 3988 4135 4305 4485 4931 5372 5870 6300 6664 7220 7955 8416 8630 9074 9670 10415 11380 12346 13125 13922 14555 15126 15762 16335 16916 17542 18011 18288 18971 19881 20636 21476 21794 22445 23115 23682 24447 25099 25696 26129 26394 26816 26986 27239 27734 27965 28668 29189 29923 30437 31039 31375
3300 2083 1765 1806 1654 1978 1929 2027 2241 2547 2646 2889 3168 3381 3381 3463 3668 3771 3903 4085 4280 4489 4891 5415 5869 6174 6455 6906 7437 7863 8159 8691 9279 10057 11120 12066 12783 13567 14204 14727 15318 15881 16386 17018 17420 17883 18631 19517 20227 21022 21280 22112 22783 23424 24160 24759 25463 25849 26169 26749 26902 27196 27550 27990 28605 29193 30020 30626 31111 30932
2892 1834 1514 1459 1530 1635 1652 1932 1981 2225 2539 2619 2875 3122 3231 3378 3543 3684 3763 3874 4126 4379 4733 5219 5703 5968 6199 6543 7000 7447 7797 8328 8929 9746 10734 11653 12386 13159 13783 14335 14981 15535 16044 16658 17136 17661 18377 19138 19856 20603 21003 21793 22588 23261 23990 24632 25372 25760 26153 26635 27121 27504 27826 28293 29152 29661 30153 30419 30574 30742
2745 1739 1348 1479 1449 1730 1528 1620 1799 2205 2548 2858 3255 3682 3571 3740 3916 4082 4298 4522 4809 5029 5415 5992 6569 7002 7384 8007 8770 9506 10070 10776 11559 12516 13595 14429 15127 16042 16594 17234 17733 18025 18490 19280 19728 20320 20994 21790 22412 23217 23449 24388 25243 25771 26219 26771 27391 27759 27929 27960 27998 28264 28402 28692 29012 29505 29923 29952 30506 30618
2363 1525 1245 1327 1372 1368 1356 1718 2052 2486 2919 3060 3331 3378 3524 3635 3854 4162 4460 4640 4774 5029 5670 6430 7266 7935 8460 8868 9428 10016 10446 10982 11593 12396 13351 14234 15020 15756 16465 16890 17232 17697 18317 18936 19548 20061 20787 21495 22177 22854 23462 24351 24979 25374 26029 26603 27217 27369 27393 27592 27897 27995 28214 28286 28909 29200 29557 29943 30324 30634
2011 1292 1118 1263 1105 1226 1371 1560 1869 2468 2801 3011 3159 3359 3555 3715 3989 4212 4494 4760 5009 5271 5915 6796 7583 7881 8129 8571 9186 9805 10186 10806 11517 12364 13481 14202 14813 15664 16179 16490 17004 17585 18086 18743 19296 19856 20627 21402 21969 22894 23430 24095 24645 25177 25782 26351 26864 26923 27172 27403 27466 27827 27910 28165 28744 29248 29767 30211 30700 31020
1718 1134 1044 1141 983 1272 1431 1681 1932 2288 2649 2742 3013 3447 3745 4016 4298 4615 4861 5022 5339 5733 6218 6649 7211 7553 7794 8313 8963 9551 10018 10711 11413 12326 13178 13868 14564 15236 15660 16129 16764 17291 17834 18519 19088 19658 20489 21188 21977 22894 23299 23953 24864 25343 25822 26262 26603 26832 27028 27221 27666 27661 27844 28295 29215 29546 30151 30511 30957 31378
1359 845 826 823 887 1224 1275 1551 1721 2111 2434 2691 3162 3666 3878 4123 4442 4651 4812 5073 5497 5742 6026 6550 7029 7350 7662 8153 8773 9379 9858 10459 11123 11850 12789 13698 14255 14897 15390 15865 16477 17051 17603 18334 18893 19552 20277 21238 22005 22759 23097 23886 24421 24826 25267 25570 26069 26202 26509 26974 27157 27388 27828 28304 28943 29556 30437 30723 31431 31587
1020 637 607 709 839 1030 1131 1478 1813 2305 2756 3072 3539 3927 4095 4247 4531 4614 4888 5106 5385 5643 6241 6964 7660 8135 8532 9079 9712 10183 10335 10632 10989 11645 12552 13339 13928 14596 15150 15695 16386 16966 17551 18270 18919 19442 20259 21000 21731 22500 22892 23475 23964 24396 24866 25261 25718 26003 26331 26682 26967 27356 27709 28109 28800 29509 30119 30606 31255 31574
698 524 657 780 941 1295 1437 1784 2005 2422 2895 3261 3868 4293 4354 4605 4988 5083 5399 5768 6209 6443 6704 7311 7899 8285 8598 9102 9608 9961 10181 10500 10932 11536 12350 13054 13568 14321 14952 15541 16214 16822 17440 18218 18738 19384 20181 21015 21767 22479 22821 23591 24211 24747 25335 25835 26411 26857 27235 27639 28011 28360 28731 29212 29851 30536 31244 31673 32318 32534
314 469 616 750 906 1138 1357 1745 2087 2552 2957 3231 3710 4048 4259 4539 4864 5098 5377 5694 6046 6285 6697 7367 8021 8382 8639 9037 9466 9852 10105 10460 10864 11405 12156 12885 13532 14312 14997 15582 16181 16774 17384 18131 18710 19310 20082 20888 21596 22349 22748 23497 24110 24628 25260 25777 26406 26776 27132 27584 28031 28493 28856 29416 30168 30914 31559 32079 32727 32898
