479 329 266 313 274 460 312 245 248 237 340 390 484 548 419 415 409 306 210 203 400 577 657 587 588 494 572 470 433 398 467 421 458 456 418 447 444 553 399 424 632 840 797 852 944 472 724 435 294 255 434 461 316 377 481 299 465 717 918 753 513 432 535 602 664 577 822 747 602 911
572 274 303 306 203 317 187 131 182 189 260 244 318 400 328 332 238 301 352 340 476 582 566 430 428 384 527 466 456 433 505 435 444 441 437 454 380 485 359 277 431 468 421 543 624 274 467 363 177 213 397 283 180 222 402 307 434 431 742 625 484 353 571 460 532 466 571 632 528 761
450 251 273 455 276 396 401 255 324 323 384 305 313 616 484 484 478 500 536 511 664 850 935 859 882 801 942 860 864 810 919 839 846 848 801 784 783 863 662 579 733 671 366 629 888 463 705 704 375 414 678 466 435 307 563 471 499 535 851 711 513 349 475 362 603 514 623 601 487 829
409 362 205 355 272 364 320 220 431 431 503 375 412 608 560 406 376 331 347 345 539 707 710 609 613 586 696 660 662 652 722 660 650 690 700 728 735 867 564 476 849 838 572 546 595 401 484 752 437 301 413 304 266 181 461 272 392 469 576 359 206 200 456 331 366 299 365 460 412 656
878 626 484 516 473 372 405 269 510 595 513 390 570 796 885 676 558 565 635 621 688 744 675 577 611 653 815 884 939 941 1021 978 906 1025 1102 1101 1023 1057 918 832 1103 944 464 423 367 308 283 835 562 333 496 267 272 182 415 439 430 263 343 248 261 262 466 269 222 316 120 448 339 469
616 328 349 322 342 446 447 181 264 298 317 287 474 678 666 548 442 396 412 394 503 636 705 676 730 707 870 840 844 808 905 860 843 900 913 875 823 845 766 815 949 926 547 604 788 328 532 634 444 254 592 407 323 254 283 363 301 302 473 433 358 227 188 236 275 316 357 350 189 397
609 459 380 526 419 470 554 266 442 505 481 409 530 749 716 563 541 499 522 521 665 844 940 904 947 906 1069 1064 1091 1048 1165 1109 1064 1136 1139 1097 1088 1149 991 894 1153 1003 516 555 699 409 535 883 518 407 712 395 435 192 412 427 336 308 439 359 262 173 255 161 293 264 266 325 220 417
655 404 361 481 456 493 477 293 442 459 521 441 495 587 570 490 452 372 371 295 423 608 705 716 763 726 846 796 794 742 812 764 748 791 794 744 782 843 635 673 789 782 484 566 694 425 594 711 428 368 614 484 385 227 407 325 318 421 509 419 284 183 233 247 307 308 371 422 247 480
723 449 490 665 651 794 821 484 611 569 720 641 620 620 557 469 480 380 405 368 545 786 979 1051 1140 1111 1286 1198 1162 1078 1161 1096 1104 1097 1087 997 1043 1153 932 960 1008 1028 778 949 1149 760 1044 987 592 644 970 843 697 428 580 508 450 607 758 708 476 316 282 353 495 399 604 451 313 547
855 461 554 608 584 683 597 433 502 490 602 664 621 469 348 402 377 373 331 216 342 526 679 706 718 673 818 763 742 677 737 679 692 645 665 597 667 854 652 608 668 782 733 809 862 492 766 544 368 478 663 624 468 339 411 327 351 541 705 666 468 325 340 437 482 378 634 566 385 584
835 540 575 572 589 743 673 408 543 570 633 589 669 749 670 596 503 437 437 399 610 823 918 868 874 834 994 943 938 904 977 905 881 871 874 789 837 958 753 734 851 808 625 569 768 372 565 753 561 445 749 520 433 259 288 264 188 252 344 333 253 111 131 150 201 171 319 218 102 248
1051 719 749 762 730 887 788 503 628 673 731 742 794 673 569 533 483 419 412 411 668 898 1019 954 947 895 1075 1028 1015 967 1040 955 919 882 880 771 819 990 820 703 789 735 717 625 744 425 613 754 513 559 862 577 505 253 323 266 181 245 351 393 285 136 221 179 266 162 365 243 159 228
505 371 367 450 377 567 496 336 519 502 546 530 573 741 576 422 349 341 371 395 642 822 829 667 640 644 849 853 862 880 978 899 909 869 909 934 946 1233 921 657 1074 1093 915 842 823 422 562 746 497 372 472 327 313 272 424 272 385 403 603 444 276 204 503 330 390 219 385 324 317 536
1209 1131 1022 1083 978 1294 1268 806 1023 1062 1156 1108 1106 987 820 649 687 648 660 847 1275 1546 1677 1532 1498 1452 1686 1649 1632 1591 1687 1556 1488 1425 1423 1313 1327 1609 1367 1032 1398 1215 1201 895 1024 788 915 1384 962 985 1278 833 881 420 554 489 348 373 472 489 349 305 484 311 445 183 501 235 409 344
939 731 707 904 722 834 851 561 768 813 831 788 748 750 602 522 549 547 584 612 877 1120 1240 1149 1139 1096 1309 1300 1317 1270 1378 1275 1226 1192 1195 1108 1167 1402 1140 830 1073 894 703 683 758 551 684 1029 598 715 949 566 621 244 516 414 332 315 478 447 290 176 405 178 382 189 341 286 282 392
1166 642 610 577 536 483 488 352 427 457 428 411 447 514 455 415 407 451 454 517 645 669 664 571 602 661 894 953 989 954 1022 934 877 872 959 897 805 949 889 709 734 688 486 596 491 343 469 624 410 424 534 432 314 184 274 312 291 210 464 499 365 349 427 241 280 266 289 422 370 473
1159 808 760 776 646 673 628 422 591 683 616 571 682 728 674 574 506 529 600 685 912 1037 1015 830 817 821 1050 1087 1125 1111 1204 1105 1026 1033 1068 1002 940 1091 986 704 862 654 512 459 441 311 356 800 490 514 742 351 377 156 363 345 283 95 296 326 282 195 473 146 257 188 171 280 271 307
704 560 574 565 413 607 549 399 570 621 636 577 599 911 734 696 582 733 768 746 961 1123 1116 911 818 754 911 897 937 943 1039 934 899 867 876 858 884 1088 795 542 950 771 529 392 615 245 361 790 638 474 648 295 376 247 367 353 332 257 468 348 327 234 441 278 361 261 391 378 399 554
631 499 411 412 324 400 371 259 494 543 509 417 530 842 784 601 467 552 616 627 791 882 794 594 550 567 741 790 841 874 964 890 848 885 949 983 937 1114 854 622 1089 954 599 450 455 230 244 773 573 306 399 155 209 175 355 322 378 240 394 233 220 213 509 281 258 225 194 359 362 513
583 500 427 322 319 506 382 300 448 502 455 423 652 1107 984 817 640 614 590 611 844 974 882 636 561 531 667 678 717 776 868 802 786 809 833 884 865 1018 780 652 1116 1090 790 565 675 194 260 677 659 218 365 164 187 306 308 257 340 303 430 267 265 228 450 326 291 298 335 357 316 537
1033 944 811 734 679 687 516 440 738 900 769 769 1106 1131 1214 980 713 709 784 733 873 991 850 618 549 529 647 712 760 825 905 884 819 938 992 1049 1001 1108 945 764 1278 1141 932 529 386 276 154 791 662 371 544 169 279 338 562 494 578 380 355 223 366 320 791 555 403 444 269 611 491 524
863 713 572 392 432 481 323 300 387 530 376 492 869 1129 1084 965 792 687 551 512 649 743 679 497 424 359 427 471 519 566 650 640 602 698 728 781 757 814 748 725 1119 1181 878 569 533 118 146 442 556 115 282 123 139 326 273 277 347 379 389 282 334 327 466 465 334 445 405 585 390 569
774 621 522 493 465 504 421 288 432 562 416 417 771 1099 1092 910 745 612 597 593 761 912 867 694 679 630 756 778 823 853 963 933 889 993 992 1011 976 996 910 857 1154 1069 677 544 606 222 254 678 553 220 513 193 243 284 389 371 374 282 355 271 301 203 415 267 293 377 250 404 224 431
488 403 357 391 258 352 331 249 393 469 434 417 520 894 772 734 637 722 687 585 690 836 857 733 666 574 658 649 697 695 797 744 720 764 765 787 825 930 684 571 998 904 472 392 586 194 309 627 523 279 450 198 277 240 379 373 388 403 548 365 338 271 399 359 405 397 444 555 436 698
807 691 651 524 459 606 404 275 456 587 577 646 879 764 761 690 472 537 552 465 609 766 746 581 493 395 473 449 457 470 540 505 467 524 532 546 534 645 504 402 830 772 730 362 411 138 181 465 413 259 501 166 216 222 333 310 350 320 359 258 340 237 508 491 376 352 419 558 436 470
635 489 439 572 364 380 349 327 542 600 604 515 484 713 621 614 539 690 733 611 710 852 845 716 653 588 687 680 726 713 793 720 686 709 724 731 781 929 611 412 785 630 321 314 422 269 334 703 468 421 513 252 321 196 512 410 466 427 594 401 349 284 565 386 457 400 415 630 546 770
910 565 509 401 393 429 268 260 372 425 452 428 499 555 506 516 401 443 408 347 487 573 533 404 351 322 421 408 425 419 450 383 347 353 393 370 368 480 304 263 427 439 384 268 295 106 197 379 348 223 322 230 123 128 189 126 191 232 337 267 236 207 343 298 214 248 319 466 358 480
1218 1051 904 611 688 787 692 572 765 885 876 802 972 1242 1241 1160 961 1079 999 918 1036 1096 1036 898 789 739 785 802 854 872 902 844 754 826 890 857 863 907 705 746 1163 1027 688 221 435 226 227 896 1030 512 666 433 438 396 270 428 330 331 251 173 354 424 364 486 230 392 421 586 542 543
1870 1549 1447 1116 1067 1081 926 843 1045 1235 1198 1104 1266 1317 1397 1418 1163 1428 1466 1384 1466 1486 1364 1159 1028 957 1014 1026 1084 1085 1103 1021 886 965 1013 942 881 866 775 736 1004 687 561 125 337 365 296 1057 1129 869 1089 637 688 564 588 781 638 430 434 448 735 731 825 768 555 724 643 974 945 800
1590 1121 1071 773 736 791 667 590 642 747 776 664 729 906 891 996 854 1072 1074 1079 1207 1212 1133 953 872 819 919 886 922 888 907 792 689 701 726 628 536 520 476 481 506 293 223 88 379 259 345 764 804 657 877 587 504 387 345 515 391 271 456 509 624 599 550 499 428 562 596 754 749 723
1789 1128 1176 878 820 801 671 667 544 645 690 743 762 727 681 992 924 1172 1081 988 982 953 987 934 880 777 836 772 790 695 710 625 555 554 562 450 366 303 404 510 314 274 292 379 634 423 662 508 642 732 957 835 656 595 504 714 612 650 932 1029 1042 961 730 873 835 970 1104 1269 1103 1157
1143 703 673 417 441 492 335 449 400 401 554 562 495 565 485 703 637 870 739 603 600 564 557 514 443 378 388 321 322 268 255 190 178 164 212 201 164 211 88 229 321 480 459 450 608 363 591 368 560 449 448 627 389 504 407 465 567 784 988 875 804 847 680 929 739 834 1065 1216 1093 1264
1082 721 657 479 461 472 307 427 424 466 579 612 582 574 520 727 660 845 706 522 509 525 543 518 441 340 317 250 254 200 195 152 134 153 181 174 183 215 76 210 351 487 445 387 512 323 507 341 487 411 439 544 366 446 442 447 551 784 908 775 724 747 656 892 718 808 994 1208 1026 1201
1037 698 616 450 366 358 227 362 386 443 507 540 499 553 472 658 600 854 739 594 586 569 545 459 361 279 290 267 295 258 269 211 179 192 242 254 234 314 168 161 401 466 376 298 359 222 357 328 444 371 341 384 278 343 390 412 520 657 833 687 649 704 705 816 664 718 866 1133 1018 1169
1004 706 594 525 377 298 234 329 395 480 510 570 525 465 423 585 564 830 730 563 505 494 512 476 400 314 328 330 366 311 340 300 255 305 362 376 357 434 307 247 539 563 386 323 299 266 370 369 372 394 373 360 315 293 458 489 575 690 845 690 640 701 744 831 701 727 828 1183 1042 1173
917 655 557 534 350 263 191 290 389 487 481 538 535 500 467 590 539 788 730 565 517 528 521 450 374 289 319 330 373 334 380 343 302 362 411 443 421 506 369 257 588 576 381 329 278 236 309 370 322 353 352 268 270 266 501 496 604 652 821 648 612 636 793 789 698 706 748 1133 980 1131
1025 674 618 541 382 291 177 294 351 452 438 524 555 483 456 608 530 768 714 550 498 494 471 388 315 236 275 284 322 285 327 290 253 305 352 378 337 409 326 237 479 497 379 354 290 210 303 271 274 328 348 280 244 293 481 488 603 634 833 702 673 666 814 812 715 743 779 1157 975 1120
1007 710 602 539 387 307 190 305 400 500 487 555 565 496 451 575 517 729 654 511 507 521 494 395 306 231 267 284 325 296 332 288 242 285 339 362 346 454 319 195 495 504 399 293 205 176 233 312 302 322 303 232 211 223 417 385 502 558 702 559 528 562 740 714 602 611 667 1030 890 1011
1066 714 653 590 418 352 180 350 376 482 438 558 596 561 460 643 586 755 656 517 543 578 550 414 312 212 251 253 293 270 314 266 235 252 276 302 298 412 309 171 387 438 418 384 306 172 269 210 248 315 316 244 211 287 459 383 530 599 804 682 621 600 807 743 702 698 772 1088 908 1086
1045 676 631 584 413 329 166 342 379 476 432 542 575 548 456 629 564 738 657 508 518 547 511 380 288 202 251 260 301 280 326 280 254 273 305 336 329 447 335 193 402 455 416 416 317 188 284 217 237 312 302 244 206 294 485 402 562 613 830 700 634 605 831 751 711 709 760 1096 906 1099
1058 704 641 608 439 330 170 353 402 514 443 565 620 595 511 672 606 753 659 497 502 539 505 380 287 199 239 259 306 289 337 300 270 302 335 368 374 487 375 235 457 509 437 416 294 178 254 224 246 300 291 223 200 289 488 398 556 611 793 661 606 581 817 735 689 700 725 1088 874 1072
1042 738 678 592 418 358 164 359 403 519 442 606 702 655 559 697 598 781 696 560 575 590 520 343 228 142 192 223 268 272 327 292 271 299 342 412 382 532 434 237 571 649 631 532 356 198 260 207 272 294 256 190 190 357 537 451 657 684 897 739 697 684 988 888 804 782 828 1187 1009 1185
1066 813 695 595 438 405 186 365 410 544 452 636 765 692 579 700 623 740 607 506 580 623 564 372 241 138 174 202 245 254 306 271 239 267 298 361 349 506 414 212 573 664 688 490 304 151 193 194 276 264 234 147 160 304 453 342 536 610 761 617 576 592 894 801 709 680 756 1076 916 1060
1089 776 702 637 472 415 198 380 440 562 469 634 737 662 549 672 586 701 604 490 562 614 550 358 240 156 217 251 295 304 358 317 289 303 340 391 389 562 449 226 527 600 635 505 304 162 208 206 249 285 257 161 162 293 474 341 537 573 749 621 569 550 890 744 685 647 698 1023 849 1009
1296 994 833 781 628 490 273 505 606 751 610 783 900 785 696 785 720 796 663 554 627 660 570 372 246 182 233 309 369 391 434 403 356 391 454 515 524 715 590 333 678 760 779 570 233 226 193 309 356 361 253 190 204 334 545 374 594 637 732 596 555 608 1002 811 699 682 677 1101 927 1055
1158 860 735 619 522 415 225 382 506 631 520 683 848 702 681 688 560 682 612 514 536 526 413 234 140 120 203 292 343 372 420 401 363 422 519 601 543 722 631 406 812 905 865 629 270 226 198 303 344 277 195 156 151 330 501 415 633 614 726 583 573 626 994 857 662 661 634 1064 906 997
1155 805 710 633 545 375 246 415 578 665 573 685 793 691 705 678 542 719 705 578 530 475 340 196 135 172 285 404 464 493 539 523 492 558 696 790 713 905 775 543 949 1036 886 751 338 347 314 429 417 350 208 242 212 401 615 550 789 720 866 693 668 734 1107 949 730 742 658 1161 1000 1122
1227 762 710 638 578 341 269 431 560 615 546 667 746 590 649 633 515 727 732 583 439 323 208 142 135 213 349 481 535 541 584 582 564 643 813 907 785 951 878 701 1013 1157 944 956 484 505 521 452 417 410 250 403 302 514 723 717 963 895 1100 939 868 937 1222 1126 884 919 817 1368 1162 1310
1141 643 617 528 523 293 264 356 477 505 482 567 657 497 614 563 431 642 678 528 340 205 110 105 147 249 396 514 554 544 584 591 580 680 859 944 787 901 861 784 1039 1200 916 992 567 556 612 478 415 381 274 474 319 526 702 759 975 909 1122 972 895 953 1134 1124 854 928 816 1347 1124 1275
1033 498 545 538 520 296 299 338 438 440 461 552 591 369 480 466 362 557 608 411 195 103 90 165 244 330 481 564 587 544 592 605 615 703 861 921 796 897 851 823 980 1164 865 1076 715 639 778 468 332 412 371 582 395 543 748 799 989 976 1219 1081 946 932 1047 1105 905 950 886 1351 1068 1273
1128 603 610 654 626 379 362 416 514 537 537 683 694 367 434 462 420 541 512 294 117 79 124 227 287 341 466 548 569 515 558 576 578 652 796 830 781 915 846 797 932 1151 914 1073 665 629 765 430 299 441 381 594 417 497 709 693 871 964 1125 1009 839 839 947 1028 851 867 857 1297 983 1181
1059 577 578 605 611 419 361 375 474 505 527 675 721 347 422 441 382 441 397 177 43 54 124 235 291 317 420 468 473 417 454 476 481 556 673 693 669 783 710 724 844 1078 902 991 647 567 715 378 261 377 383 566 377 443 620 583 743 885 986 883 729 705 789 927 742 764 791 1163 834 1014
961 586 524 605 577 485 357 356 410 457 454 646 740 378 353 375 384 284 165 42 79 190 295 335 365 331 427 436 425 375 428 433 442 483 533 545 562 712 641 596 714 979 956 994 679 502 666 299 152 306 365 475 316 349 530 362 538 769 858 773 547 504 664 725 665 607 727 936 642 848
762 382 392 418 369 404 326 189 245 229 360 419 455 124 154 130 98 161 207 182 218 275 341 357 430 435 595 557 516 447 503 468 482 509 560 568 448 563 524 485 595 755 759 898 754 559 779 411 134 340 489 534 342 323 532 474 614 695 963 878 658 580 718 746 710 612 766 890 746 889
599 211 252 290 234 283 254 201 175 125 251 300 262 272 178 250 268 351 308 240 260 312 404 428 475 453 582 532 514 442 505 458 493 485 519 530 471 584 480 485 571 768 604 878 890 512 817 374 216 310 405 549 345 379 487 449 583 761 1090 961 694 625 603 706 739 675 883 932 764 1069
770 521 670 778 543 635 604 537 553 623 563 753 794 957 709 839 795 928 865 694 745 921 1053 976 909 780 906 896 936 901 1039 992 1013 986 972 982 1056 1257 1085 843 1149 1163 863 988 1095 515 783 603 506 574 758 526 605 582 727 710 750 819 1138 1009 859 656 787 768 956 812 992 1012 790 1127
746 479 622 549 409 562 502 495 468 500 495 672 696 976 711 855 769 995 896 739 768 851 917 808 710 611 722 717 758 744 853 798 828 782 808 849 877 1090 907 727 1104 1194 907 943 1081 438 722 513 608 491 574 500 511 629 595 657 738 840 1178 1017 900 784 800 894 935 844 1087 1087 930 1252
485 283 366 450 286 387 386 265 306 335 378 521 540 553 408 473 443 593 549 394 395 524 668 673 656 559 668 639 647 591 702 673 700 711 724 750 764 924 769 643 987 1070 771 866 934 458 729 466 319 374 538 440 439 411 562 575 641 773 1045 879 705 576 629 741 807 681 892 942 747 1034
458 101 204 270 188 256 300 148 168 134 212 179 215 466 401 389 336 433 489 431 446 519 586 579 649 639 813 771 773 715 817 762 787 808 828 832 748 805 700 696 797 835 453 793 953 476 767 558 319 310 537 496 372 370 507 553 599 607 982 862 669 520 513 527 643 618 700 739 575 913
842 399 384 349 259 331 394 279 146 120 151 147 191 580 427 479 557 630 570 701 805 793 832 750 807 801 997 972 987 919 1018 924 918 909 925 912 739 778 824 768 761 822 500 887 1029 557 868 613 445 433 608 628 466 461 481 580 602 632 1120 1078 813 778 654 596 774 757 895 873 826 1137
974 527 417 247 301 330 421 260 183 179 160 108 266 758 694 611 635 651 571 747 847 774 747 657 727 786 991 1027 1062 1025 1108 1027 984 1029 1101 1085 872 864 941 962 1005 1042 568 778 866 458 673 716 633 345 506 555 375 404 289 491 456 432 784 775 615 682 468 448 468 579 606 651 631 855
676 405 292 152 144 222 162 66 72 118 77 107 361 609 575 455 379 376 342 462 593 591 520 353 368 375 540 562 580 583 671 619 596 658 703 754 568 618 648 582 832 896 641 642 605 230 357 405 319 90 249 192 103 234 256 307 400 354 631 544 443 452 551 458 429 461 475 592 533 718
731 341 255 133 161 237 267 149 108 66 159 122 149 403 322 299 334 413 340 439 530 493 504 455 501 535 701 694 698 646 702 624 609 617 687 682 525 594 562 573 685 800 516 677 733 393 635 508 409 260 344 476 265 279 233 332 379 471 793 719 511 577 428 486 457 478 639 665 650 860
632 316 401 214 245 446 338 169 89 110 156 294 546 647 577 562 429 454 411 407 479 540 585 513 533 477 616 563 542 514 610 580 610 639 647 678 544 586 637 700 874 1052 884 934 1059 393 694 336 350 192 484 455 312 492 387 495 563 639 952 885 768 629 567 733 708 710 887 826 647 885
646 322 295 157 171 284 334 142 93 104 146 182 298 580 492 479 466 548 454 481 531 542 615 596 625 601 741 728 741 687 773 718 704 740 784 772 655 686 684 728 905 980 568 660 827 331 601 494 453 236 441 441 316 318 217 406 370 463 743 680 544 538 312 477 463 505 663 653 560 781
588 419 324 217 203 464 357 210 177 169 263 327 428 561 385 355 368 351 233 354 600 701 747 612 586 527 658 598 575 549 623 545 552 524 525 543 458 610 523 449 738 897 844 775 869 373 618 460 388 251 401 399 274 307 262 223 319 503 762 655 444 450 461 512 530 425 732 582 590 783
951 522 393 206 253 258 294 192 184 175 170 122 272 597 583 454 430 504 482 657 741 630 529 397 453 552 770 834 866 854 921 845 805 853 965 992 743 799 844 782 936 994 646 760 671 408 544 622 521 273 332 417 241 334 297 442 505 420 760 709 569 673 640 541 464 537 534 690 707 863
692 324 315 167 121 186 188 123 112 120 148 155 221 517 426 439 380 570 541 556 590 551 521 414 406 410 566 580 611 586 660 589 572 588 656 677 537 622 570 500 722 753 434 533 609 231 433 407 378 211 302 298 194 267 253 390 438 419 764 665 560 564 522 529 496 519 614 728 678 886
716 314 242 204 193 174 226 164 239 197 237 128 134 471 424 328 310 418 439 504 574 528 459 364 410 501 708 756 791 773 835 754 731 748 854 870 727 845 714 614 785 808 433 622 572 358 501 617 432 268 277 356 200 220 307 349 434 380 696 584 415 474 519 390 366 389 401 567 557 783
664 271 201 153 151 82 97 106 141 135 134 103 188 486 466 415 372 442 411 393 390 347 297 239 281 329 475 515 550 531 594 551 541 598 687 727 606 663 583 578 738 837 439 628 558 294 445 418 325 143 171 291 135 253 329 367 486 497 766 632 486 520 538 508 450 530 505 746 610 891
