46691 46884 47379 47541 47529 47976 48144 48792 49149 48895 49177 49540 47128 47285 45843 45817 45161 44876 44488 43698 39340 36954 37267 35546 35559 35757 35963 35712 35850 36015 36214 35750 35873 33993 34033 33867 33767 33930 34188 34227 34125 34295 34930 35150 35601 35976 34157 33975 33903 33542 33513 33679 33848 33963 34370 34217 34117 33614 33352 33188 33395 33818 34038 34017 34104 34118 34568 34803 35055 35162
46247 46411 46908 47090 47424 47488 47811 48165 48492 48005 48324 48706 46231 46458 45069 45153 44574 44451 44101 43338 39020 36520 36724 34921 35052 35266 35480 35180 35370 35719 35708 35299 35347 33793 33853 33687 33667 33903 34015 34108 34042 34429 35212 35532 35490 35498 33827 33535 33459 33193 33272 33445 33634 33845 33838 33760 33657 33301 33185 33048 33371 33875 33996 33861 33877 34141 34523 34674 34875 35098
45957 46169 46559 47114 47067 47311 47530 47816 48136 47370 47618 48035 45416 45711 44215 44248 43755 43736 43452 42773 38631 36055 36349 34470 34617 34821 34988 34769 35124 35176 35168 34917 34929 33542 33603 33423 33463 33662 33887 33864 34016 34540 35190 35255 35127 35094 33529 33161 33118 33010 33043 33253 33534 33597 33378 33493 33237 33019 32984 33085 33412 33883 33807 33694 33925 34214 34748 34855 34894 35285
45468 45657 46374 46561 46711 46902 47051 47461 47884 46827 47068 47276 44639 44872 43441 43416 43121 43080 42887 42268 38238 35543 35681 33833 33935 34126 34166 34250 34374 34417 34478 34323 34361 33236 33285 33107 33204 33560 33512 33692 33932 34241 34811 34858 34586 34553 33191 32802 32796 32749 32805 33058 33235 33111 33015 33059 32916 32800 33067 33309 33451 33453 33516 33714 33985 34267 34563 34719 35022 35602
44717 44988 45550 45987 46102 46264 46418 46719 46988 45893 46043 46257 43802 44165 42729 42767 42494 42563 42290 41677 37878 35165 35127 33388 33557 33608 33836 33784 33821 33968 34152 34029 34057 33022 33018 32996 33176 33242 33382 33583 33964 34126 34538 34615 34348 34259 32928 32645 32517 32540 32779 32963 32906 32795 32693 32682 32686 32874 33131 33207 33075 33275 33580 33979 34117 34428 34433 34720 35083 35697
43710 43988 44527 44986 45109 45323 45440 45862 46212 45102 45249 45443 43138 43471 42044 42104 41698 41706 41429 40891 37414 34762 34919 33055 33107 33286 33422 33297 33401 33606 33641 33772 33745 32643 32670 32735 32705 33032 33189 33241 33539 33895 34129 34087 33977 33817 32406 32341 32257 32251 32444 32521 32483 32449 32501 32444 32534 32611 32711 32724 32858 33239 33420 33722 33896 34234 34514 34723 35015 35294
43085 43417 43924 44376 44472 44546 44727 45312 46127 44493 44614 44927 42611 42941 41565 41597 41208 41190 40917 40422 37141 34502 34640 32699 32821 32950 32983 32960 33184 33248 33405 33421 33531 32468 32498 32468 32680 32962 33090 33311 33533 33626 33787 33872 33612 33376 32094 31987 32025 32050 32169 32206 32218 32303 32282 32404 32317 32462 32529 32663 32873 33185 33527 33857 34065 34417 34750 35045 35296 35835
42180 42457 43039 43498 43470 43629 44005 45061 45611 43795 44017 44332 41978 42377 40994 40986 40678 40570 40341 39888 36832 34189 34369 32287 32329 32395 32538 32559 32642 32862 32990 33106 33207 32239 32218 32307 32500 32774 33004 33039 33125 33091 33404 33538 33215 32932 31750 31784 31947 31793 31846 31905 31988 32126 32178 32217 32241 32237 32382 32593 32801 33168 33507 33787 34085 34476 34855 35195 35587 36105
41364 41716 42302 42669 42654 42969 43725 44445 44761 42922 43160 43610 41128 41515 40249 40272 40033 39931 39755 39407 36637 34024 34336 31979 31974 32124 32234 32206 32472 32636 32782 32904 33119 32113 32095 32263 32452 32724 32936 32804 32765 32822 33526 33282 32868 32584 31561 31705 32062 31624 31598 31723 31851 31952 31933 32128 32096 32319 32408 32559 32835 33356 33814 33943 34302 34731 35325 35831 35848 36199
40385 40718 41276 41695 41800 42454 42793 43343 43609 41818 42138 42455 39984 40282 39294 39383 39283 39195 39111 38876 36408 33782 34085 31488 31498 31655 31783 31849 32064 32262 32383 32600 32799 31887 31871 32072 32187 32454 32597 32451 32396 32678 33012 32887 32350 32111 31369 31623 31624 31342 31422 31613 31550 31561 31689 31841 32072 32227 32302 32452 32764 33256 33654 33926 34244 34644 35272 35271 35614 35965
39618 39916 40564 40975 41437 41595 41823 42320 42419 40767 40934 41171 38820 39196 38300 38390 38430 38463 38447 38333 36228 33620 33811 31155 31191 31309 31528 31575 31791 31978 32177 32247 32260 31651 31690 31866 31950 32138 32300 32148 32273 32303 32610 32857 31916 31744 31269 31360 31402 31207 31326 31354 31300 31328 31501 31713 31950 32223 32444 32647 33011 33489 33885 34224 34484 34694 34867 35129 35521 35951
38696 39063 39591 40461 40435 40571 40828 41069 41463 39837 40026 40313 38021 38375 37608 37729 37712 37721 37679 37630 35923 33467 33660 30942 30994 31227 31338 31416 31650 31857 32201 31943 32026 31470 31516 31655 31638 31900 32259 31921 31970 31994 32516 32687 31675 31479 31144 31145 31252 31065 31256 31126 31087 31235 31567 31796 32059 32403 32506 32686 33118 33711 34136 34183 34233 34416 34786 35076 35427 35672
37657 37912 38943 39333 39283 39379 39378 39946 40421 38761 38992 39229 37018 37132 36688 36796 36826 36801 36868 37020 35611 33308 33598 30751 30864 31014 31333 31232 31469 31942 32309 31601 31735 31260 31329 31236 31275 31706 32136 31636 31597 31756 32239 32674 31406 31235 31034 30929 30921 31054 31067 30902 30997 31227 31551 31850 32199 32282 32466 32660 33142 33634 33805 33852 33912 34226 34682 34919 35084 35304
36807 37248 38132 38442 38313 38336 38674 39119 39499 37750 37856 38059 36126 36302 36001 36173 36133 36167 36281 36311 35180 32881 33077 30289 30383 30691 30885 30763 31223 31665 31729 31180 31366 30869 30957 30937 31050 31710 31727 31270 31294 31373 32202 32680 31153 30913 30796 30737 31150 30852 30796 30653 30914 31303 31737 31760 31959 32134 32506 32755 33205 33545 33639 33705 33927 34330 34666 34843 34837 35104
35274 35675 36431 36712 36660 36851 37060 37415 37631 36270 36457 36811 34874 35171 34887 35023 35014 35108 35140 35126 34478 32336 32560 29764 29920 30225 30472 30381 30755 30967 31273 30595 30712 30337 30294 30305 30591 30818 30843 30643 30720 31008 31782 31885 30797 30581 30460 30434 30511 30389 30412 30605 30837 31183 31258 31515 31567 31881 32197 32292 32604 32811 33148 33300 33697 33859 34189 34139 34067 34830
34060 34477 35052 35331 35440 35564 35737 36222 36124 35208 35419 35741 33782 34077 33889 34066 34091 34210 34291 34280 34064 31987 32140 29379 29534 29837 30221 29985 30211 30592 30796 30064 30114 29950 29842 29990 30001 30182 30282 30139 30314 30699 31203 31596 30408 30244 30267 30309 30216 30183 30320 30528 30780 30964 31152 31317 31675 31881 31994 32050 32191 32543 32911 33265 33372 33532 33748 33676 34046 34352
33191 33550 34016 34463 34520 34687 34892 35232 35148 34563 34717 34999 32988 33315 33047 33217 33337 33532 33657 33778 33818 31694 31759 29073 29285 29567 29787 29581 29870 30163 30301 29480 29516 29507 29545 29521 29623 29872 30041 29844 30111 30459 31164 31318 29958 29940 30066 30007 30219 30069 30187 30544 30711 30972 31286 31426 31507 31697 31735 31938 32169 32767 33217 33213 33135 33377 33445 33720 33880 34344
32139 32332 32926 33290 33440 33610 33844 33929 34272 33749 33931 34217 32164 32354 32130 32321 32428 32618 32863 33316 33362 31293 31420 28811 28998 29214 29322 29238 29508 29688 30012 29007 29116 29092 29327 29034 29108 29479 29443 29496 29787 30214 30633 30915 29627 29702 29781 30021 29914 29883 30149 30380 30638 30997 31261 31190 31257 31292 31598 31667 32228 32783 32731 32749 32845 33021 33480 33543 33702 34109
31381 31582 32203 32533 32685 32878 32979 33208 33555 33022 33196 33391 31468 31649 31458 31574 31718 31888 32274 32689 32699 30732 30694 28364 28553 28664 28813 28765 28940 29293 29379 28563 28609 28703 28801 28575 28684 28913 29018 29275 29526 29720 30300 30550 29353 29465 29717 29908 29654 29696 30023 30203 30578 30913 30940 30816 30930 31153 31409 31761 32226 32607 32361 32518 32631 32988 33247 33456 33473 34071
30545 30681 31333 31709 31892 32054 32189 32456 32865 32237 32342 32497 30838 30984 30879 30967 31101 31409 31772 32203 32115 30214 30097 27966 28090 28201 28279 28303 28602 28728 28818 28200 28253 28271 28523 28257 28247 28635 28861 28969 29147 29546 30004 30183 29128 29308 29668 29853 29457 29555 29828 30168 30584 30665 30693 30551 30820 30899 31449 31783 32163 32414 32121 32353 32610 33011 33264 33249 33499 33863
29774 29917 30588 30967 31090 31304 31460 31754 32157 31470 31629 31643 30401 30657 30521 30550 30810 31000 31315 31846 31445 29655 29399 27486 27657 27687 27742 27966 28098 28220 28246 27809 27831 27981 28145 27937 28092 28540 28654 28702 29091 29393 29712 29740 28905 29194 29516 29524 29214 29258 29728 30091 30307 30321 30576 30290 30426 30901 31513 31654 31982 32165 31937 32502 32944 33333 33077 33236 33372 34080
28588 28782 29331 29645 29871 29991 30260 30526 30589 30157 30233 30224 29491 29673 29617 29633 29821 30030 30584 31300 30587 28998 28886 27108 27186 27255 27453 27605 27720 27749 27739 27530 27571 27485 27555 27492 27680 27989 28104 28217 28717 29000 28917 29257 28600 28795 29077 29038 28731 28901 29326 29642 29866 29915 30069 29877 30207 30667 30995 31196 31363 31506 31622 32256 32535 32743 32849 32858 33229 33631
27745 27955 28411 28808 28898 29154 29241 29425 29566 29338 29416 29671 29081 29400 29249 29259 29481 29912 30577 31213 30007 28533 28399 26684 26816 26949 27058 27235 27262 27325 27371 27155 27115 27124 27204 27416 27624 27837 27957 28210 28561 28583 28847 28877 28248 28439 28589 28529 28453 28576 28995 29338 29634 29662 29787 29698 30050 30429 30729 30951 31142 31455 31637 32157 32260 32717 32695 32884 33158 33560
26820 26987 27428 27778 27982 28111 28165 28462 28597 28616 28903 29226 28646 28853 28800 28915 29232 29832 30490 31215 29454 28077 27911 26277 26424 26522 26746 26706 26836 26892 27134 26750 26833 26810 27118 27282 27405 27627 27927 27975 28059 28270 28343 28462 27879 27996 28153 28316 28179 28383 28711 29103 29295 29433 29491 29820 29911 30199 30556 30722 31006 31356 31579 31892 32177 32481 32813 32889 33060 33582
26201 26344 26874 27239 27331 27353 27597 27741 28019 28132 28372 28612 28114 28324 28363 28648 29325 29899 30717 31479 28929 27582 27273 25774 25871 26083 26152 26149 26224 26514 26703 26336 26450 26647 27005 27045 27141 27792 28107 27591 27661 27701 28106 28026 27514 27746 27946 27999 28096 28159 28631 28814 29053 29220 29744 29575 29970 30238 30464 30650 31100 31593 31508 32044 32194 32551 32662 32931 33290 33511
25504 25669 26185 26414 26428 26465 26588 26698 27055 27073 27349 27750 27282 27554 27769 28310 28991 29732 30499 31279 28317 27139 26863 25519 25724 25847 25916 25922 26206 26430 26432 26233 26417 26576 26751 26787 27212 27599 27602 27226 27285 27516 27955 27507 27343 27560 27573 27666 27830 28039 28332 28658 28982 29184 29253 29686 29771 29984 30327 30529 30920 31239 31477 31725 32063 32338 32763 32890 32974 33686
24783 24987 25438 25704 25639 25716 25805 26082 26379 26302 26555 26675 26402 26902 27357 28055 28803 29589 30393 31125 27771 26627 26233 25070 25166 25230 25373 25483 25717 25746 25822 25932 26167 26247 26448 26716 26957 27291 27137 26698 26809 27064 27216 26973 27146 27231 27372 27622 27826 27907 28189 28485 28729 28905 29220 29438 29771 30018 30252 30466 30771 31122 31331 31661 31941 32307 32561 32745 33120 33603
24153 24320 24748 24984 24947 24950 25051 25331 25528 25521 25605 25659 25859 26603 27210 27936 28927 29907 31110 32424 27414 26398 25923 24912 24980 25060 25221 25427 25407 25523 25719 25892 26022 26216 26689 26889 26906 27224 26836 26488 26769 26852 26743 27163 27058 27180 27453 28049 28584 29069 29993 30429 30686 30964 31267 31486 31870 32320 33034 33462 33366 33328 33407 33902 34519 34891 34749 34927 35572 36495
23067 23204 23504 23846 23747 23754 23957 24021 24544 24509 24663 25247 25715 26877 27902 28992 30202 31312 32059 32603 26551 25852 25486 24535 24723 24825 24947 24987 25009 25234 25548 25635 25661 26047 26313 26317 26484 26640 26331 25961 26280 26316 26610 27235 26765 26872 27534 28156 28775 29224 29877 30188 30556 30782 31094 31327 31743 32250 32842 32718 32751 32930 33042 33873 34198 34559 34404 34795 35493 36218
21827 22020 22205 22332 22453 22420 22642 22953 23380 23313 23967 24666 25432 26591 27486 28413 29532 30151 30728 31030 25254 24923 24844 24026 24196 24297 24457 24366 24498 24786 25068 25095 25195 25347 25314 25439 25395 25443 25301 25045 25259 25644 26174 26202 26183 26627 27226 27816 28515 28690 29219 29729 30039 30163 30561 30926 31327 31714 31788 31705 31824 32148 32589 33120 33440 33716 33999 34454 34871 35488
21053 21305 21218 21694 21609 21684 22029 22387 22650 23125 23812 24696 25438 26426 27129 28171 28794 29328 29700 30008 24349 24241 24266 23597 23713 23809 23911 23873 24076 24372 24513 24628 24781 24710 24640 24911 24631 24597 24662 24493 24867 25357 25522 25682 26184 26656 27116 27794 28285 28490 29082 29493 29621 29920 30373 30686 31086 31303 31096 31167 31387 31940 32339 32792 32982 33455 33943 34118 34603 35038
20499 20634 20877 20986 21048 21103 21419 21890 22498 22897 23685 24399 24998 25775 26600 27286 27967 28452 28925 29203 23546 23506 23639 22944 22980 22993 23214 23279 23498 23706 23772 23862 24021 24003 23966 24029 23810 23879 23880 24173 24411 24655 25043 25270 25902 26391 26731 27428 27965 28240 28595 28931 29278 29563 29963 30267 30637 30525 30560 30822 31125 31602 31948 32249 32696 33149 33493 33727 34293 34500
20165 20296 20543 20794 20766 20880 21159 21685 22127 22542 23174 23994 24568 25536 26098 26802 27569 28039 28547 28333 22915 22883 22973 22298 22336 22431 22636 22844 22926 23105 23267 23292 23431 23437 23441 23438 23359 23424 23696 24019 24106 24479 25002 25271 25863 26228 26580 27326 27834 27901 28319 28733 29095 29279 29604 29861 30048 30150 30352 30695 31071 31562 31739 32197 32712 32919 33227 33532 33881 34364
19749 19898 20255 20380 20437 20481 20833 21208 21678 21943 22711 23528 24255 25020 25660 26419 27161 27684 28163 27514 22341 22337 22458 21725 21838 21956 22250 22354 22449 22716 22895 22802 22977 22989 22995 22950 22965 23254 23546 23679 23952 24578 25118 25294 25691 26098 26547 27252 27501 27637 28093 28553 28840 28939 29220 29395 29726 29988 30241 30652 31052 31360 31649 32160 32451 32692 33040 33168 33700 34105
19359 19566 19868 20025 20071 20232 20500 20893 21221 21635 22359 23322 23917 24656 25297 26028 26794 27290 27621 26654 21733 21782 21873 21164 21297 21491 21754 21792 21937 22239 22386 22297 22494 22461 22475 22504 22721 23111 23181 23492 23997 24525 24952 25147 25612 26052 26575 27024 27292 27436 27950 28314 28526 28652 28824 29092 29580 29845 30221 30644 30903 31335 31671 31972 32311 32577 32780 33147 33463 33883
18888 19071 19411 19548 19728 19772 20049 20397 20862 21220 22061 22895 23465 24223 24862 25640 26387 26801 27035 25878 21204 21258 21329 20600 20769 20961 21204 21258 21425 21722 21885 21797 21973 21966 22080 22215 22557 22728 22941 23466 23816 24320 24745 25011 25504 26064 26334 26838 27075 27280 27679 28012 28256 28308 28534 29066 29477 29854 30184 30534 30884 31336 31427 31795 32216 32324 32736 32955 33204 33851
18406 18587 18905 19156 19225 19310 19594 20060 20451 20931 21634 22463 23044 23799 24496 25240 25866 26186 26274 25082 20649 20695 20725 20046 20210 20401 20659 20725 20921 21208 21396 21321 21483 21550 21821 22044 22145 22471 22903 23255 23571 24034 24540 24928 25487 25788 26197 26670 26924 27022 27339 27697 27892 28014 28520 28980 29482 29788 30110 30488 30856 31113 31249 31710 31945 32301 32596 32800 33203 33470
17979 18176 18549 18685 18784 18864 19270 19703 20191 20523 21220 22040 22596 23389 24035 24660 25200 25387 25596 24283 20090 20095 20142 19519 19679 19870 20144 20254 20452 20746 20900 20826 21061 21299 21599 21632 21890 22409 22726 23039 23288 23831 24461 24884 25189 25634 25976 26500 26675 26683 26978 27316 27602 27951 28448 28921 29339 29716 30086 30463 30596 30935 31142 31443 31879 32144 32468 32783 32901 33213
17445 17631 17965 18155 18252 18471 18817 19300 19716 20064 20782 21611 22221 22987 23521 24047 24443 24722 25173 23475 19567 19593 19716 19072 19244 19454 19735 19844 20036 20311 20409 20458 20851 21121 21254 21424 21857 22269 22540 22769 23171 23810 24490 24704 25166 25499 25935 26315 26392 26400 26711 27112 27687 28101 28452 28845 29380 29838 30064 30201 30484 30851 30917 31396 31761 32074 32483 32482 32576 32876
16964 17147 17501 17654 17874 18040 18458 18924 19322 19690 20407 21239 21816 22438 22863 23285 23755 24302 24396 22698 19015 19053 19170 18563 18741 18948 19242 19322 19548 19756 19930 20126 20634 20742 20987 21387 21733 22040 22280 22688 23091 23749 24251 24594 24954 25415 25697 26038 26091 26150 26413 27106 27704 27884 28337 28778 29364 29717 29862 30064 30370 30606 30872 31282 31658 32008 32254 32201 32320 32669
16482 16673 16993 17274 17431 17687 18084 18544 18942 19295 19995 20808 21234 21763 22085 22584 23319 23920 23517 21924 18471 18497 18601 18048 18224 18437 18701 18823 18986 19257 19586 19912 20242 20471 20945 21253 21492 21778 22186 22592 23010 23484 24134 24366 24852 25172 25422 25758 25849 25856 26393 27107 27456 27773 28264 28755 29248 29515 29727 29958 30122 30564 30761 31184 31580 31772 31920 31959 32123 32461
15929 16089 16525 16751 16993 17235 17616 18110 18519 18871 19566 20239 20558 21011 21430 22173 22949 23552 22648 21164 17943 17971 18040 17552 17740 17922 18195 18280 18516 18940 19382 19532 19983 20445 20828 21017 21256 21696 22090 22474 22743 23402 23907 24264 24598 24881 25155 25642 25547 25818 26371 26850 27351 27721 28307 28663 29040 29373 29597 29718 30106 30452 30628 31086 31322 31460 31679 31762 31887 32200
15419 15604 16071 16303 16571 16791 17242 17656 18014 18350 18909 19526 19876 20325 20967 21726 22548 23046 21716 20291 17270 17249 17309 16944 17110 17304 17583 17721 18079 18638 18963 19185 19849 20180 20540 20728 21045 21522 21899 22196 22597 23095 23698 23982 24221 24496 24927 25148 25402 25671 26036 26655 27257 27635 28109 28299 28761 29108 29300 29583 29880 30334 30475 30797 30995 31188 31477 31512 31646 31939
14824 15017 15521 15795 16049 16330 16664 17022 17446 17693 18259 18912 19273 19951 20627 21418 22325 22126 20842 19462 16640 16612 16692 16410 16593 16805 17102 17362 17853 18323 18690 19096 19661 19963 20325 20597 20949 21378 21696 22099 22406 22995 23470 23702 23932 24320 24520 25024 25274 25388 25922 26644 27250 27480 27824 28085 28516 28837 29171 29363 29820 30243 30205 30484 30758 31056 31389 31260 31368 31727
14194 14423 14950 15238 15525 15711 15995 16455 16788 17022 17586 18253 18794 19550 20245 21145 21936 21128 19916 18621 16045 16015 16043 15925 16114 16337 16755 17140 17565 18043 18590 18926 19443 19763 20167 20473 20776 21145 21592 21889 22276 22692 23174 23414 23775 23962 24448 24958 25054 25348 26013 26641 27082 27221 27620 27852 28268 28746 28994 29313 29718 30014 29912 30259 30591 30931 31083 31012 31164 31694
13276 13489 14083 14426 14629 14793 15125 15530 15913 16163 16773 17657 18278 19071 19904 20648 21565 20023 18882 17682 15390 15387 15418 15415 15636 15956 16437 16805 17213 17893 18358 18625 19140 19541 19993 20210 20488 20973 21279 21578 21902 22383 22806 23202 23382 23777 24357 24709 24931 25362 25826 26403 26772 26976 27351 27546 28089 28442 28757 29122 29473 29799 29530 29951 30343 30612 30684 30674 30922 31445
12478 12695 13360 13616 13805 14019 14285 14702 15054 15338 16153 17196 17898 18816 19481 20313 20663 18990 17888 16748 14742 14783 14918 14972 15298 15684 16178 16557 17122 17712 18146 18443 18939 19368 19759 19955 20278 20708 21005 21259 21659 22091 22611 22860 23178 23669 24062 24549 24933 25096 25627 26141 26598 26715 27102 27372 27776 28151 28563 28915 29222 29353 29242 29777 30064 30299 30375 30446 30802 31239
11622 11878 12486 12755 12972 13176 13429 13844 14181 14626 15524 16689 17505 18295 19039 19315 19473 17864 16822 15752 14063 14199 14384 14528 14925 15289 15806 16365 16814 17352 17858 18175 18634 19045 19417 19631 19904 20387 20568 20893 21235 21782 22206 22544 22978 23304 23837 24554 24635 24834 25298 25885 26244 26458 26851 26991 27473 27887 28269 28651 28737 28903 29024 29465 29685 29921 30065 30282 30528 30924
10802 11063 11660 11976 12156 12345 12520 13056 13460 13934 14883 16152 16831 17716 17903 18066 18043 16706 15792 14831 13423 13584 13811 14045 14396 14751 15504 15965 16329 16948 17437 17741 18216 18673 18994 19178 19547 19917 20136 20425 20822 21320 21874 22135 22452 22975 23670 24169 24302 24423 24933 25461 25920 26159 26393 26603 27145 27570 27929 28216 28243 28632 28669 29059 29261 29521 29815 29915 30247 30406
10073 10360 10950 11281 11419 11528 11771 12410 12816 13336 14381 15518 16256 16634 16724 16781 16692 15639 14855 14010 12861 13068 13335 13564 13902 14494 15155 15567 16000 16591 17038 17420 17911 18336 18571 18875 19142 19560 19734 20073 20446 21078 21546 21600 22107 22831 23256 23797 23894 24057 24550 25195 25659 25734 26033 26337 26880 27264 27508 27812 27986 28321 28307 28690 28887 29312 29439 29602 29818 30025
9417 9768 10323 10651 10643 10778 11087 11823 12234 12811 13673 14847 15021 15399 15399 15427 15386 14623 14031 13349 12447 12618 12858 13106 13632 14160 14799 15255 15703 16238 16711 17126 17674 18021 18296 18513 18844 19176 19420 19787 20226 20720 21078 21196 21931 22525 22898 23419 23583 23775 24324 24979 25241 25412 25755 26161 26667 27003 27220 27645 27682 27924 28031 28356 28713 28849 29096 29201 29525 29858
8590 8923 9505 9843 9706 9861 10202 11033 11589 11997 12927 13534 13689 14098 14049 14114 14280 13647 13274 12784 12162 12276 12500 12964 13404 13919 14553 15020 15435 16026 16455 16863 17446 17856 17993 18272 18551 18875 19175 19593 19938 20330 20747 21058 21714 22278 22626 23196 23360 23655 24179 24646 24989 25203 25638 26039 26460 26832 27077 27417 27374 27618 27708 28151 28261 28488 28678 28878 29284 29672
7787 8148 8705 8946 8804 8955 9376 10305 10735 11234 11660 12264 12415 12782 12851 13144 13100 12760 12576 12278 11953 12059 12482 12905 13336 13880 14468 14932 15438 15971 16352 16806 17446 17689 17856 18112 18362 18697 19100 19419 19735 20137 20715 20979 21572 22126 22496 22987 23295 23592 23951 24500 24876 25111 25588 25938 26361 26775 26930 27145 27097 27341 27560 27733 27933 28136 28392 28636 29150 29307
6961 7256 7797 7976 7884 8121 8605 9393 10003 10068 10569 11120 11264 11724 12055 12173 12160 12067 12115 11958 11841 12135 12629 13138 13659 14352 15049 15424 15974 16613 17117 17540 18069 18329 18581 18887 19194 19710 20163 20490 20691 21092 21865 22211 22754 23281 23463 23996 24502 24298 24331 24682 25004 25267 25829 26279 26659 26973 26876 26829 26910 27251 27317 27510 27708 27908 28279 28626 29077 28886
6516 6785 7257 7382 7529 7818 8267 9002 9041 9130 9511 10003 10272 10857 10931 11120 11295 11522 11519 11606 11725 12031 12640 13103 13688 14498 15372 15949 16687 17495 18054 18663 19204 19548 19836 20160 20419 20718 20799 21074 21087 21430 22136 22244 22769 23112 23452 23967 24039 24006 24243 24683 25074 25413 25834 26227 26624 26906 26664 26599 26624 27023 27249 27398 27582 27784 28301 28599 28761 28613
6230 6492 6901 7243 7410 7743 8140 8381 8594 8449 8725 9267 9682 10009 10132 10545 10990 11134 11303 11510 11597 11880 12447 12984 13692 14615 15428 15939 16706 17383 18075 18478 19203 19605 20084 20172 20357 20501 20777 20945 20958 21475 22030 22122 22550 23236 23395 23669 23746 23906 24274 25061 25436 25596 25772 26136 26686 27001 26554 26447 26680 27142 27301 27503 27778 27961 28492 28465 28401 28673
5544 5741 6282 6488 6738 6994 7190 7697 7727 7665 7966 8654 8849 9193 9455 10057 10257 10530 10745 10966 11135 11370 12121 12670 13472 14277 15077 15557 16295 17062 17590 18092 18935 19315 19527 19722 19674 20093 20270 20587 20386 20902 21379 21676 22310 22779 22907 23483 23418 23553 24243 24646 24941 25217 25533 25975 26461 26345 26145 26143 26483 26810 26946 27308 27476 27638 28024 28133 28173 28275
5064 5319 5802 6049 6250 6327 6778 6954 6973 6987 7453 7966 8289 8670 9072 9361 9767 9986 10109 10397 10531 10955 11748 12424 13179 13904 14660 15175 15916 16541 17211 17805 18535 18668 19122 19038 19273 19673 19939 19972 19898 20419 21044 21490 21908 22257 22606 23151 23040 23405 23877 24159 24596 24949 25368 25578 25663 25648 25785 25952 26205 26574 26777 27079 27229 27250 27723 27830 27830 27899
4646 4881 5399 5706 5676 5940 5953 6166 6218 6354 6652 7312 7594 8239 8436 8997 9389 9614 9899 10151 10406 10914 11711 12379 12987 13748 14564 15078 15683 16477 17214 17735 18260 18629 18669 18861 19087 19516 19504 19589 19697 20233 21041 21240 21531 22175 22512 22716 23035 23306 23598 24080 24545 24935 25103 25183 25257 25549 25752 25886 26067 26504 26748 26931 27002 27118 27487 27625 27580 27611
4350 4686 5131 5327 5476 5501 5460 5735 5984 5897 6316 6843 7236 7710 8179 8760 9048 9441 9753 10090 10497 11006 11791 12214 12879 13654 14469 14880 15672 16462 17100 17632 18273 18307 18494 18742 19071 19208 19277 19432 19625 20380 20992 20885 21596 22102 22174 22819 23142 23189 23585 24176 24515 24764 24774 24841 25262 25640 25921 26214 26339 26518 26742 26877 26862 27007 27496 27373 27429 27586
4013 4379 4757 5228 5112 5196 5092 5758 5689 5911 6208 6642 6961 7464 7888 8459 8895 9346 9723 10040 10276 10729 11292 11812 12477 13186 14041 14508 15211 16019 16618 17206 17688 17972 18193 18608 18754 18933 19098 19319 19651 20093 20432 20727 21395 21523 22111 22628 22764 23101 23604 23972 24239 24410 24376 24635 25129 25575 25992 26272 26104 26390 26646 26711 26774 26978 27121 27109 27358 27467
3446 3695 4312 4502 4576 4572 4886 5201 5688 5891 6440 6967 7373 7884 8218 8604 9089 9302 9608 9817 10112 10476 11050 11604 12282 12979 13753 14272 14934 15693 16313 16812 17361 17728 18093 18337 18556 18893 19081 19240 19485 19849 20346 20677 20932 21411 21981 22299 22672 23015 23447 23797 24009 24124 24470 24572 25036 25499 25803 25924 26154 26381 26360 26639 26688 26851 26886 26934 27158 27321
3046 3364 3793 4044 4054 4389 4465 5077 5438 5823 6296 7003 7366 7752 8055 8579 8860 9167 9367 9680 9928 10379 11072 11682 12311 12996 13841 14279 14994 15794 16312 16822 17459 17825 18085 18413 18653 18957 19107 19280 19447 19826 20331 20512 21027 21413 21817 22316 22703 22957 23327 23627 23887 24131 24377 24645 25090 25387 25642 25912 26034 26279 26440 26578 26642 26760 27024 27216 27594 27828
2699 2907 3446 3719 4015 4085 4330 4884 5428 5670 6239 6809 7064 7491 7889 8342 8779 9026 9332 9641 9991 10432 11104 11633 12268 12993 13740 14267 14909 15604 16198 16764 17412 17779 18206 18608 18862 19306 19562 19598 19693 20150 20733 20990 21463 22136 22499 23098 23344 23480 23981 24462 24676 24695 25142 25135 25630 26000 26130 26249 26564 26963 26824 27150 27243 27441 27694 27758 28100 28091
2468 2779 3192 3735 3612 3727 4056 4763 5051 5387 5871 6427 6741 7279 7637 8154 8560 8875 9174 9520 9834 10276 10936 11550 12213 12930 13728 14244 14928 15721 16363 16958 17631 17996 18329 18662 18917 19231 19376 19551 19751 20205 20629 20857 21406 21926 22323 22802 23013 23331 23864 24178 24364 24572 24772 24991 25387 25749 26024 26284 26390 26650 26802 27046 27135 27273 27547 27734 28050 28235
2133 2396 3100 3195 3267 3531 3952 4517 5236 5364 5804 6331 6727 7245 7756 8413 8917 9265 9633 10068 10459 10951 11736 12352 13007 13724 14466 14925 15633 16432 17029 17520 18199 18510 18857 19100 19247 19609 19866 20030 20065 20327 20896 21149 21512 21871 22216 22655 23115 23443 23794 24055 24329 24553 24972 25286 25784 26165 26431 26611 26949 27346 27502 27624 27744 27853 28194 28380 28734 28961
1732 2059 2575 2812 3051 3382 3639 4351 4676 4911 5401 6086 6581 7192 7773 8485 9120 9690 10207 10729 11217 11821 12524 13173 13902 14651 15570 16126 16850 17793 18505 19134 19743 20273 20637 21072 21412 21718 21884 22030 22249 22603 23221 23574 24086 24373 24887 25167 25531 25569 25910 26276 26458 26670 26897 27126 27645 28058 28371 28534 28541 28842 29017 29246 29304 29532 29610 29796 30212 30362
1193 1433 1947 2444 2792 3142 3520 4070 4490 4804 5363 6091 6590 7202 7754 8480 9127 9664 10182 10732 11177 11745 12491 13087 13819 14579 15450 16013 16759 17633 18387 18977 19656 20143 20609 20999 21243 21630 21749 21843 22045 22621 23168 23490 23859 24209 24566 25067 25179 25349 25782 26043 26333 26570 26858 27047 27528 27827 28054 28291 28484 28804 28898 29152 29246 29399 29679 29814 30049 30272
943 1235 2225 2819 3218 3715 4127 4886 5485 5846 6533 7429 8011 8776 9377 10093 10623 11147 11583 11986 12189 12608 13248 13727 14406 15109 15924 16484 17235 18086 18757 19256 19839 20304 20611 20891 21173 21514 21565 21770 22091 22574 23204 23349 23729 24088 24499 24867 25089 25267 25606 25942 26272 26576 26760 27015 27449 27712 28041 28344 28517 28770 28946 29139 29232 29451 29698 29870 30149 30505
414 1081 1990 2677 3125 3639 4095 4856 5391 5828 6529 7392 7973 8755 9335 9985 10561 11042 11465 11849 12141 12582 13195 13743 14406 15078 15893 16518 17197 17975 18650 19219 19805 20226 20539 20820 21080 21358 21488 21728 22060 22544 23049 23266 23801 24286 24770 25245 25451 25686 26128 26605 27009 27301 27531 27788 28223 28519 28806 29099 29197 29397 29500 29753 29876 30102 30302 30440 30700 30968
