643 287 352 377 478 562 452 324 240 286 408 233 348 217 226 321 374 246 344 451 706 968 962 1024 1061 952 1017 1037 1171 1254 1155 1146 1218 1086 1142 1091 1022 1154 1157 1326 1202 1231 1016 1022 672 562 670 679 614 591 890 491 630 588 468 682 777 449 465 629 563 372 367 192 244 176 400 201 379 169
488 88 142 222 278 438 366 420 195 355 362 78 168 258 252 263 302 200 268 127 352 512 504 578 620 568 615 618 708 766 703 710 770 682 775 765 809 990 1009 1178 1172 1208 1051 1075 773 599 674 705 703 581 846 512 542 473 508 637 659 370 403 489 468 279 248 180 390 323 184 83 145 85
338 212 270 367 476 484 396 501 259 394 527 217 322 200 267 433 433 138 364 242 271 429 443 510 577 521 556 593 688 768 691 727 761 665 740 749 802 1022 1056 1314 1341 1346 1120 1159 805 584 726 615 772 664 838 616 555 657 664 634 838 479 467 542 441 428 485 242 471 330 176 209 255 138
626 386 396 301 299 570 436 271 308 441 481 283 476 352 197 504 383 264 219 477 606 844 862 927 1017 950 999 1041 1156 1231 1100 1057 1108 996 1081 977 898 942 822 917 950 931 824 888 732 640 794 643 612 788 948 784 601 700 630 758 756 376 511 677 516 341 322 160 252 216 192 223 313 196
697 524 400 317 232 583 452 511 392 617 640 370 575 640 321 577 427 352 306 625 681 839 776 795 890 909 919 930 943 956 865 841 877 760 815 709 627 639 512 607 759 733 775 868 826 778 755 592 576 896 837 884 587 656 731 827 632 434 499 605 468 370 482 307 613 628 224 399 333 446
379 287 316 335 372 349 224 461 204 325 461 253 335 337 175 227 294 136 249 449 582 785 734 752 810 756 782 782 841 874 790 783 820 690 712 659 612 722 665 845 881 868 773 820 601 471 520 537 518 718 786 561 472 460 488 572 578 372 303 405 258 304 439 175 472 383 283 302 281 320
337 385 342 319 412 403 276 472 273 492 689 362 508 386 221 460 400 151 308 570 577 739 729 772 875 848 859 896 937 981 880 875 886 759 778 709 668 787 716 921 1023 979 880 939 765 616 682 524 627 781 698 676 516 570 620 629 660 396 397 527 320 350 543 218 468 448 242 378 370 320
441 403 374 381 418 581 390 472 353 406 605 353 530 358 239 454 470 242 380 563 686 918 903 935 1026 948 986 1008 1111 1173 1078 1079 1124 1001 1025 989 927 1024 948 1141 1147 1104 967 1048 747 613 730 585 540 707 769 699 597 595 561 709 738 463 405 543 345 318 434 178 327 256 239 299 370 224
364 540 517 592 777 612 436 716 512 537 813 544 634 394 385 540 616 355 589 689 828 1078 1129 1200 1296 1168 1209 1248 1392 1482 1388 1403 1447 1336 1366 1355 1324 1454 1338 1516 1442 1363 1154 1199 841 637 856 797 736 793 865 748 750 633 602 695 855 575 453 586 370 413 550 276 454 297 439 453 615 359
381 334 352 402 560 514 360 572 412 394 630 394 539 331 314 374 505 318 539 574 886 1165 1166 1254 1329 1221 1258 1266 1372 1417 1323 1302 1328 1186 1141 1146 1142 1341 1324 1611 1528 1507 1247 1228 780 549 691 727 566 501 583 423 467 289 328 540 604 383 269 451 283 241 333 211 274 251 401 295 509 292
336 342 438 455 469 447 260 586 370 507 714 455 527 485 262 314 407 266 402 598 800 1035 1001 1032 1127 1040 1070 1089 1181 1236 1138 1117 1149 1039 1053 1012 962 1071 1014 1237 1293 1266 1131 1164 855 662 758 739 677 786 819 648 513 443 461 563 562 378 312 435 183 282 399 190 335 289 315 360 341 346
276 341 387 450 555 444 266 709 424 662 924 530 574 557 359 361 463 335 533 652 889 1082 1075 1134 1244 1159 1182 1213 1299 1361 1282 1278 1309 1218 1241 1222 1202 1349 1312 1541 1580 1543 1397 1402 1053 822 891 870 819 744 704 593 585 359 416 535 515 384 311 437 192 238 393 222 332 350 379 389 412 331
543 288 389 352 439 361 300 373 301 374 457 311 359 315 165 319 215 233 267 473 721 998 1031 1164 1253 1189 1225 1276 1367 1427 1287 1218 1238 1077 1088 944 836 867 784 944 959 972 771 726 551 382 517 588 574 563 740 466 270 305 366 392 403 118 255 413 277 228 193 130 268 221 250 232 339 392
374 658 719 656 854 459 348 905 658 1218 1405 922 917 927 623 676 674 610 676 987 1170 1324 1393 1493 1636 1539 1552 1628 1713 1798 1677 1625 1637 1610 1721 1652 1677 1833 1675 1778 1887 1809 1729 1679 1529 1269 1415 1398 1359 1259 1070 952 911 632 687 697 686 518 610 778 456 468 614 470 540 645 707 723 760 642
251 413 399 434 616 448 325 718 475 773 1031 573 656 534 398 584 524 328 561 659 753 910 959 1069 1208 1159 1165 1235 1298 1368 1270 1266 1265 1170 1199 1159 1168 1334 1282 1529 1625 1572 1393 1383 1103 838 952 818 911 754 625 659 540 438 552 523 576 360 381 513 268 305 467 281 419 448 311 430 489 372
309 376 210 281 347 276 219 644 312 596 648 312 394 468 308 351 297 295 418 445 587 753 701 759 828 805 800 826 853 882 844 870 921 864 968 966 996 1137 1059 1181 1191 1180 1127 1072 824 674 649 666 525 481 392 389 332 152 252 293 212 193 119 161 133 88 200 195 516 467 205 209 302 340
353 321 259 334 382 386 291 742 377 802 920 426 461 648 397 443 368 330 457 496 600 682 659 724 836 841 839 881 899 945 896 919 953 895 996 955 965 1080 1044 1200 1346 1332 1301 1307 1118 930 884 803 876 752 645 647 532 377 528 516 392 312 340 383 252 226 366 272 557 591 215 334 253 351
412 212 437 339 302 356 278 471 327 634 640 384 508 548 304 396 398 265 277 400 565 746 706 768 856 832 847 867 898 920 790 710 694 599 625 572 639 858 869 1162 1375 1410 1262 1246 1038 779 878 871 923 934 969 709 389 514 629 616 617 322 450 596 367 410 418 318 440 508 279 342 253 402
632 327 399 262 188 394 325 350 295 534 478 296 445 530 221 416 276 273 164 455 608 810 772 839 926 926 944 966 993 1009 877 793 805 680 725 590 539 593 500 641 813 833 784 799 756 633 683 656 650 843 899 724 364 501 596 630 501 229 411 553 400 323 310 238 445 486 201 293 240 431
761 303 523 402 245 420 333 305 246 411 387 322 390 518 158 259 185 243 143 525 731 988 897 927 990 966 999 1017 1061 1089 948 860 888 733 762 591 452 452 424 596 740 810 733 733 642 559 560 610 623 862 1053 664 324 540 549 590 482 238 407 537 380 397 357 233 393 392 294 319 190 507
1182 533 590 441 300 870 710 585 563 801 838 551 732 974 506 661 544 590 433 871 1137 1290 1219 1264 1372 1416 1446 1436 1431 1425 1298 1202 1220 1032 998 791 613 555 511 660 892 922 958 1074 1096 1059 953 854 914 1174 1226 1103 812 845 985 1219 839 595 822 1013 817 599 654 508 651 866 511 629 446 672
943 397 496 361 207 549 417 298 242 383 469 359 517 609 198 290 260 289 245 785 1034 1280 1117 1105 1156 1163 1188 1174 1165 1153 1030 955 984 776 721 545 338 334 369 596 709 788 756 778 657 661 497 491 465 785 854 577 396 520 524 741 498 350 442 623 485 417 514 303 416 552 455 428 311 566
759 372 425 417 316 576 430 473 275 447 607 357 436 559 227 365 283 225 297 656 748 916 814 817 900 917 937 955 968 998 905 896 933 755 756 600 410 380 396 596 742 779 746 829 706 667 549 439 601 821 889 720 507 647 683 744 593 415 479 570 420 438 577 276 532 542 286 416 225 466
549 243 403 264 212 445 340 263 228 379 437 269 504 390 187 405 388 158 195 459 579 795 719 751 822 811 831 834 852 856 714 636 620 459 418 341 335 528 565 899 1069 1111 952 981 770 600 659 565 634 819 869 649 353 599 653 726 732 375 476 669 461 454 514 285 387 466 266 323 274 352
768 219 387 247 206 592 433 403 338 604 666 363 558 698 365 379 473 382 298 592 947 1111 1049 1089 1169 1153 1194 1160 1182 1176 1049 945 950 796 749 645 611 758 777 1025 1198 1230 1164 1240 1087 939 925 920 893 1024 1096 811 710 625 733 1041 807 513 653 892 658 450 511 357 384 629 484 435 340 376
563 285 364 263 229 604 484 402 383 565 595 312 590 476 332 611 544 297 331 406 519 696 670 735 831 824 847 862 902 923 799 742 734 616 620 586 641 853 866 1172 1349 1365 1205 1259 1014 803 913 729 789 841 884 809 506 679 767 854 844 457 579 754 558 448 465 332 413 496 189 295 297 264
535 239 293 233 120 472 317 381 282 484 489 255 445 507 243 302 348 306 269 414 689 908 816 830 894 846 879 869 932 953 867 824 874 792 849 823 821 961 938 1128 1203 1230 1165 1190 912 781 795 762 583 700 783 599 460 405 412 646 498 318 339 475 331 203 211 179 258 320 211 171 174 206
884 667 872 523 216 665 478 528 574 955 838 731 1037 1127 525 609 712 642 361 972 1226 1468 1279 1200 1267 1240 1254 1205 1198 1148 995 837 836 757 768 696 718 889 799 1014 1301 1324 1408 1459 1390 1288 1284 1250 971 1554 1424 1208 780 892 897 1170 886 688 784 1018 678 670 728 607 627 867 693 731 542 775
1074 781 938 697 384 1032 838 1076 918 1559 1391 972 1282 1626 1045 990 1153 1026 774 1020 1257 1312 1124 1037 1115 1146 1149 1075 1028 968 885 782 785 792 872 905 1096 1400 1396 1636 2041 2066 2224 2334 2221 2037 1951 1839 1664 1988 1785 1677 1346 1275 1413 1705 1322 1167 1253 1414 1110 984 1073 1023 1115 1453 904 994 673 888
573 481 592 518 287 631 494 906 583 1194 1030 622 812 1120 744 611 797 675 568 550 717 784 614 533 578 560 565 521 525 515 481 461 507 574 759 873 1120 1471 1482 1680 1934 1966 2053 2092 1827 1614 1574 1534 1339 1464 1364 1168 997 882 934 1100 921 834 797 846 671 625 682 675 867 987 559 561 348 498
597 508 532 565 490 756 636 1043 637 1106 1046 614 865 1012 888 669 1001 735 835 594 826 901 716 642 644 609 615 538 534 504 509 535 578 615 727 944 1268 1785 1916 2249 2351 2399 2360 2358 1858 1604 1537 1550 1298 1237 1147 943 1073 821 882 1166 1095 1031 822 897 824 711 842 815 979 1106 779 607 574 494
794 479 582 416 279 696 589 509 498 703 499 410 760 712 581 550 784 633 486 516 877 1139 990 956 942 850 893 820 886 864 777 697 746 722 803 912 1122 1514 1522 1760 1763 1822 1727 1703 1308 1140 1237 1320 870 1066 1203 828 807 742 671 1065 1010 755 704 902 825 578 501 574 564 659 663 383 536 403
838 467 548 374 254 794 642 456 496 665 561 415 814 696 556 611 820 598 500 596 940 1189 1050 1019 1028 953 997 929 987 965 868 789 826 762 788 872 1029 1395 1432 1721 1747 1797 1686 1707 1306 1152 1225 1199 838 1039 1140 858 842 801 738 1174 1092 793 761 998 872 594 573 556 485 646 635 409 546 351
757 375 441 243 137 634 539 381 407 665 504 327 722 653 494 571 701 519 397 479 789 1006 873 867 882 842 872 814 836 801 700 609 629 569 604 670 853 1233 1273 1561 1641 1702 1605 1592 1261 1093 1139 1122 810 952 995 749 668 661 665 1023 919 630 665 894 796 506 473 509 480 679 527 331 454 332
734 407 371 159 151 649 558 365 410 673 579 326 782 623 506 674 758 496 426 546 814 1001 900 919 952 936 956 901 898 852 746 657 656 567 556 614 797 1193 1224 1534 1619 1652 1547 1551 1252 1083 1124 1031 773 901 838 733 692 653 709 1085 972 648 691 962 853 502 545 522 497 761 536 375 553 319
767 347 317 141 140 669 582 362 387 625 559 277 699 583 475 665 699 448 404 491 736 900 816 855 900 905 926 881 873 835 730 651 647 534 512 537 679 1027 1078 1394 1502 1542 1427 1451 1179 1013 1034 918 769 846 823 728 658 658 750 1080 957 614 693 946 850 499 540 493 506 757 456 348 482 298
776 306 277 162 154 673 587 434 383 609 550 252 630 592 497 600 671 459 445 449 729 882 782 816 849 856 878 825 816 778 696 637 646 536 520 559 701 1045 1127 1445 1531 1585 1471 1489 1177 1011 991 923 769 787 802 670 656 600 706 1046 904 616 657 876 819 476 515 495 544 771 461 325 439 294
748 323 297 137 107 634 534 361 371 627 569 280 668 601 443 595 628 448 396 499 780 954 858 894 942 942 963 924 922 891 793 717 725 621 612 629 742 1054 1102 1397 1497 1542 1444 1454 1172 1018 1009 911 730 784 763 666 604 560 640 981 816 533 609 846 750 410 442 434 427 680 420 303 422 278
752 251 256 199 179 660 569 434 354 568 569 253 570 539 446 535 582 416 472 443 726 890 783 823 863 867 890 860 862 847 772 736 755 639 630 657 750 1059 1193 1540 1606 1685 1531 1522 1143 976 917 837 742 640 694 541 548 509 587 883 764 521 563 753 708 411 441 430 437 641 395 258 355 253
772 256 248 203 187 678 590 443 366 540 539 237 552 519 443 546 576 416 477 426 707 876 776 825 865 872 895 866 870 855 782 748 767 643 628 651 734 1027 1155 1497 1556 1633 1472 1466 1091 926 874 798 709 606 680 539 528 501 591 878 761 512 553 736 705 407 427 424 454 637 372 247 354 260
808 284 261 209 184 709 607 431 373 526 556 256 585 529 431 566 578 413 486 489 760 935 827 873 920 934 955 928 926 908 830 796 812 670 635 641 691 959 1091 1445 1510 1586 1428 1431 1063 915 842 736 663 591 643 540 513 507 595 890 753 511 552 744 700 410 453 422 441 639 371 270 367 281
954 279 297 212 200 705 648 418 380 558 525 257 564 585 473 557 560 470 473 498 836 1010 909 977 1011 1034 1060 1025 1010 981 891 827 838 681 639 611 656 918 1053 1385 1453 1552 1397 1375 1070 930 843 823 745 646 751 542 533 512 630 941 766 506 617 832 822 466 462 484 501 740 476 311 414 375
923 280 302 196 175 660 584 360 339 570 575 289 583 598 420 510 505 443 439 576 920 1102 991 1047 1091 1107 1132 1108 1095 1074 978 910 927 773 736 687 692 924 1054 1372 1440 1537 1403 1374 1080 964 849 805 720 639 701 500 516 472 551 880 676 450 573 801 758 409 431 428 389 666 479 307 396 352
880 258 265 215 201 674 592 425 363 547 579 274 540 565 419 508 489 432 477 526 858 1037 940 1010 1063 1081 1105 1088 1084 1072 987 939 958 802 764 722 720 932 1065 1391 1453 1545 1390 1365 1040 905 798 748 693 554 637 476 470 420 526 817 628 417 518 714 683 367 385 398 397 626 401 270 355 331
1073 452 380 283 237 815 717 473 488 678 719 415 728 725 499 673 574 572 578 763 1095 1291 1180 1248 1315 1349 1366 1358 1340 1322 1229 1171 1193 1024 977 900 837 984 1086 1382 1448 1533 1422 1396 1118 1039 884 772 676 604 613 569 526 479 572 903 626 456 586 804 768 405 440 474 431 715 481 378 485 464
1112 434 364 222 194 727 659 417 443 610 569 340 640 713 466 589 509 561 463 705 1091 1296 1200 1279 1331 1363 1385 1354 1331 1293 1188 1096 1116 934 879 771 710 833 866 1088 1148 1222 1151 1132 967 908 783 784 620 664 710 585 529 443 575 937 616 423 576 814 797 393 400 459 497 771 524 385 503 520
1204 552 427 273 249 800 754 481 546 621 523 363 694 733 526 708 580 641 510 720 1091 1320 1242 1341 1391 1428 1448 1414 1393 1345 1235 1134 1150 960 899 788 736 839 818 1009 1053 1113 1039 1021 895 839 763 783 572 679 742 669 529 482 647 987 674 454 607 840 856 441 413 520 628 844 533 425 599 624
1264 667 443 319 359 858 838 582 621 609 490 369 724 720 613 787 675 718 610 748 1125 1366 1298 1408 1437 1469 1487 1438 1416 1356 1262 1176 1198 1002 934 852 829 956 903 1067 1036 1081 996 969 829 782 727 799 509 636 705 661 588 485 669 1036 748 540 624 851 939 485 466 598 789 950 626 474 749 703
1225 693 443 321 375 831 807 584 605 554 414 335 688 681 597 750 680 701 570 715 1085 1335 1275 1373 1389 1403 1426 1363 1356 1294 1205 1121 1153 965 910 840 830 955 849 963 900 921 860 855 741 706 693 803 456 684 773 703 650 519 686 1072 805 584 622 842 936 490 478 582 842 943 644 479 773 697
1084 651 387 333 477 838 795 621 600 446 404 305 654 536 578 737 723 633 626 664 1019 1277 1250 1363 1383 1372 1400 1339 1357 1309 1227 1169 1196 994 908 874 883 1048 959 1124 1006 1004 865 874 661 580 627 725 411 573 682 634 654 493 662 1041 881 621 580 800 882 478 505 543 812 853 620 454 808 612
1018 676 381 330 507 858 772 595 608 435 520 376 752 509 541 755 738 614 696 811 1176 1460 1431 1545 1586 1563 1588 1544 1566 1527 1439 1389 1410 1189 1063 1029 994 1155 1092 1315 1170 1158 980 974 680 598 623 646 328 442 468 521 592 396 535 953 796 571 499 754 785 399 488 486 640 738 620 454 856 570
963 617 370 320 479 845 714 541 560 387 524 369 726 486 480 667 700 563 647 816 1208 1499 1468 1565 1612 1569 1604 1558 1601 1575 1483 1431 1460 1239 1111 1070 1005 1146 1083 1306 1159 1140 967 988 674 597 629 639 323 469 516 529 630 407 505 963 801 570 486 752 729 365 469 415 518 623 603 433 798 491
801 474 267 301 504 727 583 456 408 312 578 329 570 332 333 504 506 401 597 777 1134 1412 1398 1501 1565 1502 1544 1545 1617 1645 1563 1554 1605 1391 1303 1238 1097 1187 1180 1403 1219 1214 1002 999 621 551 539 500 318 279 358 321 544 299 315 705 606 415 347 581 549 229 359 239 270 355 489 303 639 311
616 339 180 230 473 550 483 526 354 450 497 199 368 335 413 438 507 402 459 397 732 920 967 1082 1120 1039 1090 1073 1170 1210 1148 1140 1205 1096 1147 1146 1191 1384 1295 1377 1227 1198 1052 1064 790 649 764 851 643 562 732 517 770 432 488 804 772 499 468 643 659 279 313 276 475 469 467 238 542 203
497 294 230 267 445 448 404 401 260 253 285 136 329 145 282 359 439 258 385 303 557 813 808 894 907 815 859 849 945 980 904 898 948 831 865 897 969 1228 1206 1402 1247 1258 1024 985 603 435 580 669 473 429 634 350 485 377 372 581 704 410 332 488 509 295 301 239 417 324 377 152 461 198
602 280 420 458 660 580 542 612 413 403 643 403 577 349 428 531 594 281 627 578 781 994 960 1079 1136 1129 1139 1143 1140 1135 1021 983 932 700 535 512 548 870 1066 1595 1643 1714 1337 1272 832 540 578 606 778 547 618 380 327 441 630 669 821 497 487 687 576 594 719 505 617 692 546 483 596 551
703 292 523 437 526 472 479 479 373 384 413 361 564 407 403 424 538 340 479 521 823 1099 1014 1104 1118 1090 1106 1079 1074 1038 901 801 756 552 422 399 484 837 986 1457 1504 1609 1281 1166 792 524 591 776 737 674 814 386 256 409 556 653 761 442 472 696 613 603 610 532 621 704 634 454 582 645
531 234 298 239 470 450 408 353 270 267 405 226 477 212 295 425 515 209 392 456 715 953 951 1064 1106 1060 1089 1070 1099 1091 961 890 860 653 529 506 568 888 955 1342 1324 1351 1043 1008 667 428 553 614 598 551 641 373 398 409 533 716 831 438 445 705 599 453 542 352 447 534 502 346 574 362
405 234 228 308 444 391 355 476 223 237 276 106 229 144 248 326 377 149 312 192 314 515 508 581 607 550 583 579 652 688 617 629 663 540 579 591 660 887 874 1088 1041 1051 842 848 540 349 487 553 541 550 754 470 446 477 537 579 737 422 351 438 430 375 412 249 593 418 258 192 330 248
332 350 259 386 526 237 290 613 192 490 440 193 233 254 350 327 343 218 398 230 258 404 346 381 374 323 332 353 400 450 429 499 569 545 731 800 942 1235 1240 1371 1285 1323 1193 1095 777 617 645 748 689 564 665 352 475 430 415 354 542 408 299 293 410 365 424 341 754 550 363 202 350 315
436 517 390 400 393 172 200 551 188 538 412 272 321 439 284 276 246 260 269 430 453 637 514 493 487 449 447 456 477 499 463 495 576 555 757 759 813 979 871 888 856 880 907 823 680 629 589 713 519 726 723 457 424 410 364 332 352 326 233 227 303 311 391 313 780 596 387 285 343 493
600 246 202 188 199 235 232 312 69 360 279 88 150 342 166 164 114 171 121 309 481 648 570 600 616 598 623 623 650 674 609 599 669 575 699 615 577 670 619 664 660 710 700 671 575 538 473 578 500 609 746 400 417 370 375 477 379 233 291 368 416 235 263 182 511 472 291 158 186 302
372 363 277 229 280 162 165 347 141 408 270 152 287 283 209 232 258 227 182 295 456 687 620 640 639 558 580 578 644 670 603 590 662 634 800 821 917 1142 1019 1059 976 987 935 855 649 548 630 766 465 616 691 383 411 322 262 374 416 262 212 302 336 199 202 194 485 372 335 135 332 274
644 214 319 351 460 361 333 448 170 262 288 168 215 317 281 128 302 232 299 375 691 907 839 882 871 806 850 811 860 870 793 764 809 657 664 622 622 823 857 1049 977 1037 880 851 590 462 472 723 627 675 931 388 541 430 465 658 674 454 408 543 549 431 475 322 595 546 573 316 394 414
343 303 308 231 300 142 125 321 98 324 288 177 333 279 178 181 284 139 171 381 538 764 670 676 677 615 630 608 633 628 541 503 533 443 499 503 585 855 804 981 963 984 890 830 610 478 528 666 469 679 695 359 359 340 336 449 506 318 246 385 336 301 396 244 520 480 425 257 374 360
453 238 322 270 370 201 180 273 113 402 382 217 276 285 180 153 211 205 190 387 655 894 861 916 935 834 876 893 983 1038 937 894 954 881 997 950 963 1153 1107 1208 1132 1171 1040 954 721 595 672 824 655 652 821 346 466 353 271 418 467 246 298 452 405 248 237 167 279 265 441 178 333 252
600 485 327 289 282 210 256 479 210 555 337 204 282 483 300 299 214 340 215 379 510 696 605 626 625 598 606 606 628 641 592 587 672 642 844 805 844 961 806 749 714 740 797 718 665 637 606 771 509 702 756 486 446 359 360 416 319 260 267 299 411 246 244 291 728 612 369 227 335 473
438 214 232 159 170 179 196 325 123 375 219 90 259 321 222 221 262 192 149 203 393 590 500 533 535 505 519 494 508 496 415 369 400 327 410 417 541 814 786 954 984 1035 950 883 686 535 574 720 536 644 727 391 309 316 376 474 470 265 274 387 399 276 271 263 550 531 309 157 252 319
468 383 266 226 219 247 248 379 217 406 247 137 279 312 199 332 223 245 178 262 380 608 559 612 641 601 616 630 684 710 636 619 681 626 775 746 790 914 767 799 781 790 747 694 557 464 542 615 394 556 646 467 294 313 330 364 346 176 193 253 291 169 132 172 524 382 157 106 255 319
612 359 242 201 181 367 336 296 180 253 157 79 283 256 171 321 252 212 188 314 463 706 623 656 671 643 665 657 698 706 630 614 673 562 638 601 595 720 642 748 706 737 665 645 456 403 425 465 272 482 611 418 306 365 365 498 458 259 248 346 394 230 228 191 496 398 204 119 271 299
