443 636 967 633 439 551 656 981 983 890 1171 1216 896 1054 774 748 587 425 386 359 319 433 746 625 638 705 696 531 669 644 506 451 574 199 240 180 99 262 284 212 82 252 635 219 450 485 330 439 444 349 320 407 402 329 531 457 460 313 166 140 347 447 219 156 242 241 449 279 380 286
290 454 738 531 357 421 500 634 676 634 953 1087 815 1041 854 938 818 714 648 565 388 465 669 450 581 649 659 411 601 595 539 381 429 251 311 264 244 440 352 244 178 413 782 341 363 404 297 373 340 182 261 401 380 310 459 382 419 281 201 63 322 504 188 167 183 263 382 150 200 223
488 700 901 740 505 599 628 765 675 543 791 966 776 1071 774 832 633 656 565 504 393 511 805 636 783 886 861 603 873 802 751 594 606 305 367 315 355 457 375 352 324 607 949 443 540 540 338 359 322 261 294 448 476 486 362 478 321 218 183 101 326 471 353 177 231 288 534 291 174 390
750 939 1386 1011 724 800 786 1042 1164 933 1174 1232 837 1070 711 686 626 585 597 590 359 378 553 444 546 569 558 466 590 595 510 293 331 213 266 111 208 383 269 310 348 308 684 320 238 293 262 156 278 231 264 279 328 315 322 377 234 114 266 241 375 378 241 197 271 282 296 285 302 579
1007 1277 1562 1460 1115 1154 1095 1279 1125 791 941 1008 663 1027 685 723 796 865 860 786 464 403 365 333 501 500 549 486 523 566 546 388 312 379 374 325 471 537 349 394 722 586 643 528 371 442 521 304 259 288 528 519 422 346 244 237 242 339 520 496 351 416 341 559 394 532 199 286 363 682
625 903 1110 1062 733 850 894 1135 899 608 755 828 527 860 478 539 489 516 511 468 272 260 417 356 408 465 472 337 441 421 392 366 323 175 202 266 237 352 226 150 298 362 502 299 365 441 312 353 270 225 393 351 277 230 218 161 217 294 249 195 194 380 234 302 173 338 280 208 292 278
904 1236 1466 1337 1002 1076 1097 1307 1066 697 819 910 632 962 571 611 530 619 575 534 309 312 450 411 533 621 588 421 624 606 543 431 425 228 280 249 373 461 316 306 494 535 696 468 396 443 343 236 241 257 375 359 313 315 156 226 99 224 291 281 280 384 358 349 277 351 333 295 251 539
816 1093 1322 1196 815 974 1036 1335 1165 873 1094 1171 850 1248 745 737 644 639 586 481 194 164 344 308 354 420 413 352 435 389 354 323 302 125 122 211 236 321 280 234 359 325 582 255 346 348 189 223 242 169 248 307 264 274 244 284 145 141 144 210 241 366 339 280 297 390 379 339 391 518
978 1330 1583 1392 958 1168 1270 1651 1418 1104 1342 1471 1143 1530 954 977 750 735 643 531 229 242 553 490 486 626 579 422 623 571 520 520 518 226 224 392 379 536 482 353 369 425 847 394 517 473 191 336 439 281 255 301 300 402 372 439 255 246 180 257 383 591 558 289 375 486 681 559 576 584
767 1100 1360 1131 824 1017 1197 1520 1289 1050 1370 1521 1163 1462 993 1082 893 765 663 542 179 162 464 332 342 464 474 321 489 471 405 423 551 235 219 382 321 503 458 302 247 405 708 277 433 367 99 353 263 135 215 287 250 261 360 339 358 277 79 149 312 491 398 272 318 399 628 404 485 443
921 1219 1501 1384 1001 1159 1251 1491 1350 930 1096 1145 799 1175 692 781 718 751 768 703 304 152 344 213 248 314 300 237 375 327 319 304 316 181 220 350 311 499 399 227 352 333 615 341 241 264 125 216 257 141 260 228 212 240 265 212 236 273 221 202 363 478 396 338 301 460 451 342 445 524
1038 1405 1679 1517 1152 1288 1449 1690 1516 1076 1265 1320 1003 1357 919 1040 916 919 877 762 312 158 352 191 243 362 323 183 418 388 343 342 425 209 255 419 402 625 553 285 372 396 759 448 268 243 109 216 330 144 201 224 185 238 340 244 263 344 224 219 457 593 502 377 380 503 560 393 507 587
850 1105 1694 1201 970 1065 1042 1271 1301 1010 1242 1372 892 1006 687 794 693 668 700 738 430 427 717 461 575 631 641 468 706 718 643 421 555 391 460 298 337 655 430 365 327 461 865 471 252 322 237 192 184 202 271 248 343 313 323 298 439 322 332 193 482 491 260 212 207 314 455 253 246 466
1532 1973 2456 2010 1653 1675 1823 2058 2083 1479 1585 1602 1251 1428 1113 1285 1119 1153 1173 1185 702 544 741 525 618 771 660 382 842 909 761 585 771 531 663 642 744 1118 908 626 651 652 1194 897 355 331 336 302 715 462 406 240 308 466 554 502 444 567 625 558 912 940 828 556 626 633 807 703 769 1036
1214 1615 1953 1659 1328 1410 1496 1678 1507 1061 1249 1391 1092 1389 997 1133 948 1017 930 846 414 348 572 384 540 691 635 396 770 756 681 530 648 386 451 463 601 817 661 504 581 693 1083 681 388 337 215 167 294 206 228 284 309 402 293 363 249 314 315 297 553 620 605 389 432 486 657 463 391 783
869 1286 1502 1314 976 1044 1050 1330 975 645 856 1023 793 1088 842 1018 873 873 758 623 285 292 446 306 460 551 654 403 629 722 632 583 633 443 334 469 480 559 410 295 469 587 744 432 450 304 327 302 208 114 251 340 252 253 187 165 358 374 297 314 253 374 367 354 237 397 371 230 370 472
1051 1410 1684 1536 1229 1247 1281 1387 1219 813 968 1067 824 1151 916 1087 1015 1104 1038 914 502 401 466 262 474 568 573 342 631 655 612 473 508 415 452 486 588 763 597 401 615 671 949 685 330 312 364 225 304 185 303 394 330 334 313 235 316 440 443 340 502 598 486 482 385 531 424 274 336 642
758 951 1343 1087 906 924 966 949 1064 727 909 1021 695 885 671 862 853 899 975 1041 673 561 726 446 633 661 657 472 742 747 719 444 552 482 624 459 533 795 529 477 512 688 912 614 273 348 316 304 260 229 453 356 434 418 347 374 441 362 445 257 561 557 369 388 326 390 491 295 246 635
835 1037 1522 1200 976 986 924 1018 1099 784 959 1048 630 810 579 695 751 786 865 916 584 517 596 398 586 574 612 486 637 691 650 362 409 449 530 317 436 666 383 414 556 573 754 546 224 336 408 240 197 239 468 374 409 335 274 264 378 333 509 351 465 443 239 397 278 378 259 208 224 597
771 906 1415 1120 925 963 884 996 1111 766 872 868 436 582 357 445 551 599 771 888 669 559 698 480 604 544 591 560 635 630 597 391 443 440 542 320 310 543 320 315 444 455 611 471 223 402 474 336 242 341 570 440 492 358 372 260 529 472 549 334 509 432 184 415 256 401 253 171 262 491
1186 1329 1806 1635 1445 1433 1469 1494 1631 1313 1472 1418 910 1165 904 932 1176 1179 1284 1262 857 657 512 377 548 501 487 513 493 499 506 279 301 495 659 445 600 860 664 598 873 675 795 823 305 594 721 486 483 527 826 765 664 454 661 412 548 693 845 658 785 802 431 880 687 797 334 387 514 850
842 1036 1375 1234 1062 1092 1106 1285 1164 818 894 808 409 591 368 384 562 549 672 722 579 464 487 424 502 438 503 546 485 486 414 374 456 370 430 288 263 364 266 260 506 438 334 409 351 547 638 508 277 447 749 647 528 281 406 179 509 616 566 467 412 363 167 634 378 482 153 162 371 472
924 1135 1423 1379 1120 1172 1129 1259 1103 741 799 767 435 754 448 458 565 680 744 723 552 455 488 407 539 525 536 528 555 488 479 405 364 314 393 298 342 431 329 283 586 523 577 533 368 559 592 375 273 396 611 626 530 367 354 206 352 518 529 394 420 448 281 578 367 539 214 188 274 500
619 786 1084 903 743 779 812 864 855 597 770 854 531 739 476 551 583 600 657 725 525 494 637 502 650 651 663 557 687 668 619 413 496 359 471 276 359 486 299 383 468 608 641 435 365 482 407 370 179 286 552 472 480 380 270 329 335 288 357 257 356 350 222 384 285 303 332 227 170 522
696 839 1204 1053 916 925 1131 1153 1321 1077 1299 1262 831 1041 809 878 1015 907 984 979 612 442 410 254 351 359 305 232 301 308 272 103 217 229 429 294 354 651 507 365 435 416 589 518 170 403 385 426 430 328 591 482 395 238 560 322 395 467 480 322 570 672 269 567 468 488 324 269 400 536
721 886 1197 976 789 826 872 892 972 770 1047 1194 880 1152 867 952 935 928 909 885 546 512 629 449 653 680 685 549 723 713 685 411 485 408 503 338 495 641 464 527 586 706 891 534 369 413 342 294 208 212 424 469 496 454 347 466 332 213 343 277 454 467 355 394 401 397 455 328 229 711
630 834 1117 955 691 768 855 1031 1047 781 1034 1069 742 1042 754 845 867 785 804 731 357 228 309 158 253 250 312 261 310 339 298 212 274 225 232 268 241 385 301 209 321 295 473 230 172 172 192 249 204 80 281 296 243 175 314 217 333 246 234 213 305 350 209 330 279 366 253 183 375 482
1085 1252 1544 1479 1200 1202 1297 1373 1506 1011 1096 996 611 887 607 725 991 979 1203 1313 863 546 437 376 444 336 395 480 419 514 484 343 386 555 642 576 588 740 504 527 808 572 426 552 293 414 580 596 535 484 924 551 497 408 485 391 542 576 784 744 648 577 477 859 645 693 345 523 776 1001
1240 1376 1483 1641 1415 1333 1536 1379 1591 1195 1349 1280 1048 1444 1310 1506 1788 1779 1907 1874 1296 928 642 509 697 629 650 621 643 736 762 567 565 852 998 1002 1088 1244 1030 915 1234 1057 966 1060 581 688 907 930 959 709 1186 968 827 742 930 765 817 922 1127 1012 1045 1106 893 1284 1077 1118 687 796 1039 1346
774 967 986 1113 844 811 958 923 992 663 841 853 766 1159 1060 1284 1361 1356 1400 1330 904 681 602 428 599 583 648 493 625 710 695 581 566 636 674 799 764 846 703 552 765 777 816 680 501 443 598 700 720 405 728 646 546 542 640 552 641 628 692 609 657 761 648 781 648 733 543 510 753 884
554 806 584 816 622 635 926 968 760 627 915 1010 1039 1428 1354 1570 1508 1360 1248 1082 802 735 760 652 769 828 918 658 796 874 807 855 918 707 673 944 820 786 782 613 694 946 866 638 914 754 724 1063 856 525 841 897 690 642 809 722 818 778 571 607 565 815 737 843 733 759 794 625 875 745
333 468 581 443 282 337 538 730 812 770 1142 1224 1004 1206 1064 1187 1165 883 886 869 631 622 756 646 682 657 783 643 653 779 666 595 728 572 528 590 451 520 455 476 391 549 564 267 632 528 503 848 638 406 693 611 545 467 684 663 775 476 409 469 429 530 386 510 499 452 573 499 760 618
416 547 645 538 385 443 677 852 918 863 1230 1282 1040 1280 1078 1141 1150 878 863 819 574 546 635 572 610 593 680 593 572 656 550 490 629 459 452 487 409 458 442 473 426 527 523 268 592 537 481 779 582 400 682 639 542 439 664 640 653 423 364 454 419 509 379 548 552 468 535 492 712 663
389 538 688 511 411 410 601 707 785 721 1076 1168 932 1102 1003 1121 1132 889 873 859 607 603 675 561 673 658 758 600 657 779 656 505 680 528 533 475 461 533 434 498 459 626 593 342 543 485 494 704 477 344 657 602 526 412 568 571 633 407 395 430 408 456 314 510 478 380 462 388 553 641
471 678 797 614 523 503 728 843 823 772 1138 1260 1022 1191 1074 1165 1153 902 819 776 529 578 614 563 696 722 793 588 679 814 664 499 696 494 509 424 505 554 452 551 530 709 631 402 601 548 522 690 453 360 670 634 514 396 515 558 514 368 375 460 369 450 336 544 516 361 455 410 507 679
482 665 824 642 572 546 739 803 802 768 1130 1261 1002 1178 1063 1144 1147 935 849 796 554 609 634 553 722 750 803 598 699 800 677 476 651 483 529 394 512 583 469 562 560 749 710 470 576 577 545 641 405 355 657 673 558 416 519 546 497 376 395 423 396 480 314 545 505 378 435 359 404 647
426 608 729 606 539 526 729 789 748 740 1110 1242 1004 1202 1106 1204 1205 985 886 798 558 605 629 527 691 721 789 580 666 755 650 494 656 489 521 444 512 581 494 529 531 746 709 466 603 599 562 693 424 347 655 718 575 411 568 532 561 449 394 401 392 517 314 567 501 421 451 331 419 569
533 730 918 720 628 611 799 886 891 806 1155 1257 984 1168 1048 1139 1153 944 874 808 522 527 549 446 606 625 690 519 608 709 589 416 602 448 478 378 465 551 456 498 518 659 650 422 484 468 477 564 360 291 578 605 490 349 496 473 493 377 369 398 394 450 291 526 483 383 394 315 418 636
480 666 818 653 597 597 776 841 792 742 1092 1204 982 1170 1082 1183 1157 966 871 776 552 577 663 509 681 712 786 601 713 763 653 528 724 486 511 436 469 535 500 489 483 719 740 452 571 544 520 617 354 309 561 699 581 413 568 507 602 473 347 339 420 480 311 523 479 416 474 281 375 555
482 664 827 661 599 609 770 840 778 747 1111 1244 1007 1204 1100 1199 1170 983 878 774 543 581 672 514 692 723 804 621 724 770 672 539 721 500 515 442 480 547 502 502 499 739 767 459 587 562 525 616 332 301 556 713 597 427 564 513 609 469 347 336 412 483 308 520 473 428 481 280 360 546
552 743 904 748 679 694 848 928 832 776 1123 1242 994 1204 1074 1154 1145 971 868 760 528 554 630 495 671 697 778 628 705 741 645 529 709 488 499 424 475 522 489 501 535 741 732 459 588 574 540 602 302 309 575 736 606 421 543 490 585 474 354 360 404 457 308 556 494 450 460 280 360 574
510 669 921 679 689 664 824 867 863 857 1216 1330 1032 1134 1104 1206 1222 1004 932 872 672 721 790 608 795 811 890 696 794 861 744 569 797 595 648 476 527 651 568 575 546 805 811 565 615 660 659 714 398 415 699 813 696 464 672 553 741 612 489 418 523 571 294 611 524 464 490 285 375 553
595 780 1054 781 776 742 912 992 991 903 1215 1267 963 1052 1016 1099 1129 920 873 828 629 637 696 533 700 711 778 619 717 784 640 495 753 518 577 402 448 572 521 500 497 688 702 512 518 563 607 627 377 397 647 733 612 384 628 475 675 591 462 411 517 513 269 592 511 429 420 252 386 570
630 823 1098 844 810 805 952 1026 991 905 1236 1325 1020 1156 1076 1172 1180 997 926 841 595 596 676 485 668 691 764 607 713 757 646 506 735 520 561 429 475 602 550 506 517 719 777 527 518 544 558 575 316 333 573 722 609 398 603 464 664 568 425 369 507 524 293 572 498 465 457 247 356 563
917 1147 1461 1155 1098 1082 1202 1330 1258 1108 1423 1480 1137 1272 1174 1240 1287 1104 1033 938 654 628 656 509 698 701 798 702 760 830 696 567 817 623 626 480 565 657 619 610 698 789 790 608 573 579 671 601 345 417 664 815 678 448 644 500 722 657 551 556 595 540 381 729 639 588 471 338 489 772
797 1010 1387 1065 1012 988 1106 1244 1211 1109 1434 1503 1082 1172 1087 1167 1252 1033 994 933 648 644 634 497 664 657 753 627 655 771 646 478 697 602 625 450 532 695 570 572 643 724 714 590 521 599 688 647 382 431 729 776 631 377 636 443 716 665 605 559 558 577 288 709 566 547 385 298 475 642
856 1072 1482 1130 1049 1046 1109 1273 1209 1156 1527 1671 1209 1310 1185 1274 1347 1125 1065 996 678 719 719 587 769 758 888 750 756 897 793 584 763 733 713 538 646 803 618 690 766 855 829 654 633 690 757 712 384 461 792 842 713 470 644 521 785 678 676 646 570 615 339 752 598 613 454 381 520 711
819 1075 1422 1094 995 1019 1084 1324 1125 1165 1590 1805 1352 1464 1322 1412 1429 1157 1030 920 640 776 799 716 879 893 1054 861 848 1023 910 738 893 829 743 636 726 840 650 756 810 959 885 669 843 852 861 884 465 532 875 951 782 538 692 598 869 741 699 722 521 659 392 796 626 660 543 467 613 676
728 989 1300 1025 875 925 992 1285 1050 1117 1546 1771 1312 1460 1268 1342 1350 1067 937 821 561 723 743 710 832 849 1009 809 761 947 845 702 795 762 658 606 671 775 575 690 749 873 796 589 852 867 839 913 505 528 875 911 725 499 658 570 807 689 664 707 431 646 362 751 571 634 502 476 644 587
656 942 1182 958 776 884 993 1323 992 1102 1569 1844 1408 1613 1324 1381 1305 1015 823 660 413 620 716 706 795 862 995 768 745 887 799 708 784 662 549 579 628 715 558 653 659 851 825 521 911 900 730 898 475 474 775 870 680 492 620 582 718 597 504 592 340 638 383 658 531 599 589 506 616 500
827 1177 1399 1145 937 1072 1225 1621 1200 1222 1676 1919 1486 1710 1349 1377 1272 976 757 565 284 455 581 606 668 756 879 701 683 803 685 670 811 575 440 519 572 624 545 612 633 781 748 448 873 810 619 792 386 414 668 799 595 423 551 523 627 543 387 568 308 550 412 648 561 587 607 522 647 573
803 1136 1357 1137 901 1057 1247 1657 1283 1262 1693 1874 1425 1683 1267 1263 1180 886 698 505 209 323 441 481 499 583 673 551 503 590 483 510 639 409 304 415 439 512 477 493 518 594 610 342 735 706 499 700 373 360 587 695 488 326 527 451 522 470 302 486 276 520 366 591 527 554 542 485 648 522
825 1186 1449 1148 919 1070 1254 1700 1341 1230 1591 1694 1294 1518 1127 1089 939 692 508 320 112 218 423 422 431 544 587 463 506 533 380 454 639 242 167 256 250 335 402 319 315 401 577 264 592 554 369 490 307 297 358 549 376 235 476 349 423 413 155 316 268 431 308 416 423 427 484 357 523 420
444 739 1012 718 502 591 786 1126 1001 1027 1439 1609 1261 1451 1197 1241 1040 772 595 438 234 409 597 509 555 693 696 375 549 639 503 423 528 259 252 306 306 515 452 327 200 401 773 345 543 526 351 543 534 292 325 438 322 262 562 450 432 349 212 229 311 626 294 260 310 325 495 346 477 273
286 554 765 481 286 407 524 862 659 680 1062 1277 1005 1175 921 987 750 532 385 303 215 434 759 656 703 809 874 576 748 807 670 608 726 345 287 324 258 361 298 296 141 472 705 214 647 562 339 572 369 260 337 439 390 338 421 455 487 281 110 151 177 398 226 148 184 201 517 298 360 212
685 948 1159 960 922 1004 1145 1191 897 783 1059 1300 1027 1160 938 1089 932 876 772 765 630 745 1076 862 1021 1142 1151 861 1148 1088 1012 888 1110 670 769 645 682 826 684 674 572 1089 1128 743 873 926 616 761 327 488 720 817 789 655 554 602 711 655 408 304 536 659 491 556 469 484 854 441 267 499
480 676 962 685 689 744 863 918 772 692 979 1201 883 903 784 985 895 762 759 857 737 838 1166 922 1048 1097 1173 897 1120 1146 1048 881 1130 780 858 684 635 820 596 648 487 1004 959 631 819 871 650 877 377 512 838 769 781 620 584 606 882 697 497 358 530 604 372 530 397 408 773 409 343 444
418 673 921 649 573 650 837 1001 807 768 1098 1313 977 1075 833 925 770 596 494 498 380 548 833 713 800 917 911 610 837 857 734 593 799 408 493 369 411 586 434 467 308 721 810 448 667 726 430 639 324 369 570 561 516 404 433 475 479 391 235 199 319 506 273 331 298 248 605 342 250 319
296 530 712 574 349 464 493 706 483 457 755 995 751 1002 725 818 628 566 457 397 315 508 796 667 773 868 910 609 802 804 751 635 628 368 362 367 344 444 296 312 265 608 807 354 645 644 410 541 319 270 408 494 464 419 338 409 415 292 203 133 181 436 243 188 139 256 479 251 206 182
337 673 751 569 364 389 367 642 295 208 419 634 593 748 714 872 588 545 407 367 456 730 1061 921 1067 1176 1282 839 1164 1251 1081 1013 1066 618 521 549 463 453 343 334 305 754 898 453 869 707 651 708 513 425 484 591 543 525 397 464 626 510 346 293 234 413 351 231 150 233 517 264 319 228
566 933 1062 916 609 624 520 871 487 222 317 434 318 502 423 571 436 450 420 432 458 617 816 762 873 904 1061 754 938 1084 925 893 876 610 464 514 416 377 204 237 411 607 583 380 717 590 699 647 464 429 589 524 441 401 252 258 556 538 493 468 180 286 285 351 134 289 269 223 424 308
399 648 948 709 532 518 496 736 611 453 617 671 405 517 465 549 509 441 440 449 432 547 671 554 677 697 773 518 662 758 620 499 549 366 364 251 218 336 188 158 245 401 520 345 420 479 569 481 372 342 489 469 382 237 345 195 464 462 416 281 241 346 80 279 110 209 125 47 223 163
347 665 885 597 334 374 380 747 553 395 625 764 557 688 564 689 518 388 340 347 286 451 693 609 678 727 848 538 726 885 707 624 695 412 305 327 240 303 150 173 167 378 505 180 515 385 404 498 386 254 369 299 260 244 246 268 445 296 255 270 121 245 160 138 64 118 263 191 378 234
230 438 667 527 402 472 602 827 664 618 851 937 636 749 610 705 624 465 456 467 471 598 827 696 718 779 809 539 664 695 593 565 648 366 426 402 254 443 331 221 141 457 583 360 605 729 572 775 541 467 649 598 497 330 570 362 638 613 380 225 314 572 173 348 196 306 420 211 365 41
335 645 795 635 417 459 525 811 533 336 507 623 410 551 392 516 406 314 298 345 314 442 659 613 663 717 797 516 684 793 641 594 673 365 332 333 254 313 145 175 199 454 424 227 549 519 451 586 357 318 532 384 308 242 219 219 395 362 274 259 106 259 151 243 88 138 273 187 315 185
401 664 1040 620 455 479 569 878 884 687 893 930 641 663 563 657 503 348 367 435 391 492 784 616 654 717 741 458 708 798 597 490 679 310 347 243 146 362 256 163 35 262 569 252 363 358 345 438 459 328 350 261 273 223 419 313 498 380 265 180 337 397 156 121 119 109 341 185 354 227
539 866 1141 865 607 590 497 831 606 421 596 722 495 610 581 730 639 569 543 547 488 644 779 681 815 831 990 675 837 1034 871 747 765 616 493 462 412 475 253 280 405 557 618 406 595 513 677 601 464 390 560 493 415 337 327 267 598 530 544 479 249 358 213 348 151 285 211 185 416 313
249 490 711 497 347 349 378 549 419 314 559 728 498 611 552 726 646 537 517 550 444 568 746 595 731 759 871 562 745 874 753 590 678 487 465 389 351 456 234 277 274 575 593 322 509 480 477 567 311 259 514 436 391 298 288 286 512 378 342 250 192 320 127 254 106 167 280 134 234 223
529 821 1143 828 541 589 488 790 628 455 704 900 618 802 622 757 637 585 540 521 339 467 665 531 679 702 846 590 750 889 781 606 619 498 384 351 352 434 207 281 363 514 660 299 462 359 410 368 222 177 338 335 329 304 184 255 433 263 329 302 172 253 175 192 92 219 246 171 278 356
414 667 909 686 448 513 456 761 534 437 700 863 580 781 580 649 575 480 422 384 291 441 613 547 663 671 815 624 679 778 674 569 586 420 313 280 260 277 130 239 332 483 505 216 534 485 483 475 205 234 442 477 404 292 229 256 434 296 287 293 97 200 103 253 122 226 199 138 259 268
