36322 33210 27892 27895 27866 27655 27959 28537 28390 24312 24356 24378 24230 24095 24313 24032 23215 23544 23661 23751 23527 23483 23765 23752 23757 23838 23877 24035 24425 24893 25280 25631 25968 25920 25650 25962 26045 25863 23729 20776 20769 20782 20355 20500 20266 20406 20624 20905 21166 21309 21401 21675 22077 22838 23485 24092 24470 24761 25018 25867 26366 26991 27188 27851 28291 28745 29080 29384 29521 29484
35967 32838 27666 27597 27553 27601 27742 28215 27923 24078 24253 24184 23793 23880 23993 23815 22636 22934 23007 23225 23085 23370 23429 23625 23393 23419 23486 23789 24215 24747 25163 25406 25607 25533 25400 25559 25499 25461 23376 20334 20303 20335 20090 20039 20103 20176 20364 20559 20838 21046 21206 21547 22054 22674 23295 23823 24140 24589 24888 25554 26151 26620 27000 27569 28043 28601 28963 29138 29339 29497
35667 32502 27452 27365 27513 27548 27612 27957 27693 23954 24084 24148 23621 23797 23766 23615 22298 22443 22728 22773 23136 23155 23465 23573 23175 23231 23448 23773 24211 24741 25047 25320 25453 25289 25255 25244 25234 25261 23115 20052 20026 20043 19857 19949 19936 20079 20279 20457 20675 20938 21485 21994 22567 23448 24412 25252 25820 26496 26968 27892 28725 29084 29736 30177 30976 31780 32226 32306 32387 32536
35164 32208 27190 27188 27321 27306 27131 27372 27286 23794 23911 23854 23365 23357 23318 23341 21885 22085 22189 22682 22782 23085 23319 23445 22854 22957 23179 23656 24075 24492 24833 24970 25044 24923 25024 24717 24813 24783 22732 19749 19749 19758 19585 19719 19753 19847 20020 20277 20586 21067 21595 22020 22817 23696 24486 25223 25611 26312 26886 27734 28294 28974 29325 30489 31014 31600 32078 31923 32165 32287
34795 31769 26944 26970 26977 26992 26737 26888 27052 23587 23776 23459 23003 23081 22950 22971 21439 21620 22059 22355 22728 22931 23417 23153 22604 22728 23042 23526 23906 24414 24505 24805 24582 24693 24877 24295 24472 24429 22422 19238 19268 19256 19313 19469 19415 19493 19670 19964 20490 21061 21479 21971 22851 23527 24347 25006 25419 26292 26816 27218 28063 28489 29315 30191 30627 31359 31427 31635 32230 32067
34289 31373 26454 26609 26589 26363 26408 26714 26642 23284 23324 22951 22673 22685 22743 22413 21057 21419 21702 22200 22426 22847 23094 22668 22188 22314 22567 23048 23461 23749 23909 24052 24206 24139 24261 23784 23830 23973 21908 18736 18809 18772 19002 19198 19003 19166 19451 19857 20410 20832 21337 21880 22566 23514 24297 25057 25564 26178 26566 27385 27769 28411 29135 29951 30356 30711 31134 31565 31797 31664
33859 31188 26272 26306 26471 26049 26078 26441 26180 23066 23213 22732 22317 22473 22415 22061 20615 20797 21341 21843 22266 22489 22696 22172 21660 21779 22104 22558 22719 23054 23184 23563 23587 23657 23805 23149 23296 23311 21353 18559 18593 18627 18702 18833 18882 19093 19575 20039 20524 20942 21551 22226 23011 24064 24972 25271 25490 26023 26731 27008 27657 28411 29426 29675 29969 30599 31157 31204 31395 31368
33252 30887 25962 26035 26255 25537 25651 25931 25708 22806 22863 22308 21997 21965 22027 21582 20159 20482 20970 21581 21889 22058 22225 21688 21211 21329 21563 21881 22063 22339 22618 22862 23037 23403 23128 22498 22590 22628 20836 18246 18322 18363 18372 18597 18689 19039 19496 19954 20426 20852 21554 22270 22959 23913 24292 24863 25038 25912 25959 26615 27469 28412 28678 29085 29585 30452 30807 30706 31183 30947
32681 30544 25768 25852 26097 25184 25179 25527 25177 22532 22564 21948 21569 21574 21672 21236 19707 20134 20840 21382 21587 21693 21863 21311 20802 20914 21109 21391 21542 22021 22222 22512 23004 22970 22674 21988 22046 22075 20384 17873 17988 18067 18040 18352 18552 18892 19308 19699 20204 20880 21546 22074 22745 23230 23894 24328 25017 25315 25645 26452 27427 27764 28007 28737 29471 30146 30175 30535 30810 30610
31859 30017 25575 25737 25479 24743 24446 24866 24447 22064 22087 21441 20942 20907 21080 20735 18977 19484 20149 20676 20863 20972 21486 20626 20098 20183 20327 20617 20915 21294 21628 22100 22246 22366 22052 21152 21149 21220 19628 17451 17590 17646 17568 18038 18176 18431 18818 19261 20047 20576 21068 21699 21749 22499 22971 23978 24236 24756 25118 26110 26503 26922 27553 28388 29072 29372 29848 29975 30055 30079
31119 29511 25414 25706 24979 24418 23902 24259 23851 21676 21656 21134 20461 20505 20708 20448 18562 19030 19743 20252 20401 20897 21338 20181 19619 19743 19895 20168 20374 20878 21376 21544 21774 21996 21582 20617 20691 20652 19160 17182 17290 17297 17456 17763 17818 17977 18411 19064 19734 20262 20705 20741 21148 21739 22827 23385 23958 24486 24919 25500 25972 26800 27774 28136 28521 29279 29483 29453 29879 29633
30409 29037 25313 25614 24417 23946 23356 23835 23201 21262 21329 20771 19953 20126 20216 19981 18150 18642 19297 19728 20255 20638 20833 19644 19041 19128 19276 19543 19878 20586 20690 21079 21386 21437 20972 20024 20131 19960 18620 16975 17089 17085 17164 17493 17442 17730 18347 18836 19502 19995 19936 20075 20484 21730 22349 23230 23664 24225 24380 24877 25731 26759 26999 27489 28176 28681 28851 29072 29296 29176
29528 28397 25167 25333 23713 23410 22742 22957 22547 20743 20782 20362 19459 19518 19763 19470 17688 18032 18632 19437 19901 20028 20122 19043 18451 18566 18692 19085 19566 19848 20145 20611 21187 20738 20371 19416 19423 19222 18075 16729 16792 16837 16950 16970 17100 17531 18061 18539 19125 19106 19176 19393 20385 21156 22113 22906 23462 23700 23631 24626 25654 25951 26447 27110 27515 28081 28713 28528 28651 28772
29004 27870 25002 25301 23284 23024 22327 22904 22174 20467 20650 19980 19104 19565 19319 19015 17373 17789 18532 19274 19501 19596 19726 18561 18025 18092 18205 18624 18803 19282 19788 20330 20463 20016 19747 18779 19015 18754 17636 16444 16497 16573 16571 16741 17052 17363 17795 18270 18414 18534 18695 19446 20300 21166 21948 22851 22918 23042 23696 24607 25190 25716 26091 26600 27197 27939 28147 28042 28405 28681
27819 26723 24600 24705 22099 22017 21262 21646 21221 19570 19753 19136 18346 18721 18175 18003 16488 16759 17526 18039 18324 18398 18613 17485 17125 17197 17384 17749 18003 18591 18961 19562 19161 18900 18809 17800 17952 17623 16786 15895 15953 16003 15999 16216 16391 16620 17163 17220 17354 17560 18258 18855 19495 20265 21213 21816 21864 22404 22716 23452 24084 24532 25116 25620 26309 26931 27182 27295 27820 28133
26830 26007 24297 24327 21322 21390 20497 20797 20630 19070 19244 18528 17943 18144 17410 17378 16046 16362 16955 17414 17655 17813 18014 16892 16609 16681 16808 17199 17554 18054 18558 19008 18259 18097 18186 17128 17275 16856 16246 15542 15599 15655 15734 15828 15896 16207 16350 16446 16665 17260 17855 18353 18881 19800 20528 21032 21334 21720 22048 22728 23391 23907 24494 25110 25647 26262 26721 27012 27458 27924
26252 25578 23993 24129 20912 20945 20164 20525 20244 18734 18968 18146 17726 18111 17065 17146 15830 16094 16692 17078 17317 17425 17534 16398 16173 16228 16387 16768 17130 17793 18259 18913 17682 17546 17556 16636 16802 16228 15776 15325 15343 15331 15396 15498 15701 15778 15974 16072 16657 17267 17660 18063 18871 19745 20409 20985 21178 21608 22232 23023 23754 24311 25182 25608 26389 27439 28093 28436 29035 29568
25480 24965 23633 23822 20305 20353 19706 20062 19840 18307 18412 17676 17486 17741 16577 16636 15519 15776 16250 16594 16816 16888 16841 15861 15718 15788 15952 16372 16827 17441 17985 18498 17047 16888 16931 16111 16141 15582 15295 15022 15015 14992 15188 15324 15242 15354 15576 16010 16550 16987 17409 17940 18775 19526 20246 20803 20953 21580 22156 22885 23591 24268 24745 25620 26567 27379 28138 28550 29184 29617
24853 24387 23332 23447 19753 19925 19121 19284 19298 17949 18032 17266 17131 17242 16074 16333 15284 15498 15908 16269 16416 16386 16371 15482 15334 15442 15704 16157 16666 17315 17729 18219 16448 16345 16440 15689 15772 15171 14952 14809 14813 14861 14963 15087 14895 14972 15354 15818 16357 16729 17221 17689 18459 19131 19826 20364 20619 21348 21657 22388 23351 23762 24537 25425 26254 27215 27972 28461 29080 29453
24433 23914 22983 23277 19373 19476 18754 18933 19097 17694 17641 16844 16887 16832 15795 15995 15041 15326 15630 15933 15944 15972 15930 15077 14998 15150 15354 15864 16451 17023 17422 17483 15862 15792 15914 15243 15271 14782 14582 14465 14611 14532 14777 14754 14559 14852 15258 15691 16134 16664 17108 17451 18316 18983 19610 20213 20514 21043 21567 22399 23078 23731 24376 25572 26402 27177 28073 28574 29107 29426
24065 23496 22698 23000 18982 19165 18411 18602 18676 17404 17582 16491 16452 16450 15463 15935 14763 15055 15271 15504 15535 15548 15496 14628 14527 14663 14968 15459 16015 16682 16627 16903 15174 15183 15212 14647 14754 14347 14171 14305 14353 14292 14297 14306 14825 14850 15132 15393 16210 16885 17004 17368 18384 18940 19554 20089 20309 21065 21578 22159 22971 23552 24480 25475 26173 27450 27971 28369 29144 29455
23352 22733 22004 22343 18343 18500 17948 18166 18352 16871 16854 15912 16076 15889 15055 15272 14206 14503 14628 14900 14860 14879 14814 13999 14020 14211 14469 14959 15496 15820 15651 15825 14431 14340 14495 14046 14140 13824 13613 13564 13615 13650 13883 14320 14260 14449 14651 15182 15875 16313 16647 17131 17948 18673 19239 19808 20201 20827 21301 22050 22671 23399 24192 25214 26016 27006 27708 28301 29010 29264
22929 22399 21528 21767 17954 18085 17649 17816 18015 16532 16564 15599 15610 15615 14792 15016 13862 14073 14245 14811 14462 14440 14373 13537 13557 13715 13991 14403 14693 15100 14756 14892 13728 13656 13781 13430 13534 13329 13208 13163 13298 13430 13814 14030 14210 14265 14638 15081 15729 16259 16752 17172 17938 18664 19274 19866 20244 20960 21531 22225 22955 23702 24638 25733 26513 27608 28395 28914 29656 29751
22401 22096 21109 21207 17546 17671 17306 17565 17668 16239 16322 15224 15231 15315 14464 14543 13471 13634 14119 14197 13956 13951 13836 13052 13049 13159 13363 13632 13930 14122 13826 13944 13033 12961 13005 12733 12765 12701 12772 12876 13109 13323 13584 13963 13995 14284 14734 15310 15922 16382 16942 17558 18409 19385 20383 21260 21833 22811 22975 23965 24741 25010 25896 26439 27271 28036 28797 28976 29427 29523
21949 21793 20740 21053 17198 17203 16823 17284 17173 16043 16232 14905 14940 14981 14136 14346 13231 13644 13704 14153 13618 13617 13550 12820 12775 12846 12952 13250 13386 13529 13218 13463 12519 12530 12447 12327 12359 12508 12600 12838 13292 13456 13655 13804 14090 14474 14986 15576 16410 16878 17236 17875 18854 19820 20683 21562 21814 22242 22886 23720 24165 25018 25432 26280 27043 28099 28409 28783 29155 29293
21386 21192 20335 20313 16700 16780 16408 16687 16705 15650 15852 14658 14511 14770 13769 13829 12753 12884 13340 13702 13077 13040 13037 12414 12420 12496 12679 12902 12733 12820 12543 12662 12002 11991 12059 11979 12194 12273 12410 12811 13070 13370 13534 13775 14144 14582 15104 15601 16102 16752 17451 17931 18769 19758 20741 21297 21560 22411 22661 23326 24134 24583 25353 26123 26942 27749 28294 28567 29023 29346
20807 20686 19910 20104 16268 16263 15881 16260 16423 15404 15489 14228 14326 14471 13387 13389 12527 12913 13314 13558 12761 12781 12935 12258 12278 12355 12486 12439 12305 12373 12141 12238 11659 11665 11738 11905 12040 12204 12385 12663 12986 13266 13466 13796 14091 14482 14935 15438 16123 16756 17193 17754 18665 19579 20346 20955 21341 21888 22248 22995 23729 24425 25071 25952 26650 27497 28045 28442 28898 29142
20397 20243 19703 20093 15916 16144 15618 15975 16475 15126 15151 14003 14199 14184 13120 13232 12345 12743 13139 13543 12522 12638 12750 12047 12041 12178 12300 12050 11868 11871 11817 12169 11440 11439 11914 11798 11974 12190 12510 12842 13311 13208 13438 14077 14374 15057 15760 16448 16996 17408 17978 18672 20027 21360 22314 22806 23266 23988 24755 25912 26925 27877 28705 29531 30208 30900 31036 31146 31238 30877
19722 19490 19101 19425 15134 15347 14861 15415 15704 14412 14691 13370 13424 13734 12527 12396 11816 12171 12687 12992 11875 11997 12061 11374 11359 11433 11457 11108 10991 11091 11118 11659 10844 11017 11352 11339 11535 11949 12308 12741 12770 12796 13232 13786 14516 15168 15547 15889 16443 17156 17682 18481 19824 21037 21689 22469 22822 23776 24545 25591 26509 27354 27978 28829 29409 29895 30282 30100 30230 30531
18637 18301 18072 18266 14013 14044 13872 14500 14930 13379 13585 12513 12578 12911 11700 11232 11045 11508 12204 12066 11002 11075 11214 10553 10605 10726 10625 10308 10257 10359 10483 10717 10356 10442 10907 10920 11179 11585 11887 11937 12056 12390 12970 13599 14190 14670 14968 15281 15891 16661 17319 18083 19240 20212 21284 22005 22523 23322 24079 25094 25894 26401 27288 27938 28065 29006 29225 29035 29558 29919
17896 17495 17449 17528 13241 13193 13219 14001 14084 12670 12918 11984 12182 12047 11084 10549 10671 11261 11950 11445 10414 10512 10581 10008 10126 10186 10063 9815 9848 10043 10077 10337 10142 10373 10643 10757 10976 11379 11475 11641 11983 12498 13019 13596 14013 14445 14764 15210 15913 16689 17362 18053 18868 20379 21240 22002 22492 23293 23943 24836 25336 26200 26844 27030 27791 28357 28353 28780 29206 29633
17035 16748 16662 16713 12494 12464 12501 13067 13381 11922 12036 11539 11861 11222 10403 10054 10259 10875 11124 10790 9831 9957 9895 9482 9578 9666 9519 9391 9489 9544 9693 9881 10043 10156 10408 10566 10702 10917 11131 11487 11976 12515 12862 13421 13760 14152 14636 15292 16036 16670 17098 17894 18846 20051 21148 21805 22502 23165 23556 24468 25195 25969 26336 26854 27411 27767 28140 28578 28859 28963
16623 16126 16109 16190 12037 12021 11957 12511 12745 11413 11557 11214 11509 10752 9957 9762 9960 10388 10557 10326 9554 9669 9539 9173 9242 9270 9193 9134 9252 9461 9618 9923 10070 10168 10389 10532 10627 10807 10958 11449 11965 12437 12706 13292 13569 14077 14596 15262 15971 16585 17035 17828 18750 20032 20941 21773 22347 23005 23307 24264 25028 25730 26000 26530 27047 27600 27893 28362 28598 28512
16147 15527 15554 15699 11568 11635 11401 11918 12089 10936 11153 10886 11004 10318 9518 9461 9517 9899 9994 9904 9316 9398 9233 8941 8922 8935 8901 8944 9181 9413 9609 9924 10048 10161 10403 10466 10566 10704 10857 11365 11848 12363 12643 13120 13513 14002 14529 15162 15837 16485 16955 17745 18683 19769 20849 21583 22118 22695 23069 24084 24724 25289 25625 26121 26729 27342 27680 28086 28121 28109
15736 14957 15099 15177 11161 11273 10916 11417 11427 10543 10873 10576 10553 9926 9189 9177 9276 9488 9588 9593 9124 9175 9022 8777 8720 8725 8759 8915 9175 9448 9724 10172 10368 10555 10832 10913 11072 11243 11343 11900 12456 12951 13124 13497 13796 14240 14765 15360 15912 16480 16988 17833 18582 19769 20774 21522 21862 22490 22980 23857 24476 25010 25363 25890 26568 27179 27526 27972 27717 27756
15256 14407 14578 14649 10756 10881 10388 10831 10866 10180 10525 10229 10174 9534 8876 8936 8890 9059 9205 9244 8855 8888 8779 8610 8575 8582 8669 8903 9159 9508 9813 10281 10424 10595 10883 10965 11121 11189 11327 11899 12353 12904 13087 13393 13727 14172 14700 15259 15803 16440 16951 17690 18479 19573 20597 21223 21554 22285 22693 23607 24199 24712 25238 25755 26388 27104 27460 27836 27355 27390
14777 13887 14055 14068 10392 10490 9920 10387 10431 9878 10206 9898 9872 9181 8614 8628 8546 8767 8900 8921 8610 8659 8580 8478 8473 8507 8643 8851 9172 9492 9792 10215 10369 10600 10865 10967 11059 11193 11328 11803 12321 12870 13101 13359 13710 14145 14656 15194 15793 16430 16895 17639 18419 19491 20370 20998 21383 22028 22552 23388 24002 24606 25118 25629 26291 27026 27393 27630 27022 27090
14295 13379 13448 13506 10048 10143 9517 9975 10054 9567 9876 9625 9582 8856 8376 8341 8221 8441 8593 8632 8389 8417 8379 8337 8372 8483 8613 8835 9098 9441 9727 10185 10370 10585 10860 10926 11065 11169 11270 11798 12318 12864 13067 13359 13733 14158 14657 15226 15829 16488 16926 17633 18413 19389 20263 20905 21274 21996 22448 23337 24018 24587 25097 25679 26340 27123 27512 27248 26736 26746
13816 12831 12912 13009 9665 9692 9107 9587 9617 9247 9509 9315 9286 8528 8119 8042 7944 8156 8309 8317 8173 8188 8210 8274 8380 8495 8606 8800 9139 9538 9856 10289 10487 10729 11002 11121 11266 11361 11447 11930 12399 12902 13096 13360 13698 14100 14628 15177 15804 16439 16875 17546 18293 19242 20133 20781 21216 21878 22354 23266 23906 24489 25027 25606 26302 27079 27489 26832 26408 26463
13291 12306 12402 12513 9282 9323 8736 9176 9204 8938 9198 9052 9017 8227 7838 7803 7723 7933 8073 8099 8018 8080 8191 8271 8378 8495 8616 8831 9198 9627 9967 10399 10602 10857 11142 11271 11411 11502 11604 12093 12574 13087 13303 13565 13908 14322 14860 15414 16048 16690 17142 17822 18580 19511 20389 21028 21456 22122 22581 23441 24064 24602 25109 25678 26341 27089 27071 26474 26119 26184
12771 11795 11925 12049 8928 8988 8384 8794 8868 8649 8898 8785 8761 7951 7579 7568 7517 7714 7870 7875 7922 8072 8190 8272 8380 8514 8669 8936 9348 9826 10197 10685 10916 11206 11543 11692 11870 11978 12081 12591 13102 13629 13850 14129 14479 14897 15458 16043 16714 17384 17864 18563 19342 20290 21174 21823 22264 22959 23436 24289 24913 25471 26025 26636 27008 27338 26657 26126 25837 25851
12225 11297 11428 11518 8561 8633 8027 8451 8531 8356 8635 8494 8494 7690 7321 7396 7320 7532 7652 7786 7962 8140 8278 8428 8575 8715 8876 9178 9697 10267 10747 11324 11665 12060 12451 12664 12868 12954 13094 13658 14212 14805 15078 15267 15632 16023 16551 17140 17844 18532 18950 19629 20374 21215 22032 22650 23057 23697 24121 24984 25569 26063 26243 26324 26539 26870 26220 25753 25517 25502
11712 10716 10784 10901 8185 8226 7682 8144 8138 8028 8280 8205 8225 7404 7073 7118 7055 7278 7458 7752 7912 8123 8269 8426 8552 8720 8878 9186 9697 10258 10724 11350 11718 12120 12516 12732 12993 13093 13190 13740 14275 14829 15026 15267 15615 15994 16548 17149 17875 18573 18956 19596 20360 21200 22009 22643 23051 23650 24113 25026 25621 25805 25770 25862 26107 26441 25784 25382 25225 25160
11194 10123 10149 10272 7759 7789 7339 7759 7719 7677 7918 7919 7991 7112 6794 6826 6792 7071 7386 7682 7892 8092 8257 8408 8547 8714 8874 9191 9710 10308 10786 11388 11744 12157 12554 12768 13006 13107 13217 13732 14254 14801 15039 15264 15634 16048 16640 17249 17996 18726 19163 19822 20623 21452 22251 22865 23253 23834 24265 25101 25441 25227 25238 25383 25599 25910 25327 24998 24905 24862
10629 9533 9575 9734 7342 7428 7019 7378 7347 7344 7626 7723 7758 6835 6519 6594 6639 7002 7353 7730 8004 8253 8496 8739 8930 9170 9420 9875 10517 11221 11776 12510 12969 13503 14068 14348 14729 14909 15072 15769 16483 17222 17571 17910 18443 19007 19771 20299 20714 21211 21342 21674 22300 23003 23655 23846 24008 24332 24503 24858 24957 24712 24768 24908 25078 25477 24858 24651 24585 24535
9948 8806 8886 9115 6796 6941 6627 6940 6889 6918 7253 7389 7548 6505 6175 6395 6554 6954 7397 7931 8285 8653 8976 9321 9570 9873 10196 10757 11520 12341 13030 13875 14396 14985 15581 15719 15874 15884 15947 16569 17114 17798 18053 18366 18842 19187 19519 19786 20287 20772 20873 21319 22070 22767 23156 23545 23643 24003 23991 24293 24297 24097 24116 24299 24478 24995 24271 24179 24142 24121
9414 8142 8276 8534 6369 6592 6323 6513 6513 6571 6997 7194 7233 6225 5950 6233 6354 6890 7430 7994 8387 8802 9168 9582 9885 10248 10351 10916 11780 12701 13401 14167 14528 15008 15396 15490 15681 15687 15907 16413 17079 17648 18145 18398 18673 18853 19087 19398 19900 20386 20554 21113 21890 22359 22879 23241 23390 23676 23536 23741 23812 23603 23637 23842 24166 24487 23793 23757 23784 23844
8866 7452 7713 7905 5967 6221 5987 6134 6155 6289 6701 6891 6847 5941 5740 6010 6280 6890 7484 8118 8481 8993 9451 9969 9885 9940 10226 10901 11777 12618 13285 13946 14351 14697 15105 15260 15426 15535 15672 16286 16829 17604 17992 18099 18212 18318 18602 18940 19436 19933 20206 20791 21401 21988 22492 22921 22924 23174 23031 23185 23206 23153 23147 23551 23713 23931 23273 23354 23413 23605
8309 6788 7092 7119 5611 5876 5631 5758 5851 5937 6364 6450 6421 5666 5539 5826 6146 6814 7448 8006 8531 9121 9541 9589 9485 9707 10084 10767 11564 12360 13001 13687 13967 14332 14769 14928 15174 15149 15473 15941 16668 17342 17711 17579 17592 17776 18110 18459 18957 19516 19757 20316 20936 21551 22120 22455 22385 22662 22523 22643 22804 22779 23002 23218 23343 23469 22865 23020 23112 23298
7837 6216 6514 6378 5336 5391 5301 5450 5531 5643 6174 5970 5983 5413 5378 5596 5924 6671 7239 8062 8611 9045 9008 9018 9177 9471 9875 10513 11269 12035 12738 13304 13625 14011 14392 14644 14680 14853 15151 15784 16422 17067 17019 16997 17069 17355 17691 18037 18602 19089 19293 19898 20462 21197 21643 21827 21883 22051 22037 22277 22408 22694 22715 22941 22998 23137 22538 22733 22846 23071
7309 5725 5943 5767 5096 4961 4931 5135 5285 5513 5786 5542 5551 5174 5230 5338 5714 6359 7267 8073 8440 8462 8464 8704 8940 9241 9621 10244 10926 11751 12386 12939 13310 13702 14072 14156 14334 14499 15053 15568 16192 16928 16393 16511 16640 16893 17244 17686 18193 18550 18802 19486 19988 20605 20893 21210 21218 21513 21593 21846 22280 22417 22513 22591 22720 22831 22278 22488 22615 22722
6646 5198 5197 5154 4755 4494 4506 4828 5152 5111 5336 5081 5191 4932 5018 5180 5441 6391 7243 8020 7897 7930 8191 8505 8734 9013 9365 9938 10653 11435 12005 12579 12974 13375 13600 13769 13970 14478 14840 15312 16044 16199 15873 16047 16125 16301 16752 17142 17541 17963 18276 18959 19257 19725 20161 20438 20641 21246 21020 21646 21860 22222 22090 22186 22281 22400 21990 22199 22251 22320
6005 4702 4574 4570 4413 4095 4170 4676 5077 4721 4885 4693 4805 4706 5033 4883 5388 6299 7163 7569 7370 7653 8019 8307 8502 8769 9113 9732 10391 11127 11682 12289 12704 12993 13247 13433 13971 14303 14633 15197 15385 15552 15422 15639 15590 15860 16235 16479 16964 17488 17817 18254 18370 19022 19388 19851 20438 20480 20794 21222 21568 21913 21616 21714 21777 21993 21701 21816 22011 21938
5370 4242 4135 4090 4035 3822 3983 4690 4865 4385 4689 4389 4504 4655 4679 4912 5419 6303 6734 6867 7199 7542 7906 8150 8325 8610 9001 9555 10149 10895 11484 11993 12352 12757 12877 13358 13829 14232 14617 14662 14840 15199 15138 15167 15308 15431 15677 16013 16618 17189 17361 17616 17923 18421 18932 19735 19868 20376 20360 20977 21223 21490 21112 21195 21311 21415 21434 21644 21689 21730
4946 3764 3787 3792 3771 3684 3936 4572 4733 4110 4261 4194 4334 4366 4663 4748 5205 5726 5910 6561 6938 7326 7684 7954 8228 8597 8999 9529 10139 10803 11378 11803 12294 12640 12907 13370 13779 14130 14147 14251 14548 14859 14819 15005 14946 15122 15512 16022 16545 16918 16921 17323 17443 18042 18892 19304 19898 19952 20163 20635 20923 21071 20803 20919 20974 21276 21510 21615 21526 21716
4617 3484 3608 3768 3601 3603 3853 4346 4476 3939 4059 4028 4134 4463 4769 4824 4932 5146 5888 6532 7037 7356 7653 7903 8311 8786 9316 9985 10826 11909 12514 13127 13525 13834 13823 13774 13732 13760 13910 14161 14410 14620 14548 14709 14746 15028 15717 16253 16792 16485 16654 16906 17113 17992 18501 19288 19307 19764 19762 20250 20556 20507 20519 20469 20950 21283 21363 21305 21465 21558
3733 3008 3114 3335 3061 3121 3264 3880 4133 3567 3621 3721 3917 4164 4372 4593 4566 5026 5712 6416 6789 7188 7482 7818 8224 8641 9084 9784 10699 11390 12017 12546 12941 13006 13019 13085 13183 13422 13837 14037 14266 14287 14222 14398 14537 14887 15390 15902 16129 15799 15891 16242 16762 17206 18090 18444 18662 18879 18831 19513 19778 19688 19768 19806 20355 20628 20702 20782 20877 21035
3086 2531 2645 2762 2606 2602 2861 3454 3536 3183 3374 3425 3674 3866 4178 4235 4401 4899 5655 6266 6645 7078 7382 7704 8048 8450 8956 9664 10299 10991 11568 12049 12225 12228 12422 12665 12951 13375 13764 13958 13980 13982 13830 14220 14438 14674 15063 15240 15364 15183 15268 15820 16050 16896 17346 17876 17853 18022 18136 18772 18932 19218 19113 19241 19890 19993 20107 20222 20403 20676
2538 2199 2335 2438 2300 2315 2523 3088 3205 2969 3200 3342 3505 3788 4048 3950 4169 4818 5435 6099 6553 6979 7362 7711 8113 8579 9080 9506 10077 10699 11190 11461 11600 11911 12107 12475 12972 13488 13990 13645 13610 13633 13991 14409 14300 14432 14544 14664 14681 14645 14943 15354 15730 16151 16746 17194 17072 17380 17505 18038 18478 18539 18721 19025 19352 19681 19769 19975 20284 20545
2203 2047 2263 2343 2174 2183 2481 2931 2868 2998 3161 3265 3499 3819 3930 3750 4141 4700 5429 6125 6538 6952 7386 7828 8173 8499 8779 9319 9853 10447 10873 11060 11483 11685 11901 12611 13072 13593 13837 13415 13354 13703 14075 14494 14143 14193 14317 14297 14354 14476 14799 15214 15310 15926 16454 16555 16643 17015 17258 17767 18028 18304 18500 18831 19275 19398 19665 19943 20224 20656
1870 1821 2092 2183 1921 2092 2144 2409 2765 2758 2980 3254 3378 3571 3556 3665 4079 4670 5433 5968 6453 6860 7342 7651 7940 8148 8542 9053 9624 10103 10491 10877 11240 11367 12006 12327 12878 13276 13491 13160 13381 13628 13979 14257 13927 14058 14079 14189 14350 14518 14834 15024 15268 15804 16045 16255 16433 16812 16979 17413 17834 18125 18419 18856 19148 19333 19757 20073 20318 20500
1633 1651 1806 1893 1660 1879 1817 2219 2454 2594 2891 3032 3149 3264 3362 3614 4003 4629 5186 5833 6266 6677 6994 7284 7385 7673 7988 8590 9094 9599 10105 10568 10840 11217 11555 11965 12416 12820 12910 13188 13302 13369 13585 13680 13780 13877 13970 14096 14345 14537 14621 14805 15143 15527 15843 16132 16255 16571 16793 17258 17615 17943 18240 18724 19017 19384 19665 19854 20082 20192
1519 1455 1499 1534 1672 1720 1904 2461 2776 2892 3019 2969 3053 3346 3521 3661 4006 4707 5450 6050 6514 6574 6862 7013 7218 7461 7858 8273 8760 9385 9879 10323 10783 11060 11425 11808 12368 12512 12943 13053 13044 13204 13397 13821 13883 14025 14062 14347 14652 14886 15146 15454 15933 16569 17137 17609 17985 18500 18708 19358 19734 20063 20382 20715 21006 21036 21306 21620 21853 22065
1385 1228 1341 1794 1504 1641 1829 2336 2780 2690 2760 2770 3175 3295 3581 3598 4066 4730 5365 6114 6128 6394 6578 6805 6979 7341 7606 8095 8746 9319 9934 10421 10769 11020 11331 11849 11982 12556 13122 12824 12876 13026 13309 13685 13747 13809 14054 14380 14891 14961 14998 15445 15828 16481 17066 17700 18158 18380 18637 19117 19538 20070 20199 20591 20796 21190 21460 21589 21821 21954
1095 995 1280 1304 1486 1548 1626 2331 2690 2440 2711 2809 2979 3306 3311 3456 3681 4412 5150 5527 5748 6006 6248 6381 6666 6900 7259 7733 8231 8944 9523 10025 10397 10788 11120 11354 11967 12534 12743 12581 12732 12904 13226 13657 13641 13835 14066 14391 14635 14758 15034 15400 15760 16647 17211 17741 17949 18260 18292 19068 19700 19878 20160 20278 20855 21165 21244 21461 21739 21898
870 1012 974 1297 1397 1266 1594 2176 2240 2419 2647 2656 3021 3058 3319 3254 3764 4325 4738 5224 5466 5738 5912 6183 6324 6591 6906 7405 8099 8748 9291 9788 10348 10558 10780 11344 11920 12266 12447 12629 12715 12932 13130 13542 13653 13825 14080 14271 14549 14712 14871 15274 15761 16454 17057 17480 17618 17799 18159 19047 19249 19703 19772 20275 20801 20924 21061 21337 21611 21760
623 776 989 1144 1071 1260 1332 1770 2148 2296 2490 2672 2677 2928 3009 3272 3463 3897 4344 4891 5220 5411 5730 5902 6101 6433 6788 7433 8040 8661 9209 9699 10120 10423 10919 11313 11802 12084 12373 12465 12603 12873 13242 13476 13598 13749 13862 14074 14374 14651 14890 15273 15802 16349 16786 17133 17324 17754 18038 18502 18966 19305 19603 20124 20399 20648 20978 21277 21587 21900
476 524 752 890 872 1137 1381 1937 2021 2041 2340 2402 2594 2845 2954 3021 3214 3615 4139 4646 4859 5132 5284 5564 5816 6103 6516 7093 7744 8398 8992 9529 9931 10245 10682 11050 11424 11784 12118 12280 12424 12640 12960 13306 13435 13639 13853 14116 14425 14651 14904 15357 15892 16595 17234 17740 18025 18574 18941 19654 20214 20601 20900 21319 21780 22085 22388 22671 22928 23204
311 393 565 743 886 1185 1350 1662 1894 2025 2252 2483 2584 2823 2833 2959 3104 3562 4124 4513 4767 4962 5245 5498 5731 6095 6553 7250 7922 8633 9209 9656 10086 10374 10834 11231 11712 12099 12433 12640 12906 13258 13715 14154 14428 14754 14990 15268 15617 15952 16291 16704 17340 17875 18472 18883 19106 19701 19985 20438 21021 21234 21541 22106 22411 22679 23045 23240 23546 23799
132 265 630 883 931 1145 1287 1590 1875 1961 2169 2387 2592 2690 2744 2871 3112 3570 3990 4391 4621 4861 5119 5395 5674 6053 6529 7202 7929 8639 9197 9665 10035 10335 10801 11206 11652 12020 12371 12683 13008 13381 13780 14209 14390 14648 14915 15237 15611 15907 16211 16659 17208 17838 18388 18816 19101 19666 19920 20367 20852 21184 21468 22019 22340 22640 22935 23230 23496 23698
