355 372 225 297 312 102 358 794 467 234 278 194 436 301 432 216 579 908 726 744 442 398 395 322 363 445 457 549 636 678 533 467 562 386 249 562 546 402 353 442 465 478 265 461 226 302 448 540 606 471 354 469 530 783 811 796 646 621 428 978 811 839 567 850 722 701 479 421 383 144
299 336 213 232 187 88 194 602 229 123 299 99 171 258 226 200 337 636 563 496 312 285 274 196 218 244 255 340 442 535 422 359 287 243 145 314 264 226 260 282 277 309 233 182 166 239 285 280 381 371 267 341 507 619 621 527 316 449 299 666 597 468 379 569 474 557 361 175 201 157
503 293 262 177 324 241 481 825 407 159 290 293 256 440 448 297 412 557 642 584 453 372 379 253 320 376 491 593 555 665 555 487 483 366 332 527 517 478 382 302 276 293 271 364 217 326 432 436 397 351 547 508 572 881 964 839 596 885 655 1005 991 790 761 852 798 804 625 382 464 370
368 439 245 243 350 329 394 634 398 206 324 395 361 353 368 391 446 646 568 622 427 357 387 291 250 353 451 614 548 585 419 465 461 340 331 421 517 354 310 510 510 502 329 405 337 431 527 607 622 576 534 540 846 878 958 876 604 893 594 917 1075 911 835 1173 823 973 719 496 530 220
506 395 490 516 387 628 373 479 410 303 491 508 330 408 264 557 381 562 640 652 527 505 570 484 415 539 727 959 858 952 755 896 530 553 738 510 687 598 513 501 531 483 540 466 412 489 503 512 632 650 646 633 970 961 832 708 412 873 638 651 845 720 904 1056 675 1002 715 500 665 403
429 185 182 337 282 314 358 635 461 218 258 218 355 368 327 352 441 803 905 859 582 580 604 496 528 654 788 943 903 1030 855 867 643 551 603 635 681 676 555 177 250 179 374 496 169 284 358 406 553 422 504 543 686 947 783 760 506 687 542 819 760 754 724 815 681 742 535 430 592 295
607 300 310 344 436 511 540 789 471 259 406 424 320 507 449 478 456 637 859 873 684 600 637 484 449 568 774 994 837 990 845 945 725 619 676 650 797 721 516 313 347 305 339 461 284 403 535 543 570 515 698 674 785 1105 1059 978 627 985 818 1048 1042 942 1015 996 884 1014 705 497 688 421
570 342 194 267 402 353 471 751 530 274 331 360 427 396 453 346 451 774 836 741 507 470 531 376 408 527 648 772 672 796 596 640 525 432 454 510 601 581 452 372 449 374 331 557 337 487 603 645 727 648 701 724 885 1168 1062 968 710 894 644 969 1016 984 914 1077 847 980 660 531 648 336
822 527 192 277 618 440 733 1081 730 467 499 506 626 667 765 500 730 1157 1355 1233 911 829 890 685 703 815 926 1064 925 1106 927 883 903 724 621 836 897 925 755 422 537 477 471 783 513 716 877 881 942 833 969 1006 1045 1480 1395 1356 1039 1079 889 1334 1316 1260 1085 1184 1083 1074 802 686 834 554
739 505 160 322 500 325 544 964 595 388 431 306 481 445 575 287 414 921 1119 932 611 571 588 445 479 564 584 722 746 919 750 723 702 591 469 534 532 568 468 268 407 355 271 582 412 612 840 850 983 841 805 993 1008 1351 1232 1150 850 797 632 1190 1002 950 752 835 935 850 569 521 601 445
709 473 101 392 561 471 545 902 650 413 393 363 508 552 582 466 412 879 1101 955 672 641 700 537 577 701 766 892 831 999 790 853 695 610 610 593 667 692 540 207 315 211 371 599 375 534 681 716 898 759 769 805 1072 1255 1096 1036 727 821 693 1120 1094 1068 1015 1137 1032 1102 802 602 807 456
881 639 146 447 704 536 614 1092 653 518 585 408 493 667 697 511 461 953 1265 1096 817 737 805 600 590 677 710 851 792 1020 842 933 774 699 600 607 714 737 544 246 359 292 327 543 472 629 815 774 963 889 830 898 1090 1345 1192 1116 757 763 748 1245 1105 1104 1047 1041 1066 1166 769 544 768 525
523 527 164 330 428 386 414 630 373 276 315 382 354 413 444 454 315 658 843 904 627 526 526 481 425 540 599 880 941 1044 863 823 857 721 623 637 644 468 438 285 348 339 378 398 358 479 697 744 854 691 641 698 991 856 957 958 610 781 588 994 1047 760 731 1018 914 883 774 485 609 367
1185 1146 402 701 1185 1006 1065 1641 952 896 1079 843 758 1218 1144 1012 884 1300 1773 1747 1462 1271 1328 1076 900 967 1007 1240 1053 1278 1196 1368 1301 1116 938 978 1214 1131 850 548 601 620 572 742 836 972 1175 1106 1194 1180 1134 1188 1445 1670 1682 1637 1101 1178 1291 1890 1738 1631 1558 1484 1576 1629 1215 859 1109 860
988 716 302 408 777 695 764 1149 591 500 683 607 402 777 764 624 441 712 1164 1084 910 742 800 593 515 587 702 941 804 1037 906 1003 902 802 711 672 824 766 540 352 410 404 343 481 563 723 956 870 908 895 997 999 1142 1383 1413 1288 832 1069 996 1404 1356 1140 1209 1126 1199 1284 920 573 807 675
578 428 303 333 409 477 333 632 385 335 510 382 217 417 344 313 216 532 861 721 576 495 588 493 436 508 579 812 786 923 765 749 576 551 639 491 638 628 470 216 273 323 402 431 398 506 571 471 592 602 595 692 818 928 783 622 349 541 439 679 663 515 587 615 537 614 459 291 445 466
772 612 359 496 607 639 458 819 404 427 660 470 240 625 487 568 310 574 916 828 722 609 692 537 454 510 598 815 757 966 817 928 635 657 668 525 691 645 481 302 327 339 404 309 458 535 620 496 646 716 673 653 931 969 883 739 375 654 652 867 868 719 914 863 780 1050 713 343 599 533
626 578 300 490 552 600 584 941 556 357 462 409 355 610 503 561 234 491 751 686 547 502 470 378 383 453 510 668 669 775 669 769 599 543 586 422 451 410 342 213 205 178 327 360 347 458 603 656 731 629 679 718 1086 1066 1115 976 588 960 808 1227 1203 916 982 1082 1142 1124 922 577 723 537
420 473 349 464 379 551 366 529 365 255 390 421 286 409 279 538 243 457 582 638 483 442 441 405 336 444 553 802 801 863 705 797 586 552 648 446 529 388 370 344 348 329 431 332 336 413 502 560 665 594 556 580 1008 815 843 754 406 834 614 820 963 684 805 1048 829 960 795 489 618 373
367 417 284 579 391 494 343 522 495 289 237 353 434 381 331 532 278 562 575 662 439 436 433 448 470 622 691 896 991 1008 794 855 687 617 731 595 623 435 411 293 305 239 484 457 253 292 408 559 741 529 444 446 947 667 670 659 424 734 524 831 918 760 824 1196 927 1003 896 603 738 318
713 763 693 995 638 821 462 654 510 533 728 578 539 560 407 879 557 849 767 876 674 687 681 628 527 643 756 989 1055 1185 975 1251 743 842 872 601 708 522 557 740 788 676 646 422 565 589 683 742 1028 1009 691 720 1252 992 880 850 501 863 751 858 921 881 1080 1282 958 1434 964 660 843 444
422 333 476 815 389 545 298 517 536 339 321 312 476 279 263 480 343 641 555 655 398 438 441 462 482 654 754 967 1092 1127 895 1069 702 684 838 615 709 495 404 401 452 352 452 505 229 238 386 544 794 583 388 483 816 735 574 569 393 625 473 749 620 728 793 1022 801 990 701 592 708 254
528 303 418 658 408 538 342 509 449 292 324 375 386 383 327 551 390 601 610 692 505 489 536 484 507 665 832 1040 1060 1170 929 1065 695 694 819 697 800 628 507 390 421 320 491 446 247 269 372 443 648 529 493 420 765 726 610 591 378 715 570 694 729 747 935 1095 780 1094 787 518 742 324
451 303 368 467 347 472 483 742 494 195 278 318 325 375 327 406 240 403 484 493 337 333 285 232 274 384 516 679 679 735 608 725 513 442 557 406 438 341 264 276 271 213 261 378 190 288 450 576 611 460 559 616 850 975 997 877 572 996 733 1079 1020 844 885 1006 991 993 761 567 643 368
562 601 405 740 498 503 415 876 486 393 582 246 428 469 367 576 478 890 819 812 540 576 513 406 360 426 455 570 652 795 675 919 516 539 456 347 379 313 326 428 481 386 284 270 314 384 511 589 834 776 484 639 978 1051 924 879 516 681 644 1059 839 884 849 926 919 1157 659 488 587 269
579 505 424 402 431 517 526 806 445 245 447 430 283 444 381 441 225 356 455 387 316 278 255 155 161 218 324 462 428 515 401 520 343 331 393 241 289 233 206 425 407 384 267 309 369 490 622 666 663 649 699 738 1014 1092 1162 951 604 1069 772 1077 1138 854 927 1052 990 1098 797 522 581 447
409 443 207 400 351 346 263 642 448 278 363 224 322 287 267 269 182 568 571 419 238 258 296 211 236 314 307 389 436 505 324 421 219 225 299 167 242 229 194 278 322 280 257 357 295 390 453 503 684 633 436 561 911 913 766 609 386 546 360 746 733 696 645 881 697 846 547 397 456 243
675 752 602 991 782 1010 756 1113 1060 713 738 633 829 760 593 836 528 927 967 855 647 762 753 672 681 819 867 942 876 879 725 1050 595 594 896 459 635 655 560 534 570 437 642 844 588 682 702 900 1107 965 821 989 1546 1536 1276 1117 796 1166 979 1367 1333 1368 1351 1553 1378 1490 1140 1046 1138 647
1084 1188 1028 1353 1120 1333 988 1542 1204 1033 1311 856 910 1156 826 1164 771 1126 1178 925 872 994 985 821 806 828 831 799 734 834 759 1175 488 661 909 431 614 770 723 853 832 739 842 815 916 977 877 920 1161 1265 1020 1162 1741 1797 1476 1184 816 1253 1222 1512 1414 1459 1577 1540 1471 1830 1276 1064 1194 972
740 806 623 817 771 850 678 1280 929 708 914 528 593 864 615 682 496 836 942 621 588 661 702 544 596 600 562 492 441 511 439 640 213 300 533 277 421 608 508 462 415 407 579 629 594 656 522 517 680 770 657 764 1186 1344 1072 764 521 829 785 1151 1058 1065 1088 1093 1034 1214 872 681 777 713
861 747 787 865 747 729 755 1499 1017 748 996 445 643 824 681 495 617 1001 1075 654 583 681 685 526 643 607 544 424 457 554 532 644 260 330 486 349 410 677 558 510 496 522 520 734 592 685 611 574 702 775 692 954 973 1533 1189 853 687 800 777 1280 867 1004 874 694 936 945 586 640 628 774
411 621 553 604 456 442 544 1110 870 509 622 325 647 470 446 291 496 914 736 464 276 402 356 308 405 424 326 256 354 292 231 262 161 113 251 176 170 290 324 528 527 550 425 714 467 582 558 696 774 698 513 859 1018 1300 1116 863 729 818 550 1161 931 941 605 854 881 720 540 685 496 450
476 599 581 636 468 452 556 1110 826 476 620 327 622 433 438 301 498 871 658 421 238 353 305 231 319 348 291 232 307 280 204 314 147 120 228 142 160 241 254 591 600 588 343 648 449 564 593 733 808 748 550 872 1004 1348 1171 923 763 886 611 1195 943 1006 710 905 925 870 550 681 512 403
411 570 596 599 407 473 484 1002 672 392 609 310 450 392 329 283 339 622 505 316 191 274 211 164 202 215 176 184 266 238 195 314 124 113 241 63 99 137 153 507 483 514 280 476 393 489 526 633 674 647 475 790 937 1187 1080 808 596 833 578 1104 867 812 614 758 839 774 500 559 404 391
480 549 691 599 405 516 528 1028 595 363 693 347 379 392 312 301 385 597 528 387 269 319 242 167 144 149 176 245 271 288 276 447 196 186 277 81 158 171 153 573 556 598 220 409 403 512 592 660 652 676 548 881 892 1290 1201 925 639 935 694 1163 869 811 650 652 812 791 421 511 361 400
478 520 690 594 364 489 468 911 478 301 647 330 301 352 262 322 344 512 437 343 244 277 198 131 102 109 161 260 307 349 320 488 208 226 287 100 155 130 137 572 549 582 217 305 367 461 554 603 609 646 520 794 840 1153 1106 852 556 902 664 1055 810 710 631 637 758 813 434 443 333 367
481 508 676 620 343 441 402 870 456 310 638 272 289 325 238 287 325 546 459 327 221 270 200 141 136 135 159 238 337 394 351 488 183 231 279 106 132 134 158 532 522 552 236 291 351 435 510 538 598 637 464 743 786 1077 980 734 477 754 555 939 664 604 530 532 661 735 367 382 286 354
479 548 617 593 383 478 410 867 466 320 629 309 296 328 256 298 276 496 436 322 215 243 191 126 97 111 130 228 297 342 285 458 184 215 275 65 138 104 101 527 519 546 203 291 374 459 556 598 652 683 486 757 867 1095 1020 771 493 779 569 982 752 681 607 652 733 820 432 415 327 337
525 524 606 607 382 409 371 851 441 309 570 263 269 301 281 239 220 433 375 243 155 170 129 83 108 117 111 193 338 398 318 433 197 241 272 119 144 94 86 483 469 502 193 263 337 402 528 549 626 634 435 670 747 948 890 647 435 661 476 911 639 583 537 579 696 776 418 358 289 344
519 510 607 587 354 395 351 791 410 289 549 267 255 275 258 234 206 416 359 229 142 158 118 80 106 117 120 214 366 429 339 432 203 254 285 129 140 90 101 489 481 513 215 262 343 413 538 554 633 641 452 679 758 930 878 638 428 665 458 859 623 537 507 568 662 748 413 347 281 346
545 497 628 620 366 426 357 766 416 292 542 290 267 261 257 247 197 393 337 223 136 150 117 82 107 133 155 266 411 478 371 487 231 289 337 149 177 107 102 510 510 527 220 279 349 417 561 584 671 669 480 698 779 947 884 649 440 694 476 852 624 558 553 611 683 799 437 373 320 348
513 580 711 734 376 448 345 768 393 327 606 288 288 285 247 322 264 476 373 327 210 228 155 159 149 163 160 302 518 570 489 599 340 395 390 213 203 86 139 564 554 592 273 241 364 407 556 592 703 688 417 678 778 855 832 641 413 645 470 870 584 494 472 554 676 763 435 370 291 342
518 593 661 752 426 467 343 804 419 351 603 287 305 292 278 323 263 486 386 365 229 230 176 168 143 173 163 311 510 560 466 625 368 402 395 216 260 99 97 550 542 574 224 241 351 378 553 600 726 697 383 639 763 840 808 634 408 598 463 913 595 577 542 624 723 841 457 383 320 297
565 590 616 697 416 446 319 739 372 332 573 292 268 277 275 307 198 432 384 329 209 199 164 151 138 167 159 316 519 597 478 601 356 413 397 213 238 100 110 514 522 547 237 224 370 413 592 608 747 729 437 659 800 829 798 614 387 581 430 836 583 514 525 615 691 832 468 347 319 327
680 726 768 847 546 631 392 751 457 455 707 469 368 330 344 419 243 447 399 377 273 249 243 243 190 240 249 455 641 704 554 733 458 534 565 280 380 179 162 697 714 738 348 339 532 564 763 780 927 924 570 801 980 932 888 689 463 689 512 867 663 615 670 791 778 999 587 471 443 413
534 664 743 838 426 571 303 616 376 405 682 392 353 279 224 444 321 599 506 534 354 367 323 345 248 303 322 561 762 820 688 844 520 589 595 323 384 202 259 662 701 719 405 312 476 514 666 699 888 871 487 765 957 876 796 666 401 612 454 756 556 494 512 662 635 828 477 422 385 337
547 689 823 821 402 625 336 526 378 416 707 493 386 284 210 492 343 609 539 563 393 414 366 413 302 363 411 689 879 923 783 881 581 657 698 384 420 260 371 741 793 818 541 405 573 640 769 796 960 949 621 906 1098 958 891 749 469 752 504 709 627 449 490 695 615 773 520 483 429 430
556 664 924 813 356 610 356 503 396 438 763 526 426 275 201 471 454 744 669 670 474 512 457 517 399 454 519 816 1009 1053 925 945 663 730 773 491 498 385 522 812 888 935 650 520 632 725 826 829 977 975 690 1034 1084 1051 941 801 539 788 508 662 562 374 367 549 495 587 407 488 393 492
471 572 875 741 274 539 329 457 401 405 721 480 451 252 160 447 550 890 776 767 524 590 533 581 467 529 613 892 1050 1090 965 949 662 707 758 536 529 469 620 790 884 920 692 582 595 707 754 768 920 913 667 1022 1038 1088 923 811 557 779 485 606 526 371 308 502 402 470 327 481 379 451
528 491 789 610 239 429 370 519 396 357 660 427 440 239 204 365 585 956 880 823 548 605 545 553 473 531 633 892 1024 1108 986 917 685 701 689 572 523 519 651 730 853 874 625 603 557 714 797 793 916 895 743 1095 976 1208 1037 934 672 832 523 684 561 413 297 428 407 416 260 455 358 456
663 526 746 613 340 466 436 629 456 401 674 461 470 241 298 319 534 917 907 829 542 565 534 512 434 507 607 879 987 1098 951 934 731 728 696 556 564 528 574 727 879 884 520 638 593 767 943 934 1051 1008 839 1209 1028 1348 1167 1048 779 871 573 826 634 557 423 501 533 549 288 498 415 470
640 496 622 583 342 399 411 657 476 389 614 387 497 225 311 296 558 1003 944 856 527 559 538 486 426 511 595 825 921 1044 878 896 684 670 607 521 536 508 536 678 846 814 450 625 535 710 892 906 1062 998 787 1142 1003 1355 1139 1050 789 808 539 851 637 654 473 570 567 623 288 497 434 382
635 459 438 480 377 272 348 693 401 336 500 304 416 202 378 204 504 911 864 834 503 454 477 400 352 444 502 730 836 977 787 804 710 640 490 555 613 474 401 580 723 711 283 500 423 551 804 801 950 869 627 893 753 1099 966 919 702 611 434 862 590 689 504 602 581 681 286 382 366 249
424 477 371 302 264 138 299 754 293 274 579 195 310 320 313 249 671 1097 1008 956 638 604 579 465 370 382 403 555 619 755 681 615 548 463 237 480 470 453 486 514 589 651 319 347 361 484 554 501 605 643 442 695 599 978 889 843 564 508 407 813 587 567 308 391 391 440 157 210 162 203
328 279 302 184 170 82 332 718 386 170 322 166 306 231 297 85 457 793 763 672 405 388 357 301 324 369 401 530 609 663 575 424 491 346 266 463 408 397 387 340 386 449 270 457 237 376 483 510 522 433 435 669 537 928 899 802 610 644 400 872 673 563 296 449 504 325 234 309 221 251
884 476 599 653 539 542 731 1082 595 372 492 406 413 546 604 451 366 580 862 820 620 566 464 421 493 561 674 901 1041 1209 1124 1109 979 892 817 754 647 577 487 323 372 354 325 486 347 491 829 863 889 686 854 1015 871 1230 1295 1197 863 1102 931 1418 1043 818 830 701 1144 928 734 603 682 680
647 477 583 689 455 519 661 1018 678 383 437 346 491 490 506 414 330 625 812 761 523 543 403 436 520 592 633 828 1034 1091 1026 977 892 780 791 663 518 470 462 273 307 307 392 567 316 449 716 839 889 615 707 973 941 1155 1194 1098 808 1025 809 1376 1005 756 654 692 1113 738 708 675 655 632
547 331 446 427 305 301 545 931 448 214 405 225 331 360 390 284 450 730 836 830 545 524 402 341 344 401 505 708 792 913 869 859 764 627 510 557 475 424 388 313 369 372 197 390 217 374 630 696 699 538 623 877 695 1165 1195 1130 781 949 755 1267 893 740 574 519 864 641 426 453 427 392
335 152 287 174 126 141 339 606 336 100 231 181 239 288 260 200 419 677 735 669 454 440 410 348 402 466 581 727 757 846 743 587 540 427 421 574 496 516 501 230 255 278 357 418 157 289 350 367 383 290 466 555 515 840 819 739 517 737 489 779 711 511 417 525 521 405 370 310 340 321
332 226 442 251 253 262 389 786 459 239 402 285 244 440 373 193 475 620 759 695 570 498 525 486 521 558 630 776 799 822 770 568 606 445 533 710 744 714 560 254 193 349 447 515 216 266 258 217 165 126 323 414 285 657 650 510 387 582 446 787 614 469 375 411 444 250 331 278 280 431
237 187 440 376 260 432 327 591 546 304 385 363 345 422 291 303 465 666 804 781 619 593 664 657 656 762 868 1065 1034 1008 892 771 671 527 788 771 912 860 671 250 220 325 610 672 246 278 202 218 254 172 316 403 463 660 518 412 301 557 408 619 575 509 476 616 423 315 424 407 464 417
114 196 350 393 125 219 96 402 235 139 296 141 179 211 97 252 389 625 557 647 433 411 419 421 371 455 527 731 820 839 720 689 516 434 494 540 607 451 397 278 257 324 380 282 100 96 93 125 249 191 83 184 337 383 316 288 123 315 222 464 356 327 296 484 292 367 280 188 228 110
133 226 270 192 167 215 262 631 440 201 328 209 283 292 225 140 408 701 742 684 463 446 467 435 412 481 517 667 664 638 559 444 459 290 404 477 560 530 431 228 220 328 371 512 197 278 253 292 305 233 259 455 487 740 656 542 375 515 327 721 617 525 318 515 415 240 269 314 263 243
290 233 346 514 200 154 281 709 449 250 320 58 405 315 285 287 609 1048 953 964 601 645 572 556 598 675 705 835 1013 1088 989 898 744 622 542 728 627 588 587 243 295 293 404 459 106 168 244 326 510 325 240 447 428 720 585 633 458 431 376 824 470 531 320 430 517 393 295 345 360 214
225 125 305 330 188 281 359 736 514 199 292 161 323 326 253 202 427 730 824 789 523 539 509 468 483 576 668 826 825 844 775 734 608 440 562 574 623 613 476 133 150 189 321 527 99 193 241 325 363 209 322 528 485 886 757 684 468 641 493 909 652 629 456 505 579 363 319 399 402 287
246 389 197 323 326 195 334 844 470 270 351 165 364 381 391 244 510 861 840 880 574 518 501 452 421 490 472 617 694 707 629 579 648 437 357 563 607 464 363 255 249 328 256 411 177 227 331 409 475 337 219 402 488 692 708 694 484 474 405 1008 747 736 467 672 677 524 413 359 333 173
146 299 465 391 199 387 194 437 378 274 448 332 274 333 164 317 442 683 729 752 573 552 597 617 536 617 684 917 947 917 810 706 591 492 673 630 752 659 588 346 323 449 602 516 291 313 222 221 300 277 238 383 528 547 437 347 190 429 284 463 464 338 297 520 275 248 329 299 310 312
165 212 358 325 129 265 243 586 359 147 314 149 192 260 131 187 254 510 576 521 345 365 321 319 318 371 420 577 650 653 594 536 401 314 436 368 374 360 333 162 143 216 319 346 129 204 213 263 309 225 253 453 534 702 638 506 285 548 367 713 559 387 298 419 461 304 303 283 257 275
179 261 299 177 143 299 205 374 303 150 290 313 196 239 142 214 233 458 561 522 375 341 383 378 336 420 500 720 719 710 576 458 430 338 499 429 506 446 412 268 265 352 456 439 273 363 342 352 379 340 384 492 681 667 634 494 290 600 319 518 653 382 356 638 392 339 405 305 316 303
132 133 364 253 48 213 141 303 284 86 207 218 204 98 54 126 241 457 420 400 229 239 258 276 279 378 476 673 726 710 558 468 370 299 465 404 446 367 351 312 324 372 399 429 180 257 267 322 374 295 304 447 549 629 550 428 284 565 253 447 484 332 283 551 320 300 295 294 266 201
