461 404 318 398 288 443 338 545 594 689 629 346 374 355 385 446 382 522 355 334 338 389 472 695 781 582 465 653 765 725 615 853 972 1137 1141 843 705 828 714 693 795 858 897 1059 876 870 1039 998 771 926 599 993 1080 939 1126 1143 1170 900 864 711 869 620 506 604 1042 643 501 351 366 335
388 219 201 148 236 308 190 578 534 508 523 250 449 381 236 310 370 236 268 227 292 329 434 500 546 393 324 467 589 506 344 466 581 804 982 847 657 746 591 597 760 806 875 1043 847 891 1094 1036 862 881 537 941 807 655 764 706 705 565 515 370 543 352 389 401 828 576 429 255 410 198
492 316 310 334 330 465 386 539 623 695 774 471 672 541 412 450 512 343 404 456 458 454 643 784 887 673 622 828 966 842 629 784 904 1116 1212 945 752 839 738 734 902 1020 1070 1211 951 977 1247 1175 903 980 607 999 829 591 779 801 709 599 476 390 398 283 313 310 649 525 394 316 374 315
324 397 418 325 263 482 528 644 618 739 889 437 635 598 548 697 667 512 438 552 716 649 558 872 939 618 471 608 585 523 420 604 772 1043 1145 831 570 658 540 543 696 763 759 933 648 818 1028 913 714 755 431 814 873 670 789 792 788 656 693 573 862 493 341 628 980 806 639 406 574 286
274 316 497 292 326 412 576 761 777 899 1035 509 869 716 576 748 813 503 519 714 881 750 739 1089 1154 658 511 547 476 422 327 462 565 802 1034 960 794 835 764 715 809 860 849 1003 694 970 1282 1169 1021 965 577 1005 789 492 532 431 492 286 316 380 623 423 244 601 866 860 767 683 847 250
287 263 246 257 255 375 365 439 580 816 828 422 651 479 390 412 525 411 399 486 491 518 702 984 1113 780 651 806 848 775 594 768 817 950 1075 902 764 843 768 717 767 836 883 1049 796 933 1230 1128 943 1004 620 1045 872 545 673 637 613 338 273 225 348 225 68 190 423 283 269 277 268 134
299 287 388 361 300 441 508 501 666 869 1056 564 792 696 547 622 721 499 491 672 727 667 773 1103 1283 844 716 866 888 803 627 804 892 1087 1188 932 775 838 764 730 867 966 979 1125 824 1027 1391 1244 1001 1072 654 1036 865 528 639 646 596 380 367 361 423 288 143 304 606 514 478 458 496 299
455 426 409 419 359 527 550 622 726 935 1037 594 802 656 601 723 762 642 566 696 696 654 688 1063 1215 821 643 805 813 730 584 772 888 1036 1133 883 755 865 812 798 878 1047 1127 1340 1004 1176 1483 1359 1072 1164 737 1192 1012 684 839 810 785 598 549 418 630 377 230 425 685 496 425 332 355 189
717 634 494 633 580 840 724 616 719 991 1182 843 1007 943 787 844 967 878 768 892 835 836 816 1161 1408 1135 970 1252 1327 1214 991 1158 1254 1330 1363 1015 836 950 883 906 1002 1212 1374 1643 1308 1456 1798 1697 1410 1568 1097 1565 1420 1060 1247 1236 1119 924 851 620 718 438 377 385 596 323 403 234 235 342
721 486 383 490 504 596 500 655 737 951 1110 799 935 851 688 697 846 730 771 780 683 682 799 1089 1278 948 715 920 981 858 648 752 807 903 1021 844 827 1026 919 926 1033 1179 1349 1580 1286 1415 1743 1581 1292 1412 951 1322 1052 884 1041 1002 1004 838 844 588 705 573 466 388 673 448 341 285 263 314
541 498 482 477 436 625 606 762 849 1144 1281 744 1016 875 747 754 878 652 692 799 838 880 918 1216 1358 994 794 948 986 861 684 857 953 1162 1324 1114 948 1056 949 968 1094 1200 1280 1487 1098 1332 1694 1518 1256 1285 821 1278 1032 736 851 825 786 625 599 387 590 309 168 221 479 333 298 260 234 243
650 527 555 567 512 694 616 851 907 1136 1359 828 1063 1045 813 831 977 739 747 854 897 946 897 1139 1334 981 790 953 1054 923 746 913 1022 1243 1409 1207 1054 1152 1012 1069 1270 1387 1500 1729 1326 1586 2005 1830 1546 1592 1050 1519 1230 962 1039 997 959 800 813 550 690 382 338 273 650 383 415 308 308 359
456 392 414 314 393 549 537 678 612 764 1023 601 885 856 662 604 739 491 607 681 824 795 735 931 1020 753 573 732 749 609 433 520 594 842 943 727 496 605 456 480 661 646 701 848 577 771 1053 923 808 780 462 791 782 736 876 883 893 729 788 641 792 529 370 362 648 587 397 321 396 340
806 812 882 887 717 1090 955 1036 1005 1287 1745 1146 1320 1593 1179 1181 1358 990 971 1139 1388 1443 1177 1371 1602 1317 1168 1388 1514 1393 1199 1379 1546 1919 2103 1720 1350 1398 1131 1244 1614 1622 1646 1870 1458 1811 2251 2037 1826 1879 1308 1686 1640 1407 1366 1386 1274 1174 1346 1035 1086 618 647 546 1056 745 937 582 741 874
674 507 628 595 561 748 717 841 879 1044 1450 935 1202 1242 902 924 1101 717 812 986 1081 1027 946 1170 1389 1004 845 1028 1121 958 748 863 984 1255 1405 1149 954 1038 890 955 1239 1352 1437 1627 1225 1501 1957 1772 1488 1519 991 1378 1106 888 969 969 893 808 856 675 680 438 440 350 736 612 597 471 547 533
549 274 373 347 351 496 403 665 556 691 851 593 903 889 518 553 707 425 503 637 713 617 563 749 832 514 409 568 697 588 429 513 588 780 1053 1066 940 1020 889 885 1034 1075 1165 1362 1024 1202 1575 1594 1440 1439 871 1332 973 837 881 721 784 572 577 567 438 337 415 376 641 568 678 483 601 274
502 340 560 401 426 553 530 912 849 903 1160 640 1015 1019 661 725 873 470 559 725 904 866 753 875 988 632 540 630 750 623 478 597 722 1036 1303 1242 1023 1035 878 926 1187 1230 1277 1450 1064 1348 1779 1687 1498 1424 886 1366 1018 798 804 701 704 562 578 505 546 297 369 350 774 644 683 532 676 378
481 385 479 337 379 476 515 839 874 1067 1282 730 1036 916 703 649 817 336 672 698 872 890 1103 1230 1248 908 748 834 855 698 486 573 678 1083 1379 1218 996 1127 908 921 1180 1128 1085 1172 855 1066 1368 1097 896 816 462 711 482 377 418 449 418 439 514 359 523 391 277 294 659 770 498 497 612 492
275 294 432 207 284 385 500 749 703 842 1042 514 866 762 584 620 732 333 524 625 860 790 827 1048 1053 669 509 561 505 402 263 352 450 794 1047 929 689 773 609 590 771 709 662 766 489 739 1002 823 724 620 314 617 513 397 435 406 449 345 440 408 648 443 255 462 768 852 620 554 733 337
281 377 491 285 285 399 522 835 840 1051 1067 467 806 616 610 553 586 344 500 568 785 810 924 1136 1080 722 557 587 556 458 359 537 624 982 1166 1028 796 876 734 695 822 711 616 672 391 589 814 659 560 454 201 544 532 442 545 560 636 440 472 448 720 482 188 411 706 759 471 547 565 334
319 494 775 389 519 448 719 1207 1253 1257 1402 601 963 824 802 967 1008 693 736 836 1099 1067 1066 1350 1396 834 613 498 350 312 280 429 531 872 1093 1047 901 939 817 792 951 913 859 961 705 1076 1367 1086 970 818 566 931 812 593 585 531 662 455 592 548 1141 821 467 866 1360 1226 871 935 1091 486
209 312 521 343 260 221 446 835 992 1180 1062 413 639 426 544 561 518 474 484 557 672 675 909 1251 1240 679 467 411 350 329 310 557 604 870 1006 963 955 1051 974 864 907 819 707 739 508 704 959 793 639 609 326 673 592 462 554 539 737 365 424 512 801 695 264 615 1008 921 606 837 745 352
224 314 545 340 316 343 530 835 977 1098 1076 406 748 515 552 605 598 461 441 604 729 722 836 1123 1176 682 546 541 533 470 410 650 730 985 1086 978 854 866 829 767 850 862 805 878 579 802 1129 1013 831 775 449 915 765 485 612 593 672 343 287 372 620 422 140 430 782 687 491 664 606 255
294 262 364 260 247 254 408 629 811 1008 1084 551 763 544 524 530 601 314 540 575 648 617 989 1264 1293 826 643 697 651 552 384 526 601 909 1100 922 839 995 866 795 937 921 846 894 653 795 1048 785 545 546 268 485 316 166 275 333 360 261 308 286 479 473 193 400 738 837 460 603 629 389
270 342 457 264 328 270 389 865 1003 1081 1173 492 661 581 550 660 739 501 574 532 681 759 964 1189 1275 820 596 565 498 460 351 507 603 922 1157 1027 928 1049 857 840 1028 1002 975 1096 893 1153 1409 1059 863 832 549 823 693 483 467 464 530 390 540 337 861 633 348 575 1148 895 563 587 714 404
464 349 466 307 362 386 507 821 882 959 1167 664 928 765 636 739 823 406 651 698 809 721 927 1161 1200 764 587 646 604 481 309 393 524 864 1120 959 830 983 833 821 1035 1089 1076 1184 890 1074 1344 1082 811 777 445 700 441 297 374 385 387 422 483 376 628 521 385 565 945 1018 644 615 784 430
421 336 390 281 255 350 373 826 790 940 969 494 742 619 521 622 653 413 498 523 638 630 689 934 931 553 361 413 423 345 249 399 531 828 1121 1060 940 1078 922 915 1055 1082 1098 1269 938 1130 1383 1229 1007 980 553 957 707 562 601 513 601 498 547 388 680 435 315 502 874 750 568 440 553 213
484 666 756 588 452 561 777 1125 1250 1676 1678 937 1171 971 965 1043 1103 694 919 958 1184 1207 1496 1901 1836 1248 970 923 762 727 632 820 938 1370 1808 1721 1587 1764 1547 1472 1591 1481 1317 1413 1071 1392 1624 1251 1054 986 620 857 646 423 330 304 403 355 558 440 896 715 324 783 1110 1225 970 965 1086 642
815 858 1064 785 763 764 921 1634 1704 1891 1931 1152 1451 1295 1132 1332 1438 833 1126 1114 1389 1444 1732 1938 1872 1325 1127 1008 928 888 785 924 1098 1622 2238 2287 2130 2252 1970 1952 2201 2130 1998 2122 1761 2121 2405 1996 1755 1608 1152 1448 973 672 453 346 412 510 701 520 1042 851 715 1087 1633 1645 1422 1301 1598 950
739 604 695 585 493 632 574 1216 1184 1378 1324 826 1101 985 742 865 951 478 715 700 896 970 1200 1293 1207 886 796 824 927 856 716 874 1058 1516 2081 2106 1893 1998 1728 1729 1962 1926 1851 2008 1627 1822 2092 1900 1656 1580 1028 1432 959 702 569 436 454 512 558 395 592 423 521 680 1136 1099 1083 831 1076 637
987 607 605 698 601 590 432 1091 1186 1323 1138 897 980 849 630 740 835 585 783 651 598 679 1174 1257 1240 931 843 925 1115 1066 885 1029 1143 1425 1929 2022 2053 2244 2011 1961 2122 2159 2173 2335 2067 2083 2343 2194 1863 1940 1348 1703 1098 882 814 665 721 693 688 541 547 664 812 811 1307 1136 1105 951 1089 749
772 570 412 495 401 471 375 843 842 1066 885 710 719 597 542 647 662 520 689 507 516 545 954 1177 1079 808 624 730 760 738 590 715 834 1111 1530 1493 1470 1747 1505 1431 1516 1485 1464 1624 1436 1419 1495 1322 1083 1178 780 1007 770 718 713 623 733 722 821 620 835 833 752 948 1322 1225 992 756 948 594
697 542 451 499 393 401 395 866 952 1134 987 699 687 546 565 725 702 590 703 552 540 547 963 1255 1209 824 607 670 657 645 526 679 805 1071 1427 1355 1391 1664 1461 1382 1471 1489 1464 1614 1420 1444 1553 1320 1021 1134 755 978 735 635 648 588 707 676 786 593 899 883 721 992 1432 1282 965 813 968 577
595 397 385 373 309 288 301 805 845 979 913 632 665 565 487 618 638 409 622 483 532 500 915 1144 1075 684 489 533 525 497 365 471 587 909 1312 1287 1302 1562 1326 1248 1392 1350 1295 1407 1228 1272 1399 1163 911 973 601 767 508 483 460 397 530 530 684 553 775 823 696 922 1387 1340 998 848 1061 590
526 315 353 349 302 218 278 690 800 886 915 636 619 568 454 639 683 455 627 519 534 444 877 1163 1179 700 494 535 498 488 345 432 530 801 1161 1115 1194 1456 1241 1148 1302 1298 1259 1372 1233 1301 1469 1196 922 1030 655 771 499 439 406 354 483 455 651 564 758 882 730 975 1487 1406 1059 930 1166 623
463 264 356 284 300 176 271 715 823 836 895 566 609 532 425 610 657 405 584 497 531 434 839 1091 1115 633 441 458 416 392 254 332 427 704 1029 990 1052 1280 1087 1004 1171 1174 1141 1239 1104 1190 1376 1106 845 912 574 712 442 374 364 319 443 404 572 511 740 843 686 925 1452 1379 983 909 1140 573
503 256 346 273 321 170 228 760 849 829 833 529 597 497 384 554 608 385 561 451 462 394 802 1006 1019 572 394 405 399 371 238 315 398 653 990 1013 1093 1310 1123 1044 1196 1202 1196 1302 1167 1235 1427 1193 942 992 637 823 499 434 430 354 493 425 555 490 709 818 700 885 1416 1304 932 877 1083 527
474 276 388 297 292 195 279 791 851 872 926 561 635 574 459 633 666 417 579 506 566 481 799 1044 1051 571 368 373 345 314 204 296 403 700 1037 1025 1075 1292 1094 1029 1205 1200 1172 1281 1102 1218 1422 1173 917 959 586 772 491 446 427 361 510 457 629 545 786 820 673 898 1433 1332 965 872 1086 531
566 281 420 335 337 205 254 879 934 896 884 538 639 537 445 568 577 386 557 469 486 431 771 937 928 490 318 321 368 312 210 321 422 710 1008 1034 1114 1316 1141 1084 1264 1268 1258 1345 1153 1215 1439 1249 969 999 614 856 523 519 556 492 654 566 659 594 758 816 720 839 1397 1270 878 867 994 528
574 277 411 315 352 209 263 874 918 865 863 536 660 540 442 565 586 386 567 483 493 423 754 920 913 480 307 313 351 288 180 273 366 636 928 968 1049 1250 1088 1030 1198 1211 1219 1311 1122 1184 1406 1227 958 978 604 852 509 508 558 485 647 559 639 582 751 816 720 836 1364 1257 855 852 984 500
556 279 443 333 358 198 294 896 965 919 918 551 682 542 473 604 611 424 589 529 532 446 776 981 982 496 307 294 312 253 160 266 354 616 888 931 1040 1239 1099 1032 1186 1209 1210 1294 1095 1176 1413 1225 944 964 593 845 496 485 546 477 656 543 625 593 776 845 705 858 1381 1283 859 901 1004 496
534 276 445 299 375 175 261 915 956 863 861 509 619 527 446 548 571 392 582 468 515 454 804 947 926 484 301 269 281 235 143 226 296 580 857 919 1010 1209 1029 958 1131 1080 1060 1118 992 1061 1258 1056 844 841 534 727 466 528 562 502 705 574 706 675 889 973 810 939 1520 1402 929 972 1113 590
483 281 485 343 330 172 274 933 983 926 923 495 578 533 480 584 562 427 551 470 546 497 781 959 945 465 270 227 245 212 158 294 383 697 947 972 1056 1241 1058 994 1183 1120 1070 1124 964 1066 1283 1079 851 862 526 740 529 588 611 565 786 618 774 739 956 971 777 938 1568 1388 948 981 1089 598
540 288 495 335 377 215 305 977 995 913 946 528 678 600 511 606 613 434 587 525 586 523 761 919 914 450 257 223 252 190 121 229 315 610 861 914 991 1168 1005 959 1148 1120 1114 1186 993 1106 1354 1171 937 920 565 823 543 596 644 578 785 635 752 705 912 912 759 868 1451 1302 869 912 1012 534
609 394 676 470 467 305 470 1152 1142 1061 1127 653 816 763 687 827 790 614 721 718 816 688 825 1065 1054 487 258 183 166 121 108 230 327 633 883 964 1075 1249 1105 1051 1234 1202 1176 1246 1020 1192 1460 1285 1052 1024 644 913 643 725 756 668 939 755 922 924 1151 1116 904 1111 1701 1561 1118 1151 1256 644
464 315 527 312 407 230 379 970 951 884 953 532 691 651 550 686 716 541 644 603 720 612 773 1010 1013 496 266 202 137 118 74 151 207 464 728 820 896 1067 905 833 973 901 888 975 836 1016 1235 1045 912 875 566 793 604 660 658 554 813 593 796 795 1096 1077 822 1054 1595 1450 1039 1042 1213 558
542 363 533 305 494 308 465 962 895 828 946 617 830 751 602 746 829 591 750 717 822 653 804 1066 1064 561 322 281 170 138 62 68 99 308 593 722 794 982 837 754 855 797 821 929 810 987 1187 1016 928 872 589 796 584 654 666 531 785 591 792 818 1112 1140 887 1131 1552 1518 1098 1076 1302 560
637 381 476 318 565 352 458 855 783 706 802 649 830 745 553 710 837 657 792 738 763 557 755 1034 1063 596 367 374 267 250 141 99 87 184 461 636 762 971 851 740 775 746 830 970 914 1032 1211 1096 1040 1030 744 942 701 762 791 613 871 631 812 874 1089 1225 1005 1218 1556 1518 1162 1108 1355 567
583 365 372 266 532 353 422 698 644 612 671 587 749 649 462 637 788 654 735 675 669 477 691 1004 1057 634 416 464 346 348 215 169 142 172 440 592 696 902 796 670 650 645 754 930 906 1003 1154 1061 1031 1055 779 995 784 764 797 602 826 557 713 769 999 1137 918 1161 1426 1358 1087 987 1252 472
642 361 293 276 563 378 400 571 583 561 638 620 746 618 433 601 785 701 757 688 575 392 658 989 1117 719 498 607 513 497 315 260 214 156 360 460 605 831 760 639 594 673 852 1060 1042 1097 1271 1177 1091 1179 887 1117 860 781 872 694 862 591 689 700 889 1069 878 1039 1261 1148 902 831 1044 403
706 402 377 401 588 409 462 629 688 703 821 737 814 716 559 732 876 844 846 820 665 459 679 1091 1265 766 495 600 510 488 336 323 288 222 373 441 664 912 866 754 723 845 1034 1246 1166 1254 1490 1374 1203 1337 978 1222 931 867 981 822 1020 722 841 832 987 1147 914 1066 1330 1161 907 878 1005 438
640 411 365 401 540 395 449 619 716 768 857 688 743 643 552 737 848 869 802 778 624 468 660 1101 1294 788 501 602 509 497 363 400 385 326 446 456 660 900 858 759 725 869 1055 1283 1176 1286 1526 1382 1179 1330 968 1250 997 873 991 853 1032 721 830 760 1005 1071 802 987 1283 1023 785 759 847 361
580 375 400 459 449 395 404 632 720 744 819 559 584 577 526 673 681 828 627 657 536 434 472 862 1072 608 365 485 504 482 402 552 588 584 585 488 634 813 778 724 760 908 1066 1275 1100 1200 1490 1416 1161 1340 924 1302 1154 1048 1214 1126 1296 913 973 889 1043 957 743 851 1275 848 674 638 622 335
489 295 174 250 358 408 224 413 383 349 450 357 384 484 258 427 537 559 399 340 315 298 322 510 701 526 408 617 703 689 514 594 661 703 823 675 586 718 570 558 662 766 937 1199 1110 1157 1355 1307 1166 1323 939 1299 1235 1051 1122 1008 1035 781 834 650 814 663 686 698 1142 666 667 341 570 297
555 276 115 269 300 368 200 325 348 440 436 420 451 407 256 305 393 414 410 337 237 202 441 645 748 569 451 693 801 742 534 623 668 726 845 697 662 856 731 674 733 811 932 1123 1008 944 1115 1094 904 1077 708 1010 895 801 960 900 929 714 697 593 570 595 577 556 853 624 524 348 448 299
742 373 451 480 598 411 453 710 980 1064 1196 870 1005 794 664 529 730 520 855 790 641 620 1202 1349 1492 1069 883 1001 1074 913 646 697 661 818 912 821 950 1171 1064 990 1144 1172 1231 1259 1111 1130 1464 1213 925 998 696 838 494 479 684 758 791 632 630 600 522 817 618 433 809 864 416 769 650 678
711 385 363 402 513 364 375 662 853 1039 1064 824 929 712 600 414 620 394 824 666 576 587 1254 1382 1403 1054 853 966 1002 864 595 620 572 781 988 947 1038 1313 1132 1028 1145 1049 1046 1056 962 937 1152 897 704 751 506 559 307 401 550 608 686 565 633 589 546 875 627 499 809 972 495 779 724 703
476 230 175 268 362 250 244 344 584 698 818 596 601 502 386 361 539 434 607 508 382 359 867 1098 1270 905 712 876 892 809 550 605 587 687 779 603 679 916 780 693 803 836 902 998 936 942 1177 928 695 850 582 691 532 453 602 654 673 493 567 480 523 733 514 471 853 756 411 540 560 491
442 210 98 173 293 350 233 300 375 476 486 380 560 391 225 231 384 270 364 346 272 253 564 720 822 646 577 806 905 808 555 628 655 734 864 720 608 739 646 584 639 719 821 980 840 809 1022 988 824 918 590 927 742 538 717 676 629 435 330 298 270 327 312 290 496 422 325 271 349 205
572 233 191 356 265 450 194 346 306 413 310 360 480 472 186 145 221 184 217 231 220 205 445 481 498 431 489 765 1049 978 767 914 979 1136 1322 1226 1059 1138 987 921 1034 1016 1034 1156 993 867 1087 1250 1119 1249 772 1164 1002 898 1022 938 937 666 544 646 236 337 537 414 702 584 733 514 601 443
407 249 250 346 195 447 294 375 309 566 420 350 548 506 258 232 290 227 218 321 405 363 511 682 650 471 487 707 894 862 711 894 950 1128 1374 1331 1129 1180 1045 943 983 900 851 973 761 747 969 1140 1089 1165 677 1109 990 835 898 769 830 476 408 596 267 294 353 439 614 588 827 606 691 357
146 94 166 111 81 186 123 403 360 425 333 80 255 247 108 147 165 140 78 111 251 253 353 486 484 265 230 344 457 447 349 531 600 816 988 918 733 772 624 552 645 553 509 614 477 525 715 761 718 746 400 789 795 673 728 642 740 387 392 481 486 383 322 467 858 649 647 496 622 235
381 213 103 234 122 362 172 264 179 405 343 309 396 427 192 216 280 227 216 223 287 255 386 576 577 432 381 623 763 735 564 705 783 956 1198 1078 893 1022 838 769 842 792 793 963 792 772 933 1003 916 1039 594 938 892 792 844 741 788 541 560 566 406 367 406 478 726 596 722 395 563 294
351 233 126 208 267 262 130 361 491 617 450 258 319 219 164 111 219 307 298 180 133 255 641 759 836 668 579 739 856 830 640 796 786 879 986 882 817 942 800 711 741 692 732 849 805 764 930 868 775 884 608 920 884 729 852 821 866 505 470 419 493 528 386 375 743 456 357 385 381 310
293 157 74 219 122 243 145 188 309 598 513 362 416 346 195 160 273 222 281 265 249 261 644 880 934 669 575 777 872 841 635 787 806 951 1155 1024 945 1100 942 830 875 820 795 908 777 767 968 913 781 924 536 795 691 532 604 568 601 319 340 375 245 361 248 321 578 504 518 444 489 319
358 289 218 317 159 384 206 405 381 566 537 308 321 433 298 270 281 317 245 210 317 393 485 623 661 524 443 651 810 777 639 852 954 1203 1328 1078 865 981 763 738 899 814 783 916 754 765 936 911 788 917 539 855 977 922 996 994 1032 763 825 711 691 504 456 467 920 602 604 360 446 420
338 208 219 216 177 385 244 419 243 389 322 257 470 504 212 245 318 209 197 261 424 357 382 524 478 321 311 490 620 606 479 600 663 860 1144 1146 915 969 794 714 781 665 637 783 623 658 834 979 1004 1028 597 994 945 861 870 704 807 484 506 643 474 420 471 595 833 755 928 604 825 332
321 113 82 102 129 191 100 346 335 492 450 316 467 387 167 151 283 83 274 217 278 258 598 722 696 475 396 547 633 575 374 450 489 712 1015 989 873 1027 829 742 844 751 728 830 701 703 874 818 730 769 412 653 488 432 469 394 456 285 327 351 285 388 352 400 690 708 609 487 649 318
383 209 187 163 191 388 298 427 260 416 473 365 637 583 305 345 449 218 316 391 514 397 419 613 588 385 313 504 570 495 328 394 472 672 944 897 683 788 640 589 672 640 665 833 606 674 871 933 879 883 472 842 713 637 707 574 633 450 458 506 426 349 370 480 639 684 708 429 644 215
314 154 147 133 156 232 218 388 341 465 404 273 479 338 210 279 325 233 278 317 351 238 412 669 654 360 257 397 428 386 252 354 404 541 750 728 647 779 685 585 599 592 610 747 578 599 772 806 707 753 399 749 612 518 632 517 629 369 356 452 446 462 363 559 752 745 645 520 647 171
