48404 36680 36307 36559 36558 36506 36343 36393 34588 34757 32365 32600 32497 32313 32707 33539 33996 34512 34988 35416 35748 35948 36484 37004 37132 37224 37659 38009 38639 39206 39711 40153 40568 40014 39697 39647 39609 36312 36367 36348 36503 36486 36368 36393 36604 36889 36913 36199 36083 36389 36536 36668 37039 36979 37229 37496 37484 37828 38057 38287 38838 39255 36941 37063 37198 37172 37340 37068 35891 35457
48047 36241 36070 36280 36354 36126 35945 36013 34218 34317 32047 32165 32047 32037 32414 33011 33568 34073 34519 34851 35078 35677 36145 36396 36634 37005 37141 37899 38422 38776 39147 39511 39720 39160 38961 38897 38940 35835 35904 35972 36111 36023 35897 36032 36395 36489 36630 35835 35872 36130 36127 36385 36438 36769 36854 37154 37429 37673 37887 38185 38748 38910 36692 36766 36880 36798 36844 36634 35601 35350
47517 35836 35791 35882 36064 35636 35541 35668 33902 34022 31714 31680 31869 31777 32003 32574 33103 33548 33923 34193 34841 35330 35497 35808 36286 36377 36962 37647 37967 38277 38690 38955 39028 38626 38530 38538 38821 35570 35624 35729 35929 35742 35730 36011 36262 36196 36576 35616 35746 35936 36010 36016 36617 36582 36604 37308 37749 37886 38269 38759 38685 38426 36399 36703 36561 36547 36614 36303 35286 35231
47047 35420 35461 35532 35617 35282 35076 35224 33503 33461 31260 31483 31760 31424 31625 32262 32700 33043 33348 33995 34569 34827 35109 35658 35863 36401 36789 37272 37440 37770 38026 38206 38090 37868 37950 38161 38628 35149 35405 35335 35514 35376 35467 35773 35928 36067 36414 35408 35409 35735 35640 36076 36054 36179 36629 37249 37436 37968 38457 38334 38043 37973 36091 36342 36224 36198 36238 35957 35106 35076
46658 35046 35061 35061 35492 34759 34546 34668 32968 32865 30845 31137 31153 31082 31307 31757 32191 32512 33182 33775 34067 34341 34793 34977 35623 35908 36099 36404 36719 36868 37155 37235 37187 37330 37519 38045 38511 34772 35056 34837 35064 34911 35070 35347 35412 35699 35959 34992 35190 35169 35412 35720 35440 36011 36338 36850 37332 37892 37886 37705 37400 37564 35829 35998 35899 35837 35811 35675 34952 35054
45884 34639 34369 34507 34522 34076 34049 34077 32361 32506 30393 30623 30536 30609 30906 31244 31608 32224 32903 33246 33570 34000 34049 34520 34773 34904 35053 35512 35655 35879 36344 36608 36858 37020 37580 38190 38751 34453 34579 34398 34555 34565 34656 34985 35021 35106 35214 34578 34623 34884 35095 35109 35288 35684 35923 36533 37140 37498 37238 37130 37015 37017 35461 35589 35638 35508 35598 35524 34688 34777
45361 34320 33962 34012 34320 33733 33744 33923 32102 32202 30108 30260 30372 30329 30460 30948 31583 32287 32632 32992 33473 33579 33980 34198 34325 34442 34714 35007 35122 35405 35810 36105 36381 36992 37711 38323 38711 34139 34276 34103 34409 34345 34486 34693 34701 34778 35069 34336 34540 34732 34786 34909 35105 35457 35950 36634 37056 37286 36898 36858 36720 36704 35287 35583 35403 35316 35386 35371 34584 34789
44806 33984 33456 33584 33773 33322 33373 33673 31645 31760 29728 29951 29946 29871 30129 30831 31522 31815 32259 32769 32974 33455 33626 33681 33819 34013 34066 34310 34420 34656 35117 35524 36240 36979 37617 37987 38251 33669 33888 33708 33969 34095 34000 34235 34340 34397 34615 34048 34134 34249 34460 34612 34735 35330 35768 36308 36660 37067 36363 36321 36348 36460 35076 35338 35189 35064 35212 35205 34488 34565
44253 33550 32958 33151 33265 32924 33110 33251 31162 31425 29287 29399 29529 29426 29766 30609 30929 31313 31867 32072 32613 32934 32866 32984 33232 33287 33238 33509 33623 33948 34485 35314 36307 37047 37284 37593 37594 33290 33420 33272 33766 33657 33502 33776 33818 33990 34102 33679 33718 33920 34045 34144 34522 35097 35430 35932 36338 36423 35801 35842 35929 35926 34853 35164 34821 34702 34923 34993 34403 34538
43595 32984 32413 32675 32686 32526 32539 32536 30662 30883 28706 28913 29071 28846 29256 29875 30241 30740 30999 31545 31962 32037 32158 32458 32760 32604 32575 32823 32918 33260 34080 35058 35998 36382 36717 36641 36684 32671 32709 32936 33147 33051 32897 33082 33346 33427 33552 33149 33232 33381 33520 33573 34078 34616 34955 35389 35583 35839 35183 35220 35310 35398 34552 34742 34320 34235 34445 34578 34214 34269
42940 32426 31958 32113 32223 32044 31985 31998 30227 30440 28230 28497 28492 28282 28496 29004 29479 29676 30267 30735 30896 31113 31380 31770 31943 31775 31846 32154 32409 33098 34307 35041 35684 36177 36561 36062 36065 32265 32468 32525 32701 32503 32407 32705 32895 33033 33219 32763 32833 32993 33066 33294 33742 34330 34609 34893 35218 35322 34791 34780 34863 35167 34335 34435 33961 33914 34055 34111 33955 34188
42194 31823 31314 31574 31496 31526 31396 31447 29791 30011 27763 28024 27986 27850 28065 28671 28891 29416 29933 30130 30420 30735 31061 31220 31280 31086 31144 31551 32078 33108 33937 34669 35412 35924 35996 35358 35448 31854 31985 32031 32187 32040 31950 32263 32394 32625 32971 32372 32504 32554 32741 33098 33409 33881 33977 34355 34661 34628 34304 34346 34650 34762 34062 34128 33624 33590 33794 33780 33873 34079
41265 31102 30622 30636 30996 30885 30749 30758 29291 29462 27263 27425 27596 27281 27559 27904 28383 28820 29095 29436 29869 30278 30406 30519 30482 30338 30539 31178 31963 32600 33410 34264 35053 35573 35273 34607 34641 31301 31413 31431 31454 31498 31514 31658 32002 32311 32370 31932 31912 32179 32485 32677 32949 33208 33356 33778 33986 33918 33802 34043 34344 34194 33735 33826 33243 33278 33319 33551 33625 33702
40765 30687 30186 30459 30503 30299 30142 30275 28929 29204 26890 27108 27072 26898 26925 27359 27870 28196 28581 29103 29572 29793 29638 29632 29664 29802 30161 31103 31788 32493 33708 34644 35228 35384 34847 34207 34375 30999 31095 30968 31089 31196 31034 31470 31906 31763 31836 31556 31725 32163 32143 32201 32414 32823 32980 33302 33538 33462 33559 33784 33922 33765 33506 33618 33096 33079 33217 33435 33362 33584
39613 29708 29246 29343 29636 29276 29095 29199 28126 28274 26156 26233 26324 26100 26191 26764 27005 27344 27969 28531 28924 28988 28841 28859 29057 29324 30019 30705 31046 31970 32886 33595 34034 34216 33579 32976 33001 29914 29999 29945 30269 30207 30390 30803 30806 30783 31468 30765 31056 31383 31272 31275 31532 31860 31892 32323 32507 32817 32748 32915 33045 33014 32909 33162 32556 32534 32634 32711 32719 32954
38720 29042 28524 28633 28790 28596 28349 28309 27499 27473 25567 25666 25785 25385 25631 25906 26173 26726 27382 27836 28088 28062 27997 28193 28569 29194 29625 30076 30757 31536 32328 32915 33349 33433 32812 32266 32119 29274 29299 29381 29544 29810 29943 30029 30220 30626 30890 30324 30562 30757 30635 30675 30867 31090 31192 31534 32031 32219 32150 32346 32458 32635 32538 32625 32249 32172 32222 32382 32389 32511
37830 28567 27996 28026 28254 28124 27980 27865 27191 27210 25257 25422 25466 24885 24988 25232 25658 26206 26765 27081 27298 27175 27323 27660 28326 28849 29301 30081 31106 32228 33272 34121 34767 33120 32518 31948 31686 29003 29130 29193 29628 29690 29682 29930 30252 30454 30825 30104 30405 30549 30364 30499 30572 30842 31009 31419 31707 31883 32016 32152 32304 32428 32249 32277 32019 32006 32087 32009 32109 32197
36756 27915 27245 27160 27374 27587 27383 27141 26668 26833 24797 24961 25047 24291 24346 24701 25172 25648 26083 26370 26384 26559 26825 27423 27947 28336 28986 30091 31008 31980 33073 33965 34613 32524 31976 31458 31044 28541 28671 28984 29258 29376 29371 29716 29964 30078 30770 29761 29939 30056 29954 30106 30188 30426 30497 30914 31277 31553 31606 31764 31914 31988 31811 31946 31723 31801 31951 31668 31656 31844
36057 27301 26573 26474 26750 26940 26569 26364 26108 26124 24244 24489 24719 23868 23998 24314 24842 25246 25563 25672 25920 26135 26625 27122 27613 28108 28938 30067 31060 31987 32960 33745 34340 31937 31441 30992 30487 28139 28355 28596 29047 28879 29000 29337 29510 30064 30525 29448 29493 29501 29598 29801 29602 29881 29992 30567 31039 31243 31177 31309 31479 31548 31408 31686 31504 31719 31683 31320 31414 31622
35452 26893 25988 25931 26179 26551 25938 25712 25602 25697 23829 24158 24526 23480 23612 23947 24442 24766 24926 25271 25526 25917 26256 26648 27211 27930 28829 29998 31004 31899 32924 33765 34482 31549 31051 30631 30134 27881 28115 28507 28614 28525 28709 29061 29442 29780 30162 29100 29038 29215 29254 29522 29162 29443 29717 30366 30890 30724 30780 31023 31081 31081 31254 31346 31494 31566 31525 31130 31266 31588
34891 26394 25372 25495 25821 25814 25313 25176 25215 25183 23461 24052 24297 23238 23419 23772 24244 24445 24809 25134 25518 25726 25936 26442 27298 28108 29145 30413 31418 32355 33410 34066 34364 31053 30586 30143 29711 27614 27976 28140 28435 28197 28428 28949 29085 29549 30051 28744 28861 28889 28944 29533 28712 29150 29564 30239 30261 30347 30635 30603 30631 30904 31052 31279 31295 31340 31295 30969 31312 31649
33854 25668 24397 24468 24551 24677 24434 24276 24327 24307 22805 23342 23338 22492 22675 22890 23261 23663 24070 24561 24776 24836 25112 25800 26595 27401 28429 29612 30646 31571 32665 33375 33853 30315 29875 29467 29124 27077 27270 27474 27519 27714 27995 28269 28552 28790 28843 28012 28021 28178 28466 28794 28180 28586 28860 29319 29529 29757 29835 29951 30001 30437 30759 30912 30813 30833 30878 30708 30984 31283
33200 25173 23753 23743 23935 24146 23963 23925 23812 23819 22518 22882 22844 22104 22239 22458 22970 23389 23932 24204 24251 24442 24950 25645 26446 27291 28325 29524 30564 31503 32509 33183 33840 29771 29325 28862 28634 26732 26981 26979 27344 27400 27651 28114 28069 28202 28546 27636 27722 27935 28157 28654 27915 28239 28520 28950 29242 29298 29617 29717 30118 30592 30722 30699 30538 30568 30832 30619 30889 31256
32462 24686 23052 23041 23601 23505 23665 23446 23306 23403 22156 22387 22591 21689 21794 22256 22763 23303 23651 23723 23942 24407 25040 25814 26636 27363 28257 29419 30330 31198 32191 33050 33779 29110 28694 28223 28056 26358 26493 26715 27082 27177 27452 27585 27613 27816 27976 27281 27434 27662 28035 28029 27586 27874 28032 28506 28710 29030 29289 29776 30188 30595 30359 30561 30237 30507 30574 30737 30900 31159
32041 24295 22543 22872 22878 23413 23075 22896 22772 22881 21723 22285 22091 21321 21572 21953 22579 22907 22998 23276 23776 24382 25175 26064 27012 27978 29073 30408 31507 32428 33614 34436 34051 28562 28159 27729 27575 26032 26244 26450 26776 27053 26895 27111 27322 27336 27575 27049 27143 27531 27574 27716 27161 27474 27693 28157 28540 28821 29389 29822 30337 30461 30096 30060 30312 30306 30699 30911 31343 31595
31288 23685 21906 21909 22413 22402 22346 22213 22074 22113 21231 21394 21707 20825 20931 21410 21856 21960 22293 22901 23531 24262 24998 25886 26889 27778 28886 30200 31119 32089 33116 34011 32985 27786 27453 27081 26971 25534 25721 25982 26554 26452 26391 26602 26620 26688 27170 26550 26801 26983 26966 27302 26705 26944 27084 27952 28320 28835 29296 29793 29771 29845 29705 30024 29951 30343 30641 30936 31169 31403
30685 23167 21292 21476 21623 21910 21602 21401 21355 21448 20623 20983 21179 20276 20434 20723 20892 21180 21810 22499 23292 24009 24787 25748 26768 27736 28778 29953 30946 31932 32991 33866 32192 27251 26966 26656 26500 25182 25398 25771 26135 25907 25823 25979 26125 26329 26817 26217 26312 26410 26689 27207 26148 26441 26949 27683 28179 28717 29106 29145 29208 29317 29327 29655 29975 30262 30614 30904 31194 31098
29978 22610 20742 20885 21238 21642 21074 20879 20951 21117 20241 20841 20643 19926 19860 19956 20283 20847 21565 22409 23157 23919 24765 25769 26982 28259 29715 31330 32443 33114 34060 34947 31524 26843 26634 26257 26116 24968 25313 25638 25857 25521 25467 25629 25702 26280 26466 25919 26032 26327 26673 26837 25804 26554 27109 28066 28707 28824 28771 28816 28767 29028 29443 29997 30477 31037 31364 31209 31288 30902
29009 21737 19677 19979 20413 20698 20066 20017 20154 20255 19509 20100 19747 19340 19288 19409 20086 20715 21606 22681 23480 24284 25212 26234 27409 28664 29857 31060 31773 32500 33666 34504 30549 26077 25821 25322 25313 24370 24714 24894 24942 24765 24557 24853 25029 25474 26039 25249 25604 25780 25950 26014 25336 26046 26857 27721 27841 27889 28039 28203 28226 28830 29338 29928 30460 30805 30783 30777 31365 30301
27336 20374 18165 18435 18917 18898 18666 18756 18914 19156 18345 18667 18497 18315 18329 18710 19382 20120 21242 22151 22992 23865 24739 25682 26806 27792 28909 29848 30485 31496 32703 33287 29210 25005 24719 24210 24248 23411 23569 23573 23665 23772 23616 23840 24072 24583 24775 24314 24601 24847 24807 24931 24756 25551 26104 26654 26664 26863 27081 27228 27535 28222 28835 29486 29861 29903 29986 30338 30602 29308
25993 19297 17105 17551 17782 17721 17822 18058 18308 18581 17548 17808 17770 17707 17932 18474 19154 20096 21045 21943 22881 23789 24661 25670 26559 27586 28500 29293 30128 31239 32020 32837 28203 24219 23935 23390 23364 22753 22713 22817 23089 23117 23126 23304 23675 23959 24154 23799 24145 24161 24238 24392 24782 25334 25666 25899 26045 26402 26528 26770 27346 28013 28664 29114 29252 29348 29670 29849 29905 28712
24630 18185 16180 16523 16674 16982 17274 17452 17709 17950 16719 17061 17223 16922 17257 17907 18690 19420 20365 21344 22337 23366 24375 25261 26257 27188 28086 29134 30054 30764 31662 31886 27158 23327 23070 22515 22380 21977 22036 22250 22348 22602 22693 22900 23227 23533 23488 23319 23364 23496 23809 24350 24655 24995 25111 25462 25646 25916 26174 26606 27135 27834 28206 28361 28623 28849 28957 29161 29012 28068
23894 17402 15611 15964 16102 16512 16806 17001 17207 17433 16067 16476 16572 16438 16746 17453 18185 19022 19969 21017 22038 23089 23906 24930 25965 26886 27936 29173 29932 30855 31853 30987 26336 22714 22479 21833 21755 21498 21600 21724 21928 22049 22302 22556 22669 22959 22979 22844 22942 23204 23763 24155 24265 24544 24833 25295 25280 25670 26082 26474 27048 27650 27644 27930 28293 28264 28389 28389 28394 27766
23188 16647 15021 15301 15620 16053 16327 16399 16605 16800 15406 15750 15900 15879 16214 16866 17728 18575 19599 20663 21710 22577 23525 24570 25596 26608 27798 28847 29841 30755 31713 29937 25423 22021 21821 21102 21092 20984 21037 21164 21316 21596 21853 21923 22098 22323 22381 22351 22528 23051 23470 23812 23762 24165 24506 24884 24965 25467 25888 26389 26825 27120 27207 27614 27775 27658 27710 27840 27880 27474
22515 15989 14484 14790 15152 15607 15755 15858 16081 16192 14824 15161 15354 15444 15788 16453 17304 18234 19292 20413 21296 22262 23219 24233 25367 26518 27541 28821 29860 30822 31858 29059 24722 21525 21316 20579 20589 20555 20566 20663 20959 21234 21344 21479 21595 21754 22047 21972 22428 22878 23247 23371 23511 23977 24187 24656 24900 25390 25849 26265 26426 26726 26931 27296 27263 27185 27246 27325 27351 27154
21881 15440 13998 14253 14736 15088 15207 15269 15441 15627 14254 14574 14793 14883 15235 15875 16778 17741 18886 19853 20866 21877 22821 23920 25205 26202 27466 28798 29838 30829 31654 28141 24028 20992 20746 20040 20060 20062 20101 20208 20557 20677 20863 20985 21104 21311 21593 21766 22112 22560 22805 23120 23326 23630 23894 24584 24798 25291 25664 25929 26068 26511 26559 26979 26808 26748 26773 26830 26941 26787
21249 14929 13509 13800 14208 14552 14607 14638 14895 14971 13695 14025 14231 14329 14664 15333 16295 17370 18372 19470 20529 21501 22506 23755 24887 26089 27361 28693 29776 30567 30662 27214 23350 20488 20218 19582 19612 19618 19660 19812 20047 20251 20381 20515 20733 20803 21406 21459 21794 22163 22539 22947 23027 23357 23778 24472 24743 25115 25335 25559 25852 26140 26270 26583 26400 26335 26363 26440 26587 26419
20523 14371 13006 13271 13672 13986 14032 14143 14294 14330 13153 13512 13687 13713 14095 14838 15900 16827 17967 19110 20127 21161 22312 23426 24749 25974 27282 28650 29529 29919 29607 26330 22700 20019 19746 19176 19203 19231 19289 19377 19667 19862 19996 20178 20267 20680 21118 21173 21458 21961 22396 22691 22830 23298 23735 24450 24621 24850 25055 25358 25474 25824 25936 26274 25959 25925 25959 26029 26146 26042
19825 13813 12486 12731 13098 13390 13506 13530 13646 13692 12636 12939 13092 13231 13674 14498 15421 16486 17666 18768 19849 21013 22026 23313 24664 25907 27230 28376 28991 28853 28512 25412 22049 19568 19291 18759 18831 18825 18832 18975 19253 19428 19611 19680 20071 20373 20821 20834 21256 21806 22095 22476 22697 23207 23655 24290 24304 24540 24810 24982 25173 25527 25660 25979 25564 25536 25574 25634 25783 25678
19057 13179 11953 12173 12543 12890 12984 12938 13046 13119 12130 12414 12616 12797 13323 14031 15076 16184 17323 18469 19686 20719 21907 23280 24680 25956 27009 27878 28662 27817 27482 24529 21377 19113 18871 18393 18460 18434 18447 18624 18853 19115 19188 19482 19868 20165 20537 20695 21145 21575 21909 22328 22696 23199 23555 24020 24065 24363 24510 24637 24884 25210 25405 25576 25139 25126 25155 25211 25302 25323
18295 12568 11425 11625 12056 12375 12513 12348 12491 12541 11618 11929 12170 12409 12818 13647 14742 15814 16999 18282 19365 20566 21834 23255 24693 25665 26486 27533 28462 26788 26478 23687 20748 18701 18500 18076 18115 18081 18118 18243 18563 18704 18992 19300 19672 19873 20398 20587 20934 21405 21765 22317 22688 23112 23294 23765 23885 24071 24171 24354 24560 24959 24998 25139 24722 24721 24750 24740 24954 25056
17528 11962 10868 11100 11540 11913 11976 11765 11903 11973 11108 11461 11751 11888 12433 13307 14373 15490 16815 17960 19210 20487 21795 23239 24354 25094 26086 27280 27814 25714 25427 22832 20129 18289 18124 17745 17729 17745 17734 17920 18142 18468 18768 19092 19357 19699 20281 20354 20744 21220 21720 22320 22566 22810 22996 23562 23548 23687 23875 24057 24308 24562 24568 24625 24313 24310 24307 24411 24674 24729
16756 11342 10327 10582 10943 11310 11381 11159 11312 11342 10595 11011 11224 11450 12056 12829 13965 15267 16457 17803 19115 20388 21693 22826 23730 24630 25780 26582 26886 24655 24380 21965 19488 17865 17720 17429 17361 17346 17354 17524 17871 18221 18592 18759 19151 19535 19985 20155 20518 21185 21686 22162 22294 22531 22799 23320 23263 23418 23575 23759 23887 24170 24078 24095 23902 23902 23929 23997 24257 24268
15990 10706 9778 9993 10359 10791 10745 10579 10688 10689 10147 10509 10823 11169 11675 12527 13842 15009 16404 17849 19209 20522 21389 22303 23351 24377 25131 25821 25663 23565 23265 21026 18787 17384 17258 17030 16910 16905 16940 17233 17605 18017 18248 18521 18943 19259 19786 19942 20471 21132 21494 21910 21995 22295 22522 23072 22978 23096 23278 23359 23535 23648 23628 23642 23514 23518 23554 23604 23802 23973
15168 10059 9200 9383 9864 10106 10142 9979 10152 10058 9675 10107 10514 10740 11318 12366 13542 14906 16528 18004 19246 20044 20822 21889 23070 23718 24347 25145 24422 22454 22166 20125 18130 16968 16891 16724 16532 16543 16676 16992 17437 17732 18014 18328 18711 19060 19592 19893 20459 20985 21253 21581 21749 22033 22268 22793 22635 22825 22890 23064 22996 23177 23175 23224 23137 23156 23165 23170 23510 23789
14207 9317 8466 8696 9041 9506 9418 9274 9436 9347 9130 9615 9914 10256 11051 11903 13275 14860 16399 17725 18570 19297 20211 21366 22163 22683 23451 24502 22943 21145 20893 19136 17472 16537 16482 16341 16092 16154 16335 16689 17020 17309 17673 17983 18307 18688 19405 19712 20181 20587 20732 21271 21327 21618 21820 22145 22155 22250 22446 22850 22414 22638 22678 22723 22683 22676 22670 22771 23192 23486
13352 8727 7848 8002 8450 8922 8756 8662 8802 8722 8655 9077 9515 9961 10593 11635 13263 14803 16201 17168 17920 18750 19728 20474 21127 21828 22863 22946 21537 19963 19711 18257 16911 16176 16115 16014 15769 15882 16107 16390 16700 17045 17415 17712 17955 18527 19207 19499 19870 20143 20504 20914 20978 21245 21282 21822 21711 21898 22330 22574 21937 22207 22273 22353 22299 22302 22334 22483 22915 23252
12491 8174 7205 7391 7841 8255 8043 7987 8159 8091 8098 8582 9128 9349 10179 11459 13055 14458 15494 16382 17230 18106 18659 19243 20101 21136 21395 21212 20072 18802 18602 17491 16475 15921 15836 15771 15552 15698 15828 16073 16434 16727 17084 17387 17739 18252 18931 19124 19431 19890 20130 20487 20523 20689 20955 21164 21271 21743 21991 21989 21448 21764 21787 21909 21893 21963 21984 22187 22641 23058
11620 7673 6620 6844 7239 7640 7386 7362 7531 7504 7630 8178 8424 8706 9776 11072 12496 13527 14496 15484 16380 16869 17277 18078 19283 19854 19648 19530 18682 17745 17629 16859 16130 15694 15568 15536 15359 15482 15586 15851 16128 16382 16798 17241 17487 17998 18517 18649 19180 19494 19754 20092 19991 20418 20408 20720 21096 21417 21608 21425 20994 21336 21265 21422 21530 21570 21585 21857 22412 22789
10830 7268 6119 6375 6734 7132 6816 6817 6974 7068 7260 7539 7848 8294 9377 10580 11638 12601 13670 14702 15199 15567 16203 17341 18053 18263 18002 17959 17404 16783 16720 16282 15803 15445 15271 15251 15168 15254 15438 15599 15856 16146 16689 17074 17251 17647 18041 18452 18853 19146 19432 19491 19753 19896 20054 20553 20791 21065 21191 20921 20602 20916 20796 21048 21164 21175 21278 21707 22222 22368
10124 6920 5711 5989 6392 6606 6311 6321 6523 6825 6692 7008 7424 7807 8732 9687 10655 11708 12820 13435 13828 14486 15497 16190 16569 16596 16497 16519 16258 15893 15869 15697 15396 15117 14940 14952 14939 15147 15246 15312 15631 16078 16513 16841 17024 17237 17886 18159 18503 18818 18906 19167 19222 19556 19919 20242 20444 20739 20686 20449 20212 20528 20405 20683 20779 20818 21112 21628 21910 21873
9398 6520 5270 5606 5913 6078 5816 5824 6226 6383 6143 6538 6856 7133 7773 8667 9694 10764 11464 11957 12663 13732 14324 14699 14919 14990 15052 15311 15094 14937 15017 15061 14909 14729 14572 14612 14780 14912 14934 14994 15470 15808 16192 16513 16581 17078 17595 17760 18098 18193 18519 18570 18771 19326 19516 19843 20011 20258 20119 19938 19837 20233 20074 20313 20413 20575 21024 21379 21359 21724
8715 6113 4846 5187 5531 5426 5351 5558 5763 5772 5637 6006 6272 6268 6811 7826 8894 9556 10126 10917 12025 12683 12961 13181 13420 13611 13867 14062 13936 13982 14258 14291 14327 14239 14137 14388 14558 14536 14591 14807 15200 15516 15843 16031 16399 16818 17196 17408 17491 17803 17895 18131 18520 18877 19074 19415 19534 19763 19545 19460 19543 19926 19798 19944 20178 20453 20836 20895 21293 21477
8093 5686 4502 4944 4947 5007 5158 5540 5230 5310 5295 5593 5596 5553 6164 7294 7925 8477 9351 10500 11223 11594 11750 12054 12418 12724 12864 12918 12997 13201 13375 13536 13608 13609 13824 14014 14104 14158 14429 14581 14947 15257 15458 15820 16268 16570 17023 16947 17130 17287 17476 17871 18193 18498 18666 19044 19151 19249 19049 19116 19360 19665 19603 19773 20112 20276 20431 20894 21195 21132
7521 5334 4320 4571 4509 4796 5061 5092 4823 4935 4994 5077 5054 5036 5718 6445 6954 7829 9062 9859 10301 10556 10820 11264 11710 11959 11956 12191 12348 12420 12618 12750 12918 13217 13459 13548 13695 13996 14223 14447 14793 15136 15495 15820 16157 16462 16508 16659 16678 17078 17393 17594 18050 18283 18462 18819 19012 18880 18730 18809 19096 19343 19349 19678 20016 19984 20344 20749 20872 21003
7164 5042 4203 4269 4562 4750 5029 4756 4545 4748 4673 4729 4664 4825 5155 5764 6595 7803 8635 9119 9428 9799 10216 10778 11211 11316 11478 11844 11935 12076 12157 12263 12692 13001 13103 13241 13678 14010 14238 14566 15116 15301 15756 16196 16343 16206 16711 16419 16810 17137 17324 17492 17859 18214 18463 18762 18818 18566 18528 18654 18953 19161 19225 19775 19734 19947 20242 20574 21049 21582
6509 4463 3654 3727 4054 4305 4419 4142 3943 4140 4065 4188 4076 4102 4478 5221 6413 7227 7762 8160 8629 9094 9590 10131 10464 10543 10698 11100 11286 11278 11387 11794 12288 12470 12763 13057 13466 13869 14022 14400 14694 15105 15466 15679 15894 16042 16121 16257 16378 16679 17050 17069 17427 17893 17950 18186 18262 18110 18137 18396 18688 18831 19130 19447 19578 19816 20064 20607 20977 21206
5963 3899 3168 3384 3532 3658 3656 3613 3419 3611 3499 3652 3525 3566 4124 5148 5986 6519 6928 7516 8025 8505 8948 9376 9689 9798 10050 10579 10746 10771 11139 11571 11935 12259 12656 12990 13429 13761 13876 14168 14557 14803 15052 15325 15598 15599 15969 15961 16106 16503 16706 16730 17139 17483 17582 17775 17766 17835 17980 18199 18398 18728 18866 19304 19489 19714 20045 20444 20652 20891
5635 3604 2942 3043 3175 3152 3170 3208 2963 3092 3081 3095 3031 3164 3867 4677 5212 5626 6259 6864 7415 7926 8303 8702 9029 9266 9620 10086 10158 10388 10790 11133 11607 12049 12505 12903 13310 13566 13789 13978 14312 14507 14762 15111 15314 15429 15740 15698 15859 16169 16400 16498 16858 17149 17158 17382 17521 17670 17800 17989 18360 18685 18797 19284 19546 19758 20030 20361 20549 20685
5257 3372 2738 2844 2891 2920 2860 2921 2739 2732 2799 2754 2854 3119 3638 4275 4677 5289 5939 6531 7100 7557 7907 8297 8651 9065 9376 9664 9877 10213 10578 10996 11540 12096 12591 13068 13722 14151 14313 14462 14667 14811 14954 15074 15237 15396 15533 15633 15841 16148 16318 16384 16755 16922 16991 17137 17384 17605 17726 17964 18386 18585 18943 19491 19850 20094 20385 20866 21084 21115
4674 2992 2501 2546 2707 2736 2630 2646 2591 2536 2632 2751 2840 3052 3496 3985 4432 5008 5670 6253 6810 7303 7711 8148 8633 9153 9547 9869 10152 10506 10925 11240 11586 12008 12531 13114 13705 14067 14366 14486 14629 14718 15020 15184 15249 15644 15803 15961 16170 16343 16534 16641 16832 17100 17255 17404 17804 18146 18347 18544 18762 18897 19226 19648 19957 20146 20350 20626 20843 21100
4039 2653 2137 2294 2478 2641 2449 2484 2467 2453 2543 2868 3028 3177 3645 4265 4942 5633 6313 6913 7455 7963 8473 9083 9715 10333 10956 11434 11744 12014 12418 12662 12986 13359 13785 14196 14597 14869 15154 15333 15506 15609 15806 15930 16056 16379 16678 16847 17009 17255 17386 17631 17712 17874 18018 18319 18522 18659 18819 18963 19220 19431 19662 19862 20058 20163 20265 20440 20801 21001
3554 2411 1906 2084 2241 2269 2285 2303 2314 2470 2628 2877 3054 3207 3698 4416 5090 5853 6674 7373 7991 8533 9042 9586 10119 10472 10776 11160 11443 11751 12140 12528 12951 13339 13772 14254 14733 15020 15250 15378 15530 15696 15974 16130 16261 16637 16775 16930 17085 17279 17444 17567 17849 18140 18270 18427 18650 18907 19029 19224 19494 19681 19872 20231 20484 20618 20829 21234 21535 21663
3150 2157 1751 2070 2021 2214 2078 2186 2329 2660 2778 3219 3243 3392 4095 4808 5379 5963 6598 7262 7857 8449 8968 9516 9935 10368 10819 11297 11540 11790 12277 12741 13289 13696 14146 14645 15155 15553 15802 16037 16162 16371 16569 16828 17127 17359 17628 17788 17803 18136 18327 18581 18796 18978 19240 19555 19697 19808 19960 20072 20432 20701 20751 20855 21188 21336 21525 21764 22104 22181
2682 1803 1537 1724 1786 1767 1987 2140 2287 2541 2704 3026 3156 3336 3830 4475 5077 5742 6463 7131 7740 8297 8765 9264 9764 10219 10612 11032 11291 11588 12049 12499 13004 13500 14047 14605 15143 15482 15730 15883 16119 16293 16628 16881 17034 17344 17514 17629 17789 18044 18322 18397 18646 19005 19213 19433 19710 19930 20076 20227 20381 20490 20626 20951 21129 21227 21407 21689 21909 22097
2334 1585 1352 1624 1505 1905 2259 2498 2596 2869 2745 3128 3291 3396 3842 4606 5326 6073 6803 7496 8134 8722 9265 9845 10337 10716 11113 11616 12043 12536 13214 13996 14851 15556 16159 16540 16975 17138 17261 17377 17363 17509 17641 17822 18053 18162 18405 18660 18820 19201 19222 19431 19801 19849 19970 20216 20232 20422 20598 20871 21219 21215 21361 21603 21869 22051 22343 22549 22824 23020
1959 1196 1177 1279 1661 1930 2161 2396 2503 2580 2754 3048 3261 3504 4064 4676 5398 6206 7053 7816 8510 9156 9785 10491 11256 12019 12646 13188 13674 14128 14612 14936 15200 15484 15869 16286 16663 16841 17023 17047 17160 17274 17542 17660 17725 18183 18462 18701 18841 18970 19111 19316 19449 19686 19817 20010 20338 20558 20612 20740 20947 21153 21465 21725 22007 22046 22123 22457 22882 23039
1321 897 860 1219 1507 1938 2135 2327 2534 2637 2780 3129 3293 3498 4018 4694 5475 6294 7156 7974 8705 9392 10060 10805 11555 12222 12836 13466 13901 14273 14704 15068 15405 15668 15978 16256 16555 16759 16899 17073 17245 17399 17644 17820 17950 18242 18486 18583 18771 18992 19156 19260 19461 19734 19851 20074 20274 20432 20522 20693 20921 21130 21360 21728 21891 21991 22084 22392 22727 22932
882 633 867 1099 1497 1812 2066 2326 2403 2555 2797 3078 3382 3633 4187 4937 5746 6592 7485 8325 9105 9834 10557 11365 12210 12975 13625 14307 14853 15327 15786 16099 16331 16487 16682 16914 17148 17265 17434 17563 17730 17853 18130 18376 18492 18902 19219 19395 19632 19800 19935 20145 20445 20826 20999 21297 21688 22053 22236 22515 22798 23065 23295 23707 23891 24023 24144 24460 24731 24901
396 579 813 1088 1459 1770 1977 2199 2431 2588 2794 3141 3446 3709 4341 5168 6047 6932 7853 8728 9560 10370 11165 12061 12987 13833 14597 15387 15998 16484 16963 17265 17487 17661 17869 18119 18313 18406 18545 18639 18823 18936 19247 19491 19595 19969 20274 20427 20626 20809 21005 21232 21448 21771 21941 22218 22504 22841 23055 23255 23456 23728 23914 24281 24487 24640 24810 25041 25275 25383
