62715 41903 39073 36297 31375 31561 26906 22263 22266 22306 22486 22796 23135 23495 23456 23780 24107 24242 24448 24492 24689 25003 25341 25637 25821 25817 25981 26223 26653 27051 27518 27940 28398 28855 29274 29722 30166 30720 31094 29634 29842 30204 28934 26865 26957 21057 21309 21212 21021 20600 20779 20989 20792 18755 18859 18857 19183 19751 20022 20378 19900 19461 19564 19849 19911 19896 20201 20231 20256 20609
62235 41573 38806 35984 31100 31215 26593 22017 22069 22145 22405 22650 22946 23037 23365 23698 23936 24237 24448 24289 24425 24684 25050 25233 25323 25409 25752 26219 26676 27109 27615 28050 28495 28937 29374 29829 30209 30695 31054 29210 29364 29553 28136 26013 26093 20585 20777 20916 20727 20344 20528 20578 20476 18377 18557 18718 19034 19104 19624 19802 19386 19029 19246 19246 19319 19379 19484 19654 19697 19930
61662 41299 38503 35677 30897 31008 26406 21886 21955 22166 22467 22627 22637 23085 23418 23800 24201 24096 24132 23948 24102 24483 24802 24895 25024 25225 25803 26377 27040 27649 28411 29053 29721 30373 31017 31701 32212 32552 32048 28932 29085 29396 27715 25469 25720 20310 20552 20610 20549 20131 20396 20295 20319 18155 18411 18599 18672 18881 19347 19176 18902 18675 18801 18786 19027 18912 19021 19187 19169 19912
61211 41047 38229 35222 30621 30611 26005 21631 21842 22082 22322 22323 22469 22933 23316 23722 23975 23595 23611 23437 23632 23867 24035 24142 24424 24860 25516 26176 26839 27491 28214 28874 29525 30215 30916 31429 31689 31913 31385 28352 28725 28960 27348 24839 24832 19847 19905 20174 20442 19717 19829 19883 19953 17848 18128 18172 18345 18495 18602 18465 18389 18326 18582 18424 18459 18397 18586 18681 19082 19515
60801 40685 38023 34866 30349 30247 25684 21410 21651 21819 21947 22056 22324 22756 23363 23599 23613 23263 23333 23092 23160 23325 23532 23810 24274 24819 25635 26519 27459 28370 29258 30088 30350 30490 30700 30954 31046 31219 30821 27876 28148 28122 26775 24293 24236 19445 19421 20176 20005 19415 19578 19686 19811 17666 17899 17953 18218 18026 18106 18182 18388 18125 18290 18092 18098 18230 18220 18669 18858 19105
59922 40058 37539 34350 29875 29879 25279 21140 21223 21433 21665 21753 21959 22477 22923 23197 23055 22698 22714 22471 22581 22857 23232 23662 24165 24873 25743 26583 27428 28237 29109 29443 29464 29598 29853 30022 30161 30323 29902 27044 27177 27380 26310 23869 24053 19137 19341 19570 19442 19081 19419 19538 19637 17484 17513 17813 17788 17762 17933 18127 18218 17863 17823 17875 17914 18100 18260 18519 18636 19034
59305 39730 37189 34027 29533 29433 24831 20959 21135 21347 21466 21484 21798 22256 22649 22648 22613 22301 22305 22077 22220 22527 22985 23435 24194 24918 25807 26649 27473 28204 28582 28621 28698 28940 29146 29338 29477 29659 29136 26228 26488 26454 25763 23265 23408 18809 18935 19453 18998 18827 19131 19314 19543 17229 17449 17644 17487 17460 17694 17859 18012 17635 17717 17639 17784 17902 18168 18446 18667 18992
58696 39271 36808 33501 29113 28962 24277 20693 20842 20985 21074 21268 21507 21932 22085 22172 22071 21802 21783 21555 21682 22045 22530 23247 24011 24738 25584 26381 27155 27417 27511 27634 27804 28007 28240 28388 28510 28644 28144 25334 25450 25491 25246 22709 22837 18400 18569 18970 18480 18419 18918 19267 19108 17037 17216 17231 17151 17254 17500 17750 17760 17461 17477 17490 17637 17945 18121 18474 18574 18921
58040 38866 36446 33020 28657 28469 23800 20399 20525 20553 20827 21012 21344 21515 21681 21775 21618 21429 21412 21259 21437 21825 22545 23296 24093 24782 25630 26361 26674 26699 26869 27055 27215 27446 27643 27727 27801 27981 27509 24660 24709 24788 24762 22142 22342 17974 18259 18445 18051 18304 18782 18841 18723 16809 16961 16905 16833 16990 17331 17509 17476 17277 17243 17330 17649 17749 18052 18327 18440 18712
57317 38416 35956 32355 28006 27674 22978 19914 19983 20106 20370 20724 20894 21123 21332 21306 21137 21049 21007 20891 21038 21565 22245 22952 23670 24344 25163 25512 25620 25707 25958 26111 26349 26556 26729 26757 26828 27075 26576 23700 23760 23991 23983 21193 21246 17214 17488 17458 17660 17812 17997 18269 18025 16380 16452 16397 16382 16572 16800 17084 16999 16961 16976 17154 17349 17447 17875 18127 18164 18466
56461 37955 35402 31746 27421 26990 22381 19481 19616 19767 20059 20273 20653 20984 20994 20903 20760 20675 20675 20696 21279 22102 23020 23888 24762 24588 24748 24878 25030 25221 25431 25656 25911 26064 26179 26160 26220 26397 25923 23092 23208 23250 23432 20384 20583 16721 16914 17291 17379 17334 17730 17644 17557 16040 16069 16115 16031 16095 16417 16531 16778 16636 16716 16867 17069 17241 17560 17779 17881 18130
55626 37414 34826 31174 26832 26247 21708 19072 19197 19425 19683 19984 20234 20324 20457 20307 20256 20237 20297 20668 21320 22193 23135 23900 24560 23754 23934 24091 24317 24454 24751 25029 25193 25304 25371 25382 25438 25609 25170 22357 22442 22806 22808 19814 19914 16349 16537 16818 16888 16981 17284 17124 17240 15780 15850 15928 15843 16073 16198 16591 16524 16585 16775 16955 17222 17384 17750 17928 18087 18238
54574 36694 34076 30411 26102 25359 20919 18568 18751 18951 19241 19440 19650 20009 19887 19773 19817 19884 20256 20651 21294 22116 22945 23612 24253 22858 23063 23301 23486 23710 24074 24273 24422 24491 24610 24624 24619 24905 24349 21653 22070 22362 22090 19189 19170 15923 16063 16374 16548 16422 16546 16764 16734 15527 15680 15661 15828 15846 16234 16239 16448 16554 16984 17069 17363 17462 17684 17941 18009 18545
54068 36323 33709 29961 25724 24791 20423 18231 18449 18694 18909 19077 19267 19310 19350 19467 19543 19946 20364 21040 21950 23003 24022 24667 24217 22213 22448 22623 22830 23095 23374 23512 23621 23700 23809 23690 23672 23954 23427 20996 21362 21268 21174 18346 18427 15501 15628 16230 16050 16073 16785 16436 16421 15255 15389 15583 15442 15631 15794 16172 16349 16481 16739 16972 17242 17299 17617 17692 18078 18295
52858 35191 32686 28877 24745 23496 19155 17425 17632 17752 17969 18160 18322 18529 18817 18855 19297 19704 20192 20674 21457 22345 23135 23449 22719 20761 20974 21198 21503 21686 21956 22133 22275 22386 22424 22377 22345 22580 22060 19963 20207 20053 19973 17450 17402 14712 14845 15317 15087 15507 15875 15603 15540 14834 15107 15094 15257 15321 15682 16000 16176 16255 16661 16797 17180 17115 17456 17668 17951 18306
51919 34459 31979 27972 24022 22662 18303 16864 16939 17137 17372 17574 17779 18215 18333 18748 19156 19607 20062 20580 21225 21894 22300 22512 21579 19665 19897 20185 20415 20578 20857 21048 21194 21229 21315 21269 21177 21327 20919 19133 19158 19270 19269 16767 16644 14161 14288 14488 14791 14925 15435 15036 14919 14590 14679 14925 15006 15204 15553 15886 16078 16344 16619 16860 16925 17169 17381 17686 17913 18288
50753 33817 31368 27395 23486 22178 17815 16511 16680 16944 17163 17331 17700 17877 18372 18757 19264 19793 20393 21068 21296 21636 21940 22072 20977 19003 19232 19426 19623 19835 20114 20316 20382 20356 20391 20371 20378 20732 20029 18424 18581 18783 18860 16171 16152 13818 13863 14381 14500 14901 15181 14604 14630 14405 14612 14714 14994 15089 15386 15712 15995 16191 16661 16645 16903 17092 17263 17543 17815 18122
49593 33009 30608 26619 22839 21505 17186 16089 16261 16547 16759 17018 17149 17698 18183 18879 19400 20018 20424 20383 20598 20925 21241 21475 20159 18181 18338 18498 18723 18909 19211 19472 19355 19322 19369 19438 19641 20002 19043 17719 18128 18415 18347 15711 15870 13507 13580 14009 14386 14439 14751 14253 14334 14248 14368 14710 15011 15256 15670 15944 16157 16188 16498 16777 17138 17324 17607 17789 18052 18464
48888 32448 30033 26053 22425 20897 16637 15690 15925 16123 16441 16549 16787 17448 18232 18817 19285 19677 19656 19637 19801 20125 20563 20968 19341 17427 17601 17786 17966 18171 18537 18774 18455 18492 18580 18756 18913 19261 18247 17177 17644 17972 17818 15319 15255 13261 13218 13748 13964 14102 14196 13957 14012 14000 14356 14679 14999 15202 15596 15830 15954 16057 16567 16804 17063 17215 17410 17653 17909 18377
48257 31948 29622 25641 22100 20497 16266 15431 15579 15931 16132 16256 16605 17623 18215 18888 19181 19125 19039 19009 19242 19768 20374 20700 18790 16860 16995 17124 17297 17572 17884 18061 17607 17630 17773 17975 18146 18348 17392 16554 17018 17506 17218 14868 14799 13030 12974 13391 14037 13796 14039 13802 13825 14131 14363 14621 14961 15264 15633 15734 15843 16072 16523 16850 16990 17216 17293 17547 17864 18401
47673 31448 29194 25319 21781 19990 15884 15130 15428 15676 15833 15952 16516 17230 18070 18541 18588 18510 18449 18397 18794 19492 20063 20160 18229 16328 16446 16580 16796 17016 17258 17473 16820 16940 17090 17281 17329 17490 16612 15901 16415 16672 16427 14303 14124 12836 12714 13378 13578 13673 13846 13637 13870 14054 14605 14786 15054 15203 15467 15578 15939 16159 16661 16698 16918 16958 17189 17801 18179 18421
46640 30503 28382 24585 21102 19302 15367 14690 14776 15064 15183 15409 16098 16855 17560 18047 17874 17801 17664 17920 18500 19212 19542 19745 17680 15798 15867 16036 16191 16352 16588 16625 16001 16098 16232 16328 16382 16455 15666 15137 15531 15889 15494 13773 13737 12559 12587 12915 13472 13301 13468 13591 13715 14042 14291 14475 14823 15111 15354 15573 15839 15870 16143 16552 16514 16920 17256 17687 17896 18299
45777 29789 27810 24192 20669 18820 15044 14389 14533 14806 14917 15229 15726 16476 17263 17082 17174 17113 17408 17851 18469 18862 19247 19412 17255 15439 15565 15671 15785 15938 16146 15984 15399 15503 15546 15624 15641 15695 14917 14411 14708 15050 14615 13203 13265 12441 12473 13012 13248 13186 13649 13576 13820 14018 14198 14541 14731 14964 15290 15505 15542 15677 16086 16180 16474 16851 17101 17506 17730 18161
45002 29168 27287 23699 20204 18316 14623 14100 14244 14501 14812 14954 15376 16243 16171 16429 16501 16811 17257 17707 17950 18380 19003 18717 16575 14808 14892 14961 15085 15183 15376 15051 14510 14554 14613 14664 14699 14803 14007 13553 13980 14314 13938 12659 12852 12219 12334 12695 12965 13135 13382 13581 13733 13809 14170 14357 14681 14935 15233 15241 15473 15671 15912 16272 16677 16873 17266 17601 17886 18560
44514 28764 26930 23308 19946 17963 14291 13850 14031 14377 14537 14856 15348 15398 15694 15863 16088 16569 17122 17259 17543 18145 18755 17984 15909 14234 14312 14387 14487 14579 14654 14306 13789 13847 13877 13913 13873 13983 13322 12982 13410 13724 13466 12266 12315 12024 12067 12442 12856 12932 13433 13456 13568 13790 13983 14293 14531 14685 14876 15134 15400 15513 15955 16427 16476 16821 17046 17449 17861 18277
43706 28072 26278 22784 19487 17356 13887 13575 13789 13959 14209 14469 14633 14933 15173 15615 16032 16585 16794 16933 17379 18009 18576 17403 15415 13838 13937 14030 14109 14114 14194 13801 13322 13345 13366 13470 13338 13486 12818 12579 12952 12964 12735 11904 12012 11886 11977 12529 12672 12974 13289 13351 13651 13650 14095 14181 14364 14516 14915 15060 15276 15447 15935 16100 16469 16626 16890 17424 17807 18389
43071 27583 25839 22212 19122 16976 13538 13247 13359 13605 13953 14148 14219 14552 15001 15492 15894 16060 16322 16669 17156 17730 18264 16686 14761 13250 13350 13382 13402 13400 13432 13081 12635 12641 12753 12739 12557 12670 12207 12166 12333 12762 12413 11589 11616 11642 11825 12204 12552 12776 13099 13330 13453 13582 13771 13897 14089 14321 14659 14926 15162 15370 15713 16011 16226 16474 16793 17260 17618 18098
42161 27017 25330 21811 18728 16547 13269 12986 13179 13501 13726 13720 13997 14495 14976 15514 15617 15913 16556 17184 17864 18594 18845 16282 14409 12928 12974 12976 13028 12981 13011 12697 12288 12360 12503 12369 12189 12201 11903 11905 12322 12494 12029 11321 11535 11627 11854 12751 13782 14294 14960 15394 15832 16229 16304 16565 16661 16862 16850 16894 17249 17674 18038 18524 18755 19147 19569 20155 20698 21241
40942 25966 24426 21199 18040 15759 12577 12414 12616 12849 12917 13024 13252 13735 14354 14655 14833 15556 16265 16828 17497 18026 17808 15383 13620 12189 12246 12174 12232 12109 12127 11853 11534 11613 11665 11511 11325 11294 11198 11158 11744 11466 11341 11099 11400 11765 11999 13056 13941 14486 15363 15789 16126 16033 16137 16331 16530 16599 16721 17169 17904 18609 19302 19796 20082 20679 21161 22089 22814 23418
39072 24416 22978 20082 16973 14677 11650 11570 11613 11718 11920 11985 12418 12956 13236 13669 14128 14798 15443 16031 16539 16942 16444 14223 12591 11231 11331 11148 11184 11024 11043 10831 10647 10651 10676 10569 10443 10427 10422 10739 10959 10779 10974 11063 11442 11702 12047 12812 13616 14273 15151 15437 15468 15591 15549 15891 16169 16286 16743 17253 17877 18476 19027 19527 19955 20518 21114 21868 22617 23341
37481 23294 21906 19309 16236 13886 10983 10979 10970 11143 11321 11688 12049 12345 12673 13274 13726 14369 14952 15331 15730 16183 15311 13270 11718 10412 10458 10261 10279 10135 10142 10038 9957 9950 9958 9940 9907 9946 10258 10452 10486 10751 11044 11423 12057 12481 13144 13597 13851 14324 14850 14964 15250 15204 15375 15778 16015 16455 17387 18417 19203 19751 20146 20656 21366 22144 22907 24006 24809 25773
35691 22166 20730 18430 15415 13085 10311 10426 10497 10630 10944 11287 11618 11992 12281 12801 13197 13870 14342 14747 15236 15230 14323 12336 10837 9634 9622 9488 9489 9440 9432 9413 9401 9395 9490 9541 9642 9854 9942 10171 10476 10956 11415 11866 12435 12690 13088 13209 13592 13892 14128 14594 14608 14871 15063 15402 15805 16534 17491 18161 18790 19416 19782 20530 21173 21803 22736 23705 24616 25600
34548 21462 20056 18012 14974 12592 9976 10097 10228 10390 10725 11123 11427 11796 12098 12559 13000 13603 14144 14635 14857 14665 13766 11822 10393 9256 9233 9167 9171 9177 9222 9223 9231 9277 9339 9477 9660 9868 9944 10155 10506 10994 11439 11827 12327 12497 12840 13031 13442 13679 13967 14219 14367 14656 14937 15237 15750 16503 17285 17985 18568 19101 19601 20433 20968 21671 22489 23523 24335 25423
33466 20740 19398 17532 14512 12120 9669 9804 9923 10145 10510 10844 11222 11577 11832 12339 12757 13437 14113 14540 14347 14139 13223 11303 9952 8915 8926 8916 8977 9026 9071 9096 9124 9158 9302 9488 9653 9941 10109 10271 10673 11139 11516 11814 12173 12332 12689 12954 13267 13527 13675 14000 14210 14494 14789 15198 15719 16376 17210 17844 18353 18944 19541 20250 20862 21494 22314 23309 24221 25263
32429 20042 18782 17082 14145 11762 9441 9537 9702 10003 10303 10722 11023 11359 11680 12157 12583 13374 13946 14478 13760 13570 12677 10844 9590 8636 8649 8681 8768 8801 8884 8945 8966 9060 9234 9418 9626 10012 10229 10390 10893 11437 11674 11907 12109 12333 12626 12823 13156 13333 13616 13931 14150 14399 14786 15275 15806 16453 17157 17704 18240 18835 19433 20198 20776 21448 22175 23203 24094 25117
31424 19335 18187 16557 13768 11464 9207 9306 9523 9792 10152 10498 10894 11257 11572 12018 12543 13215 13914 13929 13255 13075 12165 10367 9190 8321 8350 8401 8489 8544 8644 8710 8754 8872 9042 9268 9578 9921 10143 10354 10873 11288 11584 11810 12067 12255 12454 12783 12938 13243 13571 13835 14105 14327 14823 15230 15763 16311 17014 17599 18133 18689 19366 20074 20721 21346 22019 23052 23944 24944
30507 18679 17630 16023 13417 11201 9016 9133 9305 9670 9959 10359 10756 11104 11427 12003 12427 13183 13858 13363 12737 12546 11644 9917 8816 8031 8071 8116 8209 8264 8366 8452 8509 8630 8825 9156 9414 9773 10097 10284 10712 11202 11481 11789 12019 12144 12413 12615 12889 13218 13566 13846 14061 14322 14733 15158 15659 16192 16950 17521 18052 18573 19284 20022 20640 21270 21918 22963 23812 24848
29481 18005 17011 15481 13035 10909 8838 8954 9217 9521 9834 10200 10620 10971 11395 11897 12414 13144 13635 12812 12238 12052 11173 9528 8500 7795 7831 7887 7978 8039 8162 8255 8325 8472 8777 9077 9363 9770 10047 10232 10705 11101 11434 11728 11933 12109 12343 12655 12958 13280 13584 13817 14028 14252 14669 15055 15558 16116 16819 17378 17907 18470 19210 19924 20527 21139 21806 22837 23728 24739
28473 17295 16409 14942 12648 10602 8648 8817 9020 9346 9644 10054 10475 10943 11322 11962 12535 12981 13055 12301 11731 11530 10678 9133 8193 7564 7602 7653 7742 7829 7967 8083 8186 8438 8715 9017 9315 9727 10037 10209 10596 11035 11453 11838 12145 12317 12587 12798 13046 13362 13679 13923 14135 14422 14882 15265 15796 16395 17199 17881 18503 19104 19911 20655 21357 22056 22828 23917 24825 25912
27407 16581 15755 14352 12229 10250 8467 8644 8863 9206 9496 9879 10381 10862 11319 11948 12225 12398 12465 11783 11187 10952 10127 8719 7881 7351 7399 7449 7559 7652 7816 7950 8190 8450 8756 9092 9421 9868 10204 10398 10801 11257 11673 12089 12406 12595 12879 13096 13334 13647 13949 14194 14400 14695 15180 15583 16146 16759 17590 18290 18925 19531 20362 21114 21820 22508 23260 24322 25219 26287
26362 15904 15124 13767 11815 9921 8301 8484 8729 9064 9336 9806 10313 10908 11384 11849 11660 11807 11877 11274 10669 10404 9616 8338 7592 7148 7189 7258 7372 7490 7669 7936 8177 8458 8759 9102 9477 9921 10296 10532 10989 11499 11937 12354 12648 12826 13081 13305 13552 13853 14144 14368 14569 14858 15347 15746 16302 16913 17706 18368 18974 19556 20373 21109 21798 22499 23225 24313 25187 26259
25303 15199 14482 13158 11376 9590 8131 8326 8549 8892 9241 9693 10317 10872 11176 11344 11054 11236 11218 10777 10167 9865 9110 7958 7305 6949 6998 7065 7201 7332 7635 7907 8156 8423 8734 9103 9434 9933 10343 10560 11106 11756 12388 12920 13277 13455 13669 13809 14068 14363 14594 14762 14910 15238 15721 16090 16638 17202 18025 18628 19204 19768 20665 21460 22177 22865 23592 24708 25606 26698
24260 14461 13804 12566 10957 9232 7967 8145 8372 8798 9086 9614 10216 10617 10647 10768 10455 10572 10522 10216 9591 9274 8590 7615 7076 6806 6842 6932 7059 7307 7614 7885 8124 8391 8690 9052 9401 9908 10322 10535 11109 11773 12462 12953 13257 13408 13602 13796 14073 14337 14572 14720 14880 15184 15638 15981 16518 17128 17889 18506 19083 19676 20571 21373 22082 22763 23520 24596 25513 26567
23194 13647 13109 11971 10519 8827 7780 7962 8253 8633 8977 9451 9925 10244 10068 10190 9831 9947 9914 9710 9011 8651 8025 7242 6835 6668 6729 6814 7053 7358 7717 8034 8324 8627 8968 9359 9748 10311 10761 10987 11514 12115 12751 13256 13561 13723 13932 14139 14388 14673 14931 15092 15255 15548 16023 16364 16902 17475 18225 18847 19416 19967 20857 21602 22287 22935 23633 24656 25506 26516
22104 12870 12406 11333 10046 8411 7581 7813 8071 8508 8817 9187 9581 9628 9518 9607 9245 9321 9310 9219 8449 8037 7475 6884 6595 6511 6562 6758 7110 7476 7892 8281 8635 9027 9481 9997 10521 11237 11828 12162 12840 13600 14379 14950 15184 15410 15604 15914 16270 16632 16885 17075 17280 17614 18160 18534 19129 19767 20499 21096 21651 22260 23262 24074 24773 25455 26132 27234 28161 29216
20807 11875 11572 10552 9417 7920 7308 7465 7757 8207 8404 8681 9018 8842 8821 8842 8525 8646 8753 8664 7822 7376 6905 6511 6349 6329 6448 6741 7084 7457 7877 8279 8642 9065 9584 10186 10729 11451 12082 12489 13301 14207 15072 15701 15972 16198 16396 16700 17044 17321 17517 17673 17825 18155 18656 19072 19706 20321 21048 21631 22204 22831 23825 24682 25345 26006 26640 27705 28612 29609
19649 11015 10837 9933 8895 7505 7082 7251 7576 7884 7998 8169 8476 8140 8154 8186 7964 8141 8339 8150 7285 6850 6491 6276 6208 6245 6531 6935 7399 7893 8432 8955 9448 10006 10703 11494 12207 13113 13889 14432 15381 16417 17304 18056 18394 18741 19056 19485 19903 20254 20462 20705 20917 21318 21934 22485 23275 23995 24861 25555 26223 26958 28066 29016 29747 30489 31148 32309 33280 34074
18494 10209 10126 9299 8349 7129 6835 6997 7218 7425 7484 7682 7938 7448 7508 7610 7422 7634 7850 7571 6754 6375 6151 6080 6073 6286 6636 7117 7653 8195 8779 9362 9926 10569 11383 12291 13076 13891 14515 15043 15984 16963 17659 18361 18600 19106 19628 20081 20498 20909 21159 21525 21827 22341 23065 23783 24703 25496 26335 27047 27683 28379 29340 29997 30479 30935 31375 32279 32952 33492
17267 9447 9415 8661 7771 6787 6566 6658 6810 6938 7015 7191 7384 6858 6976 7036 6907 7118 7349 6987 6315 6051 5942 5937 6084 6334 6730 7245 7799 8343 8927 9519 10100 10780 11538 12337 12939 13636 14341 14970 15805 16714 17404 18116 18613 19169 19767 20246 20661 20926 21122 21596 21869 22396 23098 23739 24600 25234 26107 26814 27442 28118 28871 29595 30015 30558 30911 31789 32182 33112
16126 8803 8798 8132 7247 6493 6301 6332 6432 6532 6623 6726 6930 6361 6472 6526 6475 6671 6959 6459 5974 5845 5832 5997 6241 6571 7053 7618 8205 8689 9157 9630 10111 10679 11392 12151 12735 13480 14186 14766 15513 16488 17124 18045 18647 19155 19906 20300 20545 20847 21131 21550 21889 22407 22979 23624 24324 24985 25842 26546 27164 27737 28471 29160 29630 30094 30442 31057 31837 32493
15092 8305 8252 7594 6727 6197 6002 5994 6092 6161 6173 6338 6497 5991 6059 6137 6113 6351 6444 6048 5779 5742 5841 6069 6357 6698 7152 7654 8145 8564 9024 9496 9975 10530 11230 11938 12582 13334 13942 14533 15323 16258 16969 17931 18515 19127 19831 20212 20435 20759 20968 21493 21864 22231 22825 23335 24008 24622 25464 26218 26804 27423 28055 28724 29143 29556 29706 30768 31219 31930
13964 7701 7641 6939 6101 5817 5639 5577 5624 5636 5655 5802 6172 5624 5674 5693 5810 5976 5932 5754 5662 5716 5841 6076 6368 6686 7106 7575 8049 8466 8920 9396 9877 10434 11108 11801 12419 13096 13735 14390 15107 16054 16858 17850 18498 19065 19781 20135 20318 20587 20898 21446 21734 22115 22642 23136 23657 24339 25209 25965 26584 27107 27696 28292 28688 28849 29470 30235 30748 31320
12905 7124 7062 6333 5490 5398 5277 5202 5149 5131 5127 5451 5732 5277 5251 5427 5568 5534 5576 5619 5698 5889 6184 6520 6885 7217 7644 8081 8506 8882 9310 9744 10187 10670 11203 11749 12312 13024 13666 14262 14976 15956 16913 17907 18587 19090 19757 20057 20209 20515 20880 21356 21672 22021 22552 22914 23453 24222 25081 25854 26402 26907 27364 27946 28084 28678 29072 29914 30305 30970
11943 6537 6547 5728 4912 4947 4920 4845 4739 4673 4804 4991 5076 4898 5052 5183 5250 5411 5618 5801 6019 6295 6637 6995 7425 7860 8455 9013 9530 9977 10481 10949 11432 11941 12502 13070 13518 14081 14606 15091 15687 16442 17202 18101 18855 19415 20194 20606 20740 21081 21570 22105 22448 22772 23304 23779 24393 24719 25552 26104 26441 26700 27220 27418 28071 28344 28978 29663 30122 30533
11180 6155 6174 5309 4543 4593 4656 4699 4493 4444 4572 4621 4774 5044 5079 5151 5299 5632 5941 6181 6441 6754 7158 7586 8062 8515 9098 9631 10145 10588 11094 11553 12046 12531 13051 13582 14053 14637 15117 15603 16174 16943 17548 18426 19317 19830 20647 21021 21238 21548 21954 22503 22466 22846 23333 23783 24024 24589 25226 25782 26119 26501 26672 27360 27731 28212 28772 29376 29644 30537
10580 5943 5922 5019 4309 4401 4524 4497 4318 4385 4321 4511 4771 5066 4901 5031 5281 5795 6316 6534 6817 7356 7966 8479 8972 9418 10011 10663 11087 11611 12325 12889 13499 14104 14658 15304 16037 16880 17596 17964 18509 19187 19752 20216 20591 20335 20822 21335 21722 22032 22215 22120 22515 22943 23371 23440 23827 24136 24821 25425 25876 26068 26654 26992 27537 27889 28443 28879 29468 30233
9810 5422 5252 4241 3765 3919 3960 3970 3765 3762 3757 3976 4108 4407 4191 4485 4866 5451 5839 6071 6435 6913 7503 8063 8638 9104 9767 10150 10710 11286 11897 12485 13117 13686 14321 14980 15622 16510 17121 17360 18024 18888 19228 19495 19820 20039 20732 21216 21471 21457 21594 21910 22360 22643 22729 23077 23316 23683 24416 25016 25411 25866 26224 26581 27077 27451 27866 28677 29105 29972
9063 4942 4629 3691 3356 3457 3524 3475 3296 3262 3304 3412 3430 3479 3630 4096 4456 4942 5331 5666 6061 6586 7254 7927 8492 9045 9433 9952 10541 11043 11687 12289 12903 13512 14131 14745 15420 16214 16632 16920 17693 18320 18552 18738 19600 20009 20702 20862 20965 21020 21409 21849 22014 22134 22419 22577 22842 23238 23999 24510 25081 25423 25686 26141 26607 26779 27590 28175 28720 29378
8578 4659 4262 3241 3070 3137 3300 3209 2989 2926 2979 2890 2926 3221 3623 4012 4349 4782 5271 5703 6150 6669 7256 7835 8485 8764 9312 9893 10452 10984 11615 12203 12801 13407 13995 14655 15290 15863 16276 16705 17250 17781 17872 18665 19551 19972 20396 20695 20646 20871 21408 21575 21723 21856 22002 22201 22465 22954 23631 24375 24846 25057 25399 25799 26097 26698 27232 27972 28344 29157
8119 4557 4058 2970 2881 2999 3092 3061 2821 2791 2766 2711 2755 3335 3763 4242 4800 5155 5335 5717 6339 6890 7450 7881 8125 8499 9121 9678 10268 10798 11440 12013 12599 13166 13823 14541 15057 15576 16009 16453 16945 17419 17919 18597 19496 19628 20136 20327 20560 20872 21078 21350 21486 21494 21647 21865 22346 22649 23513 24177 24537 24886 25272 25453 26079 26532 27249 27769 28243 29126
7277 4158 3674 2621 2668 2697 2894 2782 2674 2671 2615 2563 2828 3587 4012 4298 4525 4765 5016 5534 6097 6617 7131 7317 7697 8124 8705 9281 9878 10422 11089 11680 12257 12898 13629 14317 14797 15184 15684 16184 16596 17434 17710 18466 19071 19268 19714 20115 20438 20470 20721 21019 21033 21166 21284 21744 22016 22393 23099 23723 24108 24617 24857 25305 25774 26354 26896 27417 27989 28746
6302 3630 3256 2374 2367 2473 2521 2542 2491 2495 2455 2562 2920 3317 3686 3889 4113 4445 4787 5249 5842 6383 6659 6969 7337 7713 8254 8816 9397 9981 10653 11272 11868 12527 13231 13925 14319 14742 15221 15591 16392 17142 17687 18204 18810 19040 19398 19804 20124 20214 20464 20657 20761 20995 21252 21560 21960 22315 22947 23492 23935 24388 24940 25398 25828 26289 26765 27357 27891 28609
5625 3224 2963 2222 2250 2358 2590 2475 2419 2377 2518 2559 2708 3111 3434 3734 4068 4481 4821 5261 5791 6138 6616 7071 7573 8109 8810 9505 10017 10354 10843 11374 11940 12558 13171 13751 14124 14572 15009 15559 16245 17045 17562 18239 18972 19366 19969 20314 20215 20417 20660 21136 21401 21592 21825 22128 22336 22808 23482 24134 24602 25179 25487 25957 26319 26792 27419 28084 28715 29399
4893 2883 2708 2089 2120 2322 2326 2391 2310 2359 2436 2669 3068 3464 3879 4181 4383 4751 5060 5313 5645 6111 6697 7211 7744 8222 8839 9318 9707 10140 10750 11331 11941 12484 13068 13598 13977 14446 14986 15657 16399 17204 17849 18385 19171 19333 19894 19806 20156 20315 20779 21174 21313 21636 21796 21957 22431 22688 23414 24090 24654 25059 25471 25861 26313 26779 27462 28064 28538 29162
4260 2566 2307 1875 1875 1987 2322 2221 2249 2279 2375 2521 2816 3301 3618 3954 4296 4648 4906 5166 5571 6113 6728 7325 7951 8447 8755 9165 9626 10140 10776 11345 11845 12421 12919 13433 13860 14349 14957 15525 16152 16965 17451 18111 18939 19200 19469 19954 20122 20294 20719 21001 21143 21408 21461 21868 22048 22461 23204 23885 24430 24903 25127 25605 26068 26574 27237 27890 28276 29058
3613 2244 2011 1718 1703 2063 2079 2155 2175 2228 2338 2518 2721 3126 3474 3830 4100 4451 4685 5039 5640 6341 7089 7543 7845 8013 8437 8884 9453 10002 10626 11140 11680 12135 12661 13204 13662 14273 14796 15246 15985 16882 17726 18277 18919 18868 19460 19669 20058 20277 20559 20827 21090 21244 21487 21678 21997 22501 23264 23920 24365 24815 25277 25790 26320 26742 27475 27716 28307 29090
3025 1825 1687 1500 1599 1721 1944 1998 2059 2075 2191 2292 2564 3088 3478 3731 4144 4487 4965 5529 6067 6495 6930 7258 7486 7778 8286 8878 9460 10004 10595 11128 11610 12153 12810 13464 13892 14486 15153 15662 16316 17096 17502 18050 18494 18841 19209 19719 20026 20157 20428 20815 20937 21225 21455 21853 22306 22660 23419 24106 24564 25148 25535 25867 26317 26747 27134 27775 28308 28981
2073 1303 1294 1346 1463 1649 1805 1874 1899 2020 2169 2325 2491 2895 3276 3713 3982 4482 4872 5326 5865 6401 6861 7033 7226 7516 8043 8594 9149 9674 10282 10805 11300 11844 12471 13149 13686 14308 14879 15380 16102 16855 17290 17823 18433 18664 19097 19505 19883 20095 20397 20696 20891 21158 21411 21801 22239 22658 23397 23994 24474 24894 25326 25853 26209 26599 27085 27600 28117 28882
1381 978 1179 1342 1484 1617 1751 1787 1968 2068 2243 2269 2378 2850 3274 3602 3912 4330 4770 5275 5849 6339 6618 6819 7105 7477 8013 8537 9088 9621 10215 10728 11256 11814 12519 13222 13807 14532 15063 15547 16298 17059 17492 18115 18688 19046 19510 20072 20306 20467 20620 20870 21006 21161 21468 21818 22252 22633 23329 23913 24329 24803 25323 25713 26080 26470 26871 27439 27996 28780
664 936 1137 1290 1442 1525 1622 1728 1870 2006 2140 2243 2432 2918 3384 3800 4172 4615 5026 5419 5810 6158 6455 6694 6976 7305 7781 8296 8847 9379 9974 10525 11066 11665 12352 13079 13686 14349 14933 15512 16250 17088 17527 18156 18714 19009 19455 19873 20199 20342 20514 20805 20941 21194 21524 21891 22378 22875 23642 24274 24760 25281 25820 26329 26779 27309 27815 28562 29172 30063
