46303 26914 26846 23049 21989 21939 19877 19743 19192 19237 19519 19406 19520 19479 19684 19974 20253 20305 20402 20577 20884 21370 21796 22280 22835 23278 23869 24457 25151 25917 26563 27258 28030 28668 29406 30122 30785 31709 32697 33875 34930 36131 37125 38065 38254 38507 38927 39502 39976 39849 40147 40014 40039 39928 39808 40159 40446 39203 39219 39404 39424 38879 38843 37897 37949 38092 38270 37970 38148 38032
45659 26627 26493 22671 21511 21376 19424 19418 18951 19111 19290 19172 19262 19458 19652 19878 20083 20058 20126 20177 20402 20834 21256 21773 22325 22851 23420 23979 24663 25408 26111 26812 27582 28264 29031 29762 30555 31539 32549 33727 34900 36108 37042 37581 37944 38256 38823 39363 39361 39257 39522 39544 39409 39339 39476 39668 39690 38753 38774 38861 38981 38506 38475 37705 37915 38028 37869 37769 37863 37863
45171 26538 26351 22449 21232 20937 19058 18998 18755 18927 19193 19093 19199 19400 19615 19781 20088 19857 20083 20049 20321 20751 21195 21705 22282 22804 23360 23954 24642 25410 26101 26829 27591 28256 28996 29746 30549 31571 32628 33942 35284 35991 36506 37171 37657 38148 38875 38657 38783 38676 39031 39290 38866 38967 39060 39030 39435 38382 38371 38576 38513 38227 38265 37524 37753 37704 37685 37717 37795 37778
44833 26326 26081 22082 20756 20453 18661 18496 18533 18666 18931 18876 19261 19447 19347 19654 19789 19719 19807 20066 20627 21278 21987 22616 23278 23858 24737 25544 26453 27324 28048 28789 29605 30314 31101 31744 32270 32892 33396 34004 34644 35385 36011 36852 37563 38176 38306 38042 38011 38193 38673 38825 38310 38409 38396 38600 38597 37903 38034 38201 38071 37798 37779 37282 37374 37590 37508 37540 37756 37640
44206 25939 25685 21780 20456 19882 18224 18284 18224 18449 18593 18784 19095 19300 19150 19405 19455 19634 19588 20020 20433 21125 21688 22261 22907 23737 24503 25297 26093 26947 27731 28497 29317 30020 30766 31372 31950 32574 33086 33694 34453 35187 35963 36831 37657 37535 37512 37398 37405 37725 38041 38170 37709 37766 37841 37951 37840 37527 37523 37628 37555 37456 37614 37121 37427 37739 37316 37491 37443 37672
43509 25415 25284 21463 20223 19298 17772 18009 17832 17952 18414 18519 18660 18832 18828 19027 19322 19281 19395 19752 20285 20912 21465 22017 22828 23584 24367 25149 25991 26865 27656 28439 29260 29950 30663 31322 31935 32657 33323 34169 35051 35919 36692 37513 38114 36756 36805 36847 36828 37204 37426 37286 37122 37110 37124 37208 37223 37092 37023 37241 37086 37132 37269 36814 37111 37271 37091 37110 37225 37546
43129 25127 24967 21127 19851 18949 17548 17743 17627 18008 18266 18325 18494 18653 18799 19219 19394 19145 19302 19702 20126 20731 21264 22037 22913 23761 24621 25517 26454 27436 28316 29192 30079 30838 31616 32326 32994 33782 34498 35420 36444 37423 38304 39244 37844 36285 36352 36310 36486 36640 36725 36808 36650 36649 36635 36644 36823 36720 36836 37040 36827 36830 37022 36638 36888 37017 36807 36943 37235 37555
42791 24741 24625 20808 19438 18546 17271 17354 17515 17576 17962 17986 18266 18578 18759 18993 19320 18994 19132 19549 19992 20535 21438 22374 23401 24350 25336 26329 27263 28172 29101 29972 30887 31731 32584 33299 33835 34582 35305 36367 37416 38394 38406 38534 37078 35669 35786 35860 35858 36026 36132 36133 36272 36079 36014 36162 36323 36439 36512 36650 36507 36479 36638 36420 36569 36581 36565 36864 37234 37459
42349 24337 24251 20427 19020 17964 16881 17162 17169 17357 17632 17736 18220 18520 18539 18850 18986 18751 18985 19306 19616 20695 21668 22484 23548 24517 25320 26151 26999 28022 28892 29763 30729 31558 32309 32908 33558 34357 35225 36269 37289 37438 37486 37531 36331 35056 35275 35357 35318 35362 35434 35675 35895 35483 35453 35585 35975 36226 36107 36240 36161 36204 36427 36241 36419 36325 36590 36948 37317 37484
41985 23797 23733 19834 18243 17352 16445 16657 16822 16819 17192 17586 18125 18153 18310 18369 18552 18396 18616 18788 19674 20538 21283 22252 23349 24111 24903 25606 26540 27503 28359 29282 30222 30943 31553 32234 32903 33887 34753 35847 36075 36413 36332 36347 35489 34418 34560 34692 34581 34568 34926 35145 35189 34850 34889 35119 35650 35712 35653 35834 35790 35877 36129 35965 36027 36150 36494 36701 37125 37149
41604 23462 23380 19431 17682 16837 16084 16410 16425 16561 17276 17687 17822 18136 17995 18047 18143 18077 18214 18812 19372 20116 20997 22019 22889 23644 24340 25168 26086 27035 27979 28894 29756 30412 31087 31761 32545 33428 34235 34546 34905 35084 35119 35367 34709 33869 33964 34015 34067 34342 34789 34722 34818 34560 34579 35045 35329 35436 35383 35506 35635 35795 36001 35753 35898 36093 36405 36615 36857 37117
41267 23120 22942 18976 17212 16389 15823 16266 16054 16594 17231 17294 17650 17992 17733 17735 17939 17811 18242 18572 19081 19996 20987 21762 22604 23270 24078 24904 25799 26840 27776 28607 29372 30033 30748 31582 32356 33221 33309 33611 33817 33988 34209 34203 33853 33206 33276 33389 33556 33969 34073 34312 34304 34117 34481 34766 35057 35143 35070 35452 35513 35602 35734 35563 35803 36090 36255 36515 36770 37030
40990 22779 22554 18525 16657 15945 15557 15629 15931 16306 16763 17075 17434 17750 17373 17527 17476 17709 17920 18192 18913 19912 20627 21360 22111 22895 23691 24500 25478 26494 27329 28063 28815 29506 30360 31154 31871 31996 32070 32237 32444 32850 32812 32800 32823 32384 32519 32737 33225 33369 33942 33719 33758 34064 34231 34542 34829 34759 35014 35320 35413 35364 35340 35471 35739 35876 36126 36358 36698 37091
40447 22490 22164 18172 16217 15583 15256 15813 15959 16701 17368 17427 17484 17538 17208 17260 17752 17653 17718 18486 19185 19596 20195 20857 21705 22465 23223 24111 25066 26041 26844 27576 28429 29272 30210 31034 31129 31285 31292 31484 31877 32040 32074 32272 32399 32002 32148 32651 32805 33202 33252 33488 33873 33864 34150 34426 34640 34815 34906 35289 35135 35147 35463 35570 35654 36093 36603 36931 37398 37559
40073 21832 21444 17515 15363 15124 14907 15300 15483 15963 16504 16567 16651 16611 16584 17078 17198 17042 17498 18014 18271 18802 19363 20069 20925 21671 22482 23353 24242 25167 25951 26791 27661 28488 29381 30021 29451 29617 29706 29990 30231 30344 30593 30870 30882 30732 31252 31446 31942 32182 32535 32962 33232 33463 33729 33953 34300 34296 34510 34762 34679 34849 35100 35114 35447 35896 36207 36638 36917 37103
39821 21418 21045 17081 14747 14675 14581 15007 15189 15473 16122 15994 16076 16185 16494 16673 16714 16937 17355 17517 17892 18404 19000 19717 20511 21316 22117 22944 23798 24681 25525 26395 27317 28182 28940 28861 28282 28424 28461 28605 28771 29199 29486 29778 29894 30299 30627 31031 31428 31910 32302 32691 33024 33177 33429 33723 33936 34129 34249 34410 34544 34632 34832 35028 35545 36012 36218 36427 36730 37071
39511 21041 20835 16800 14399 14403 14362 14942 14877 15508 16078 15682 15717 16234 16321 16416 16641 16945 17072 17304 17651 18298 18958 19682 20519 21360 22199 23081 23980 24926 25823 26742 27514 27972 28073 27894 27286 27401 27423 27579 28019 28358 28706 29069 29625 29977 30364 30902 31578 32038 32548 33196 33728 34106 34635 35152 35544 35857 36197 36580 36833 37060 37427 37699 38257 38695 38421 38540 38167 38265
39158 20719 20575 16465 14017 14071 14199 14499 14705 15157 15402 15255 15586 15924 15972 16273 16628 16614 16808 17050 17616 18362 19069 19837 20694 21527 22374 23241 24140 25060 25851 26561 27160 27076 27117 26938 26321 26532 26379 26672 27025 27405 27761 28507 29047 29480 30099 30701 31286 31903 32754 33394 33784 34222 34800 35383 35924 36089 36428 36985 37310 37720 38053 37982 38104 38379 38206 38269 37913 38062
38745 20507 20138 16126 13715 13921 14027 14378 14523 14762 14871 15077 15375 15667 15876 16230 16349 16531 16650 17083 17692 18502 19274 20113 21040 21966 22910 23562 24393 25267 25968 26465 26477 26492 26882 26366 25681 25674 25509 25650 25994 26499 27260 28009 28700 29220 29829 30363 30968 31785 32684 33409 33708 34170 34766 35306 35767 35977 36389 36943 37332 37635 37946 37663 37871 38071 37927 38128 37660 37851
38112 20180 19739 15863 13526 13701 14035 14309 14228 14393 14781 14930 15137 15655 15813 16073 16258 16485 16628 17154 17885 18874 19771 20699 21501 22118 22596 23400 24257 25091 25692 25672 25811 26157 26477 25775 25142 25080 25009 25181 25665 26476 27210 27943 28586 29145 29706 30317 30941 31804 32857 33344 33669 34210 34676 35266 35748 35986 36393 36931 37312 37709 38067 37425 37585 37725 37835 37861 37419 37736
37351 19876 19215 15461 13281 13852 14033 14004 13982 14430 14608 14747 15276 15863 15837 16140 16241 16548 16681 17358 18409 19496 20035 20511 21151 21596 22383 23195 24001 24744 24811 24922 25423 25724 25714 25183 24689 24628 24584 24924 25754 26492 27317 28190 28991 29611 30166 30565 31116 31842 32680 33411 33697 34126 34787 35545 35907 36162 36740 37374 37801 37927 37982 37191 37333 37662 37541 37632 37229 37456
36168 19343 18624 15019 12981 13322 13451 13418 13629 13770 14195 14543 14889 15330 15478 15697 15957 16247 16486 17271 18206 18816 19247 19779 20179 20936 21759 22570 23319 23513 23720 24203 24691 24771 24716 24392 24076 24072 24264 24861 25570 26358 27115 27894 28551 29213 29710 30201 30667 31453 32307 32885 33281 33801 34326 35068 35567 35917 36360 36984 37470 37328 37425 36682 36795 37188 37029 37002 36783 37038
35225 18945 18127 14658 12773 13033 13120 13445 13386 13726 14184 14371 14720 15280 15406 15732 16016 16241 16538 17171 17536 18129 18673 19023 19772 20571 21396 22153 22360 22689 23248 23707 24132 23995 24001 23846 23738 23895 24291 24888 25630 26410 27157 27987 28693 29361 29910 30350 30951 31773 32662 33382 33889 34537 35221 35965 36559 36938 37001 37193 37376 36910 37050 36379 36635 36746 36574 36704 36471 36712
34465 18573 17701 14241 12457 12690 12971 13111 13278 13576 14014 14283 14788 15179 15367 15772 16161 16319 16515 16787 17212 17859 18206 18872 19654 20458 21198 21391 21690 22342 22811 23198 23240 23287 23245 23327 23515 24043 24608 25508 26577 27688 28640 29622 30392 30993 31652 32217 32852 33672 34541 35190 35544 36143 36797 37464 37726 36522 36623 36956 37058 36472 36532 36102 36204 36310 36287 36295 36246 36514
33915 18330 17297 13977 12244 12631 12847 13050 13196 13801 14313 14525 14926 15601 15598 15944 16418 16411 16327 16633 17063 17486 18121 18831 19647 20366 20556 20838 21486 22096 22561 22619 22855 22827 22985 23179 23554 24255 25032 26057 27256 28486 29651 30892 31980 32781 33469 34355 34939 35859 36600 37058 37239 36629 36737 37134 36994 36146 36287 36648 36597 36017 36078 35817 35844 36195 36021 35971 36161 36164
33147 18110 16910 13729 12038 12414 12646 12858 13221 13647 14162 14368 14902 15233 15565 16120 16146 16029 16041 16116 16375 17071 17742 18477 19212 19362 19677 20303 20920 21512 21674 21905 22030 22236 22533 22942 23497 24291 25157 26330 27501 28605 29677 30896 31842 32543 33434 34045 34834 35504 36247 36955 36528 36003 36092 36186 36415 35633 35756 35951 35939 35567 35583 35459 35565 35754 35536 35831 35820 35787
32583 17825 16545 13465 11809 12162 12455 12837 13081 13566 14055 14311 14757 15264 15508 15602 15731 15858 15710 15855 16545 17453 18270 18381 18537 18830 19441 20018 20588 20874 21163 21295 21619 21912 22356 22855 23437 24294 25162 26152 27240 28471 29636 30827 31739 32521 33316 34078 34662 35362 36146 36745 36022 35324 35331 35571 35603 35176 35196 35429 35380 35118 35126 35152 35257 35346 35558 35730 35523 35555
32048 17586 16251 13232 11689 12138 12598 12799 13212 14145 14984 14681 14987 15388 15299 15382 15551 15663 15440 16227 16748 17516 17551 17642 17984 18562 19148 19656 19920 20295 20471 20744 21120 21507 22031 22615 23333 24223 25023 26037 27339 28664 30072 31531 32922 34210 35495 36746 37717 38576 38531 36697 35562 34919 34924 35315 35105 34857 34954 35509 35048 34915 34973 34999 35026 35481 35800 35837 35349 35583
31163 16918 15379 12708 11472 12120 12271 12638 13190 14205 14649 13950 14260 14795 14773 14839 15020 15079 15254 15522 16048 16271 16442 16716 17321 17893 18450 18722 19146 19475 19907 20284 20749 21263 21918 22711 23775 25176 26572 28209 30250 32317 34179 35832 37149 38122 38730 39388 37022 37346 37106 35488 34781 34027 34144 34436 34218 34169 34491 34724 34370 34245 34392 34398 34614 35171 35106 35196 34807 35022
30089 16136 14441 12011 11088 11432 11561 12271 12646 13257 13769 12978 13168 13728 13848 13867 14053 14480 14501 14791 14958 15317 15679 16205 16747 17301 17646 18118 18507 19022 19502 19963 20471 21045 21805 22678 23798 25270 26753 28433 30368 31954 33497 34928 36085 36779 37549 38123 35358 35421 35321 33811 33434 32752 32730 32896 33001 33237 33310 33360 33260 33318 33375 33499 33718 34237 34202 34280 34133 34284
29515 15655 13849 11492 10801 11067 11365 12205 12063 12739 13203 12356 12607 13103 13331 13256 13804 13933 14311 14241 14532 15064 15672 16168 16741 17080 17596 17981 18516 19020 19530 20065 20644 21259 21987 22932 24200 25781 27050 28511 29988 31444 32836 34258 35164 35974 36764 36588 34018 33957 34062 32643 32436 31869 31795 32080 32403 32723 32513 32588 32713 32692 32823 32851 33249 33642 33718 33818 33785 34008
28917 15147 13316 10927 10310 10728 11161 11426 11633 12156 12386 11741 12091 12442 12586 12803 13197 13476 13647 13705 14162 14955 15526 16096 16470 16981 17442 18000 18683 19218 19946 20570 21215 21810 22431 23122 23995 25134 26262 27636 29044 30476 31899 33305 34370 35226 35699 35038 32719 32915 33214 31699 31363 31047 30913 31307 31692 31770 31691 31889 32083 31981 32036 32270 32536 32939 33302 33211 33514 33592
28123 14667 12734 10510 10031 10572 10917 11134 11453 11887 12307 11331 11730 12005 12252 12412 12843 13160 13189 13285 13815 14535 15140 15528 16130 16549 17179 17796 18354 19168 19873 20468 21088 21627 22209 22873 23620 24739 25876 27280 28653 30172 31602 33061 34085 34802 34461 33717 31849 32011 32064 30871 30555 30305 30241 30682 31015 31018 30986 31258 31403 31534 31696 31972 32280 32639 32827 32977 33261 33188
27284 14200 12185 10136 9777 10274 10678 10957 11222 11746 12101 10915 11309 11696 11801 12022 12562 12810 12688 12875 13346 14090 14508 15102 15596 16181 16867 17366 18203 19004 19679 20261 20865 21421 22001 22590 23344 24443 25559 26905 28374 29915 31354 32779 33879 33650 33236 32517 31011 30971 30923 30012 29713 29503 29507 29922 30284 30224 30259 30531 30940 31123 31416 31794 31992 32191 32568 32714 32837 32862
26527 13824 11744 9892 9639 10138 10575 10814 11080 11597 11917 10587 11042 11306 11451 11861 12290 12291 12396 12556 13083 13635 14234 14714 15338 15995 16552 17376 18207 18978 19651 20235 20852 21397 21920 22490 23210 24286 25344 26733 28212 29748 31186 32617 33320 32557 32096 31395 30200 30019 29927 29263 29044 28842 28898 29365 29687 29594 29636 30143 30616 30943 31284 31530 31512 32040 32436 32382 32560 32529
25792 13416 11372 9733 9488 10017 10449 10670 10923 11338 11810 10260 10683 10945 11186 11531 11794 11969 12010 12269 12633 13334 13794 14385 15058 15596 16474 17308 18126 18904 19578 20195 20829 21363 21875 22412 23092 24120 25198 26593 28096 29638 31066 32068 32575 31473 30972 30363 29427 29118 29089 28530 28352 28188 28280 28715 29012 28945 29181 29763 30440 30738 31008 31014 31279 31900 32048 32006 32210 32389
25025 13068 11055 9591 9347 9867 10308 10536 10712 11250 11623 9983 10361 10711 10866 11095 11521 11605 11777 11897 12433 12978 13530 14158 14690 15547 16426 17252 18069 18847 19544 20182 20828 21365 21885 22445 23146 24192 25319 26764 28295 29881 30616 31396 31720 30460 29938 29445 28657 28271 28265 27801 27693 27529 27634 28054 28331 28487 28816 29590 30238 30467 30521 30772 31143 31591 31657 31727 32091 32261
24248 12762 10777 9428 9193 9720 10102 10328 10640 11072 11404 9730 10118 10369 10495 10849 11146 11331 11448 11704 12095 12748 13342 13840 14705 15569 16457 17261 18119 18951 19700 20397 21123 21744 22357 22987 23729 24784 25886 27284 28298 29145 29906 30579 30542 29448 28946 28521 27887 27484 27463 27130 27037 26928 27007 27426 27870 28159 28714 29419 29991 30005 30277 30598 30820 31196 31402 31652 31966 32048
23500 12438 10480 9291 9085 9567 9966 10269 10445 10834 11117 9450 9767 10051 10253 10517 10883 11052 11204 11315 11793 12483 12946 13763 14626 15494 16336 17197 18059 18907 19679 20416 21171 21810 22441 23098 23848 24908 26058 26800 27602 28462 29124 29696 29370 28429 27937 27610 27156 26699 26754 26464 26433 26367 26445 27053 27626 28104 28572 29240 29594 29834 30164 30392 30516 30981 31349 31544 31769 31897
22747 12187 10224 9091 8906 9397 9834 10091 10265 10548 10933 9196 9511 9807 9982 10301 10635 10732 10871 11067 11592 12163 12939 13764 14630 15446 16342 17208 18079 18935 19717 20466 21233 21877 22506 23157 23891 24864 25260 25996 26776 27592 28173 28728 28226 27453 27019 26772 26414 26059 26133 25922 25884 25857 26170 26861 27583 28009 28487 28885 29423 29723 29962 30079 30339 30953 31285 31414 31643 31675
21974 11930 9975 8887 8719 9244 9647 9899 10007 10394 10849 8959 9287 9538 9755 10058 10315 10393 10640 10885 11286 12222 13050 13789 14574 15486 16358 17287 18169 19077 19908 20704 21517 22187 22823 23423 23836 24105 24498 25220 25959 26701 27261 27699 27135 26526 26144 25974 25704 25453 25505 25383 25355 25578 25983 26821 27496 27934 28149 28718 29316 29534 29654 29885 30316 30913 31167 31289 31414 31660
21166 11645 9713 8678 8534 9039 9467 9634 9868 10292 10708 8702 9009 9323 9492 9737 9980 10154 10396 10526 11362 12225 12916 13654 14552 15402 16406 17242 18253 19234 20126 20953 21791 22368 22781 23157 23145 23407 23775 24448 25114 25832 26267 26596 26072 25610 25302 25238 25041 24862 24966 24842 25071 25387 25931 26743 27423 27597 27973 28615 29124 29201 29462 29874 30274 30795 31019 31046 31379 31698
20211 11366 9416 8465 8333 8819 9215 9487 9734 10183 10341 8444 8738 9019 9179 9419 9683 9923 10028 10545 11215 12006 12677 13540 14367 15346 16217 17253 18330 19393 20277 21099 21686 22142 22546 22691 22488 22721 23062 23661 24279 24870 25221 25445 25002 24680 24458 24414 24296 24215 24300 24537 24875 25301 25801 26656 27090 27355 27783 28301 28735 29000 29390 29772 30055 30542 30734 30964 31323 31635
19288 11085 9114 8269 8158 8631 9127 9394 9612 10076 9765 8155 8421 8759 8909 9177 9479 9588 9968 10294 10904 11685 12492 13276 14238 15084 16145 17234 18318 19298 20188 20759 21369 21810 22046 22004 21796 22008 22289 22839 23332 23818 24070 24276 23921 23716 23609 23631 23576 23598 24036 24358 24828 25249 25776 26413 26905 27209 27499 27976 28590 28958 29344 29665 29876 30255 30657 30927 31283 31614
18407 10827 8848 8054 7956 8534 8969 9249 9528 9584 9186 7881 8193 8490 8668 8990 9155 9490 9768 10045 10647 11552 12265 13175 14003 15040 16241 17304 18225 19200 19819 20411 21008 21328 21281 21371 21075 21223 21447 21879 22272 22680 22910 23028 22881 22811 22888 22882 23044 23399 23882 24440 24840 25290 25596 26277 26791 26981 27261 27907 28626 28997 29266 29478 29629 30261 30742 31120 31519 31873
17334 10374 8468 7771 7718 8252 8775 9040 9323 8906 8466 7465 7765 8169 8316 8581 8918 9190 9281 9551 10260 11084 11926 12687 13690 14874 15945 16884 17878 18590 19239 19814 20337 20303 20482 20471 20238 20360 20496 20824 21146 21488 21631 21762 21771 22004 22110 22368 22795 23268 23870 24314 24811 25024 25373 26165 26524 26675 27102 27858 28591 28826 29004 29197 29545 30288 30753 31033 31409 31600
16221 9939 8103 7548 7524 8116 8622 8929 8879 8295 7896 7124 7455 7849 7992 8408 8628 8818 8846 9168 9787 10726 11408 12359 13510 14559 15530 16546 17296 18051 18718 19221 19369 19603 19823 19700 19527 19630 19735 19998 20265 20480 20630 20803 21096 21326 21583 22175 22604 23159 23728 24281 24580 24798 25227 25908 26252 26526 27043 27794 28432 28603 28738 29048 29517 30228 30648 30905 31079 31378
15017 9387 7676 7275 7315 7868 8448 8707 8332 7674 7372 6761 7116 7465 7700 8047 8177 8335 8447 8696 9405 10165 11017 12119 13131 14081 15132 15903 16705 17482 18086 18218 18642 18924 19111 18911 18790 18917 18989 19212 19367 19591 19782 20200 20487 20819 21392 22032 22480 22985 23612 24051 24315 24579 24920 25577 26071 26436 26954 27575 28161 28325 28527 28888 29383 30114 30492 30479 30754 31094
13752 8719 7233 6956 7009 7609 8124 8402 7711 7064 6882 6391 6744 7087 7260 7502 7617 7836 7947 8280 8799 9719 10710 11693 12611 13644 14465 15289 16126 16823 17041 17444 17921 18176 18198 18059 17961 18086 18145 18330 18510 18785 19231 19657 20037 20664 21232 21970 22349 22906 23390 23727 24094 24251 24541 25322 25896 26329 26724 27222 27839 28061 28290 28593 29164 29866 30008 30005 30391 30838
12527 8025 6789 6634 6777 7316 7817 8072 7105 6510 6468 6055 6405 6662 6751 6936 7135 7377 7565 7713 8383 9435 10320 11222 12241 13038 13925 14769 15528 15836 16322 16768 17211 17413 17287 17219 17130 17295 17367 17609 17864 18370 18801 19296 19957 20538 21166 21892 22221 22616 23023 23443 23732 23855 24250 25090 25744 26101 26379 26902 27570 27811 28010 28321 28922 29364 29525 29617 30141 30528
11443 7374 6402 6300 6477 7021 7553 7451 6505 6063 6149 5750 6126 6173 6198 6412 6744 6938 7048 7363 8157 9069 9858 10858 11666 12524 13429 14171 14527 15094 15598 16014 16419 16507 16378 16344 16247 16408 16485 16857 17366 17936 18422 19317 19997 20595 21203 21810 22043 22340 22809 23078 23361 23587 24048 24863 25480 25798 26101 26687 27332 27505 27778 28110 28510 28904 29162 29332 29916 30126
10424 6697 6020 5970 6163 6781 7126 6856 5897 5628 5765 5374 5731 5663 5657 6005 6324 6352 6552 6981 7609 8427 9312 10080 10960 11840 12627 12961 13567 14158 14625 15008 15317 15392 15315 15371 15252 15393 15542 16195 16777 17442 18342 19330 20005 20580 21164 21714 21898 22363 22556 22769 23191 23513 23909 24683 25227 25602 25933 26547 27105 27290 27623 27869 28166 28542 28877 29059 29555 29667
9461 6080 5649 5683 5936 6412 6442 6314 5336 5240 5585 5004 5245 5176 5338 5623 5788 5905 6164 6401 6927 7843 8514 9347 10271 11022 11402 11966 12583 13141 13577 13857 14152 14204 14300 14324 14246 14458 14889 15617 16301 17374 18362 19361 19982 20534 21074 21574 21893 22040 22239 22560 23105 23404 23719 24425 25031 25447 25794 26375 26924 27154 27454 27647 27918 28274 28626 28757 29185 29175
8659 5605 5381 5431 5685 5940 5858 5898 4928 5007 5054 4675 4844 5004 5119 5282 5503 5566 5623 5792 6431 7115 7845 8706 9519 9858 10421 10965 11496 12014 12302 12547 12812 12997 13086 13149 13271 13708 14214 15081 16160 17359 18411 19476 20241 20703 21230 21602 21761 21880 22479 22900 23503 23651 23925 24593 25142 25573 25953 26460 26964 27094 27407 27684 27963 28137 28453 28546 28864 28987
8043 5266 5201 5212 5390 5527 5375 5371 4574 4557 4589 4475 4668 4706 4843 4995 5178 5164 5395 5699 6194 6878 7624 8399 8818 9331 9892 10325 10803 11154 11406 11607 11900 11938 12003 12079 12323 12918 13704 14933 16180 17439 18464 19450 20054 20465 20750 21117 21318 21747 22382 22733 23218 23436 23788 24369 25074 25484 25817 26305 26814 27110 27411 27488 27667 27986 28308 28322 28783 28982
7546 4971 5051 4944 5146 5079 4970 4985 4313 4303 4551 4339 4614 4560 4635 4738 4905 5009 5546 5637 6064 6815 7505 7910 8515 9033 9476 9858 10173 10501 10708 10951 11107 11137 11181 11354 11690 12497 13531 15046 16551 18127 19166 19841 20030 20169 20447 20845 21623 21955 22501 22882 23058 23416 24014 24609 25415 25852 26285 26573 26862 27207 27456 27249 27661 27930 28170 28572 29007 29225
6943 4690 4631 4486 4575 4498 4427 4372 3900 3908 3936 4036 4305 4211 4207 4310 4728 4918 5058 5282 5821 6544 6831 7378 7903 8336 8714 9033 9366 9687 9968 10174 10437 10646 10842 11142 11627 12464 13451 14908 16412 17828 18568 19197 19629 19869 20238 20898 21407 21882 22518 22731 22974 23384 23940 24594 25355 25797 25885 26285 26612 26736 26743 27044 27238 27624 28088 28411 28673 29108
6239 4398 4108 4049 4355 4026 3948 3893 3526 3523 3675 3740 3991 3803 3886 4190 4608 4578 4761 4998 5445 5817 6274 6785 7245 7607 7954 8291 8648 9066 9373 9681 10093 10420 10742 11248 11817 12705 13660 15003 16218 17287 18030 18837 19345 19647 20122 20670 21208 21703 22344 22718 23116 23525 24058 24775 25392 25413 25589 25998 26152 26133 26511 26617 26919 27454 27956 28090 28462 28476
5707 4163 3809 3885 4021 3575 3539 3698 3255 3269 3546 3513 3636 3591 3765 4092 4423 4369 4541 4729 4863 5322 5720 6139 6547 6864 7220 7549 7975 8411 8790 9232 9766 10213 10792 11383 12043 12931 13805 14894 15935 16987 17829 18678 19218 19568 20056 20610 21152 21702 22457 22923 23178 23656 24147 24560 24975 25144 25292 25553 25679 25969 26264 26472 27066 27484 27743 27887 28113 28268
5302 3929 3581 3577 3709 3184 3221 3543 3032 3329 3629 3407 3447 3516 3867 4046 4219 4228 4536 4549 4807 5211 5558 5940 6314 6637 6969 7322 7723 8173 8603 9102 9672 10218 10950 11751 12693 13929 15169 16541 17820 18491 19046 19686 19983 20353 20905 21367 21555 21787 22452 22732 23207 23609 23981 24237 24721 24940 25114 25249 25594 25852 26222 26531 27169 27553 27695 27782 28020 28201
4970 3578 3321 3190 3183 2946 2930 3282 2839 3189 3354 3213 3262 3530 3718 3876 4010 4138 4319 4600 4932 5570 6085 6579 7066 7515 7963 8420 8897 9396 9860 10355 10932 11487 12244 13004 13818 14797 15668 16535 17168 17853 18590 19206 19735 20259 20618 20865 21222 21850 22379 22837 23179 23566 23883 24179 24532 24815 24955 25183 25486 25798 26190 26415 27003 27331 27580 27670 27886 28222
4533 3061 2931 2789 2800 2774 2730 2809 2651 2942 3128 2941 3091 3433 3599 3763 3877 4049 4170 4479 4961 5609 6179 6780 7396 7995 8618 9242 9892 10567 11176 11775 12445 13021 13708 14073 14444 15027 15647 16311 16972 17682 18382 19054 19630 20029 20152 20703 21123 21655 22402 22755 23155 23519 23847 24211 24488 24721 25013 25368 25719 25875 26101 26222 26734 27192 27384 27542 27729 28031
3932 2815 2729 2601 2652 2538 2497 2678 2581 2848 2853 3005 3292 3538 3747 3980 4201 4429 4612 4907 5324 6011 6631 7272 7912 8471 9051 9630 10274 10945 11549 12082 12609 13009 13458 13866 14357 15072 15714 16443 17149 17877 18629 19067 19491 19679 20124 20622 21046 21662 22354 22737 23148 23471 23733 24108 24525 24788 25000 25303 25639 25838 26040 26235 26720 27093 27428 27563 27895 28170
3560 2451 2488 2371 2479 2376 2331 2446 2439 2582 2871 3039 3254 3572 3854 3943 4246 4479 4620 4867 5559 6319 7014 7728 8393 8892 9414 9820 10399 10964 11492 11947 12374 12657 13045 13440 13930 14695 15383 16173 16890 17693 18211 18841 19130 19493 19856 20580 21206 21724 22655 22812 23324 23573 23948 24478 24944 25230 25503 25885 26275 26494 26839 27083 27600 28071 28443 28397 28732 29063
2916 2237 2168 2019 2088 2015 1997 2269 2320 2644 2933 3111 3444 3724 3815 3996 4254 4320 4492 4873 5411 6175 6845 7522 8085 8563 9009 9538 10093 10698 11183 11565 11999 12380 12817 13308 13872 14526 15124 15912 16655 17330 17990 18539 19031 19384 19913 20579 21049 21728 22424 22783 23143 23483 23819 24269 24776 25095 25341 25726 26063 26364 26760 27005 27525 27870 28080 28338 28649 28969
2572 1934 1860 1788 1888 1872 1948 2221 2335 2738 3120 3314 3460 3636 3816 3970 4181 4387 4577 4965 5620 6307 6853 7408 7948 8378 8929 9460 10069 10641 11061 11466 11937 12318 12804 13286 13671 14319 14931 15692 16346 17099 17709 18420 18905 19445 20117 20918 21521 22027 22848 23181 23647 24001 24273 24691 25159 25405 25704 26157 26457 26705 26942 27110 27389 27655 28096 28275 28609 28861
2118 1696 1537 1517 1670 1767 1994 2413 2469 2939 3096 3183 3351 3811 3950 4171 4308 4648 4764 5077 5412 5991 6491 7012 7544 8053 8566 9086 9603 10124 10571 10982 11437 11807 12336 12708 13165 13824 14483 15213 15928 16668 17466 18184 18849 19487 20094 20865 21375 22078 22834 23320 23767 24127 24487 24904 25224 25484 25752 26051 26462 26709 26954 27245 27974 28586 28948 28968 29082 29421
1518 1210 1228 1387 1557 1737 1934 2259 2383 2759 2978 3069 3328 3649 3872 4093 4355 4548 4697 4901 5295 5886 6386 6919 7454 7960 8479 8974 9483 9979 10394 10764 11165 11492 11903 12320 12862 13677 14463 15418 16402 17438 18388 19272 19959 20495 21069 21790 22327 22971 23698 24089 24398 24715 25092 25566 26037 26302 26576 26890 27156 27324 27490 27614 28074 28579 28740 28747 28948 29267
1080 996 1238 1441 1635 1845 2093 2473 2690 3097 3279 3326 3548 3861 4008 4312 4525 4770 4945 5207 5588 6197 6756 7369 8010 8612 9228 9859 10544 11254 11890 12509 13191 13817 14593 15339 16129 16995 17568 18243 18974 19690 20384 20997 21505 21869 22351 22849 23094 23528 24100 24532 24778 25091 25421 25786 26133 26309 26503 26757 27048 27218 27350 27523 28048 28431 28589 28695 28950 29270
612 972 1214 1415 1597 1964 2301 2598 2778 3031 3189 3269 3552 3809 3980 4301 4553 4766 4955 5270 5734 6440 7063 7720 8392 9036 9702 10359 11058 11764 12394 13008 13682 14244 14883 15484 16080 16801 17444 18193 18899 19637 20302 20947 21404 21808 22234 22699 22972 23454 24065 24484 24790 25155 25521 26019 26478 26738 26986 27332 27727 27957 28186 28377 28874 29273 29477 29597 29868 30167
