356 439 236 488 277 380 397 447 369 538 318 552 449 276 670 1124 985 944 914 896 896 869 806 859 736 589 654 867 739 784 934 1006 1057 853 736 749 711 476 531 443 530 462 470 495 572 494 424 363 247 516 409 541 654 541 460 642 330 399 384 399 652 507 249 371 432 374 542 433 289 107
530 405 279 489 472 489 404 471 316 414 332 484 366 259 636 1007 993 970 971 928 885 836 815 899 826 719 763 937 774 809 869 821 765 534 430 367 402 265 334 348 382 281 166 301 383 292 433 219 256 384 190 375 421 331 271 549 275 243 214 297 562 484 292 366 318 251 297 331 314 118
469 416 371 420 531 353 465 592 399 561 454 420 386 353 579 948 840 847 880 844 845 760 669 699 627 513 585 857 694 836 919 928 937 757 662 587 660 420 475 393 594 365 354 543 489 267 508 208 337 526 370 376 600 528 424 703 500 450 382 490 641 452 308 611 337 348 415 346 180 155
389 373 414 471 555 523 529 677 534 595 414 637 623 342 543 954 943 851 836 813 794 760 767 865 886 778 881 1173 1036 1051 1158 1051 902 680 619 641 583 376 632 497 676 465 556 702 580 655 715 415 417 566 471 664 613 739 618 910 585 635 571 628 643 573 262 513 324 360 426 281 153 123
773 407 692 692 985 682 497 619 606 503 451 743 616 545 698 850 947 904 957 871 820 771 792 928 1102 1134 1195 1350 1206 1212 1275 891 578 472 499 525 466 319 603 439 666 355 504 691 426 677 853 414 611 545 528 625 330 722 654 927 799 752 647 574 384 549 367 536 310 329 303 151 264 366
523 318 406 544 509 343 316 332 258 403 285 515 276 280 577 783 659 641 679 613 578 526 469 540 575 578 611 798 648 757 938 798 752 639 587 610 561 313 440 295 452 219 311 498 328 404 435 241 286 343 362 323 379 579 465 610 607 442 340 272 295 313 173 301 235 191 282 152 103 192
554 335 506 556 736 411 422 549 457 557 380 531 426 457 589 819 752 765 817 733 703 604 524 571 644 623 701 940 812 985 1154 987 856 752 732 706 724 469 606 394 700 375 486 692 466 437 672 288 491 598 536 448 493 721 620 865 747 625 535 536 398 355 211 507 213 251 321 166 96 300
553 434 498 625 622 398 449 562 482 597 440 663 547 444 702 1064 913 886 945 902 901 841 760 815 834 780 827 1071 910 1033 1169 1038 925 738 638 702 658 379 598 436 697 437 497 732 564 579 625 369 454 531 540 566 590 807 670 878 728 729 561 519 506 534 222 484 368 362 510 281 85 162
657 565 544 737 589 397 584 715 500 763 581 692 616 580 920 1352 1053 1072 1126 1073 1068 971 828 825 774 683 663 934 799 1029 1224 1234 1249 1048 901 952 953 618 749 562 829 606 605 879 736 643 675 530 569 687 664 624 948 1019 814 977 948 839 617 658 709 615 300 611 500 466 687 548 188 323
654 558 455 717 572 481 554 550 435 655 475 682 578 563 974 1378 1236 1261 1322 1277 1227 1141 1045 1077 989 828 800 976 764 851 982 977 957 697 540 579 622 405 443 468 622 547 490 675 641 531 518 386 469 547 527 507 783 873 624 779 690 621 392 439 530 535 217 407 358 321 530 523 259 314
746 602 644 799 726 548 589 602 435 648 467 734 505 431 646 938 807 785 851 802 765 693 645 708 722 689 760 1009 858 1019 1208 1103 1014 765 636 703 706 411 614 539 670 463 456 754 631 638 594 390 461 488 512 553 643 921 728 916 863 693 487 476 516 516 272 372 337 323 464 330 175 314
928 721 691 951 860 640 646 697 500 720 499 760 561 569 784 1112 987 1032 1112 1034 983 865 782 814 798 747 805 1012 900 1144 1337 1258 1148 871 722 751 840 553 684 618 755 585 452 748 736 622 659 440 591 641 561 613 731 932 768 998 883 709 501 543 607 567 327 392 380 346 515 460 322 454
499 415 435 449 536 586 606 615 361 533 373 535 524 382 661 978 1024 949 899 854 766 705 767 886 849 674 736 1016 860 811 917 853 789 520 425 399 434 301 414 463 486 409 480 624 532 548 606 375 355 453 342 534 748 793 533 798 683 456 340 483 560 429 228 319 147 198 240 334 262 340
1152 979 940 1213 1160 1023 1047 1179 803 1078 733 951 838 798 825 1167 1106 1190 1237 1134 1040 869 797 791 804 744 836 1083 1083 1446 1738 1757 1633 1349 1268 1231 1398 1084 1181 1022 1143 988 826 1079 1103 979 1052 790 960 1106 870 928 1139 1290 1119 1410 1215 954 811 1036 1006 750 597 709 540 544 682 800 651 864
892 665 721 818 1003 679 745 890 626 801 589 665 658 714 805 1133 1099 1170 1242 1149 1088 925 844 862 864 755 824 1079 969 1212 1350 1267 1118 867 767 709 881 639 725 646 888 662 580 860 776 563 842 440 731 821 637 640 856 993 801 1130 972 785 597 765 699 556 371 623 306 362 462 489 337 565
889 474 527 636 763 472 369 444 308 281 309 408 362 500 746 917 940 1067 1176 1070 1006 886 821 870 908 868 775 774 681 779 791 587 433 313 293 318 432 271 295 250 351 265 260 346 290 405 435 220 458 351 270 311 368 517 349 525 612 512 266 329 305 331 288 375 229 166 216 372 380 402
1073 651 751 866 1094 749 596 723 523 542 459 624 504 593 697 885 957 1034 1117 998 927 791 763 834 902 901 964 1094 1025 1220 1292 1047 801 596 542 489 641 462 589 522 643 431 311 558 536 490 747 342 644 609 410 544 465 654 583 922 792 605 462 546 540 513 438 465 296 282 285 340 453 541
699 614 671 685 899 837 814 777 560 725 552 716 558 423 478 703 857 805 837 807 712 639 690 798 824 723 878 1152 941 971 1093 1005 868 586 535 466 556 402 531 629 662 496 491 715 626 567 706 312 490 562 453 507 586 823 616 922 709 514 428 586 604 508 403 538 218 296 267 348 335 429
604 407 585 543 819 760 630 651 506 522 415 660 561 387 517 702 894 804 796 745 649 609 708 866 965 896 1007 1237 1061 983 1061 821 595 387 389 360 353 257 473 481 539 354 475 628 448 621 745 347 454 462 383 546 439 718 549 849 673 519 453 529 456 467 327 432 158 224 158 189 283 356
560 498 615 558 684 737 625 536 426 514 367 697 473 242 373 527 670 522 481 461 391 398 530 711 769 719 898 1169 1006 894 1024 841 716 496 465 488 422 266 500 530 474 328 511 633 493 694 612 355 294 354 364 577 450 730 567 801 650 462 432 420 477 449 349 293 215 271 229 160 296 321
1037 725 975 1098 1353 1262 879 899 938 875 656 1247 959 746 927 1097 1353 1183 1146 1063 957 950 1100 1329 1498 1512 1743 1984 1805 1709 1838 1400 989 738 711 675 586 537 899 869 960 677 713 954 815 996 1260 732 849 868 766 1066 531 969 978 1379 942 817 877 768 679 902 615 520 481 527 462 261 603 665
654 495 644 725 808 742 470 350 514 495 287 824 494 387 570 651 802 693 681 628 571 585 669 849 949 954 1137 1286 1122 1006 1162 866 669 543 549 604 490 344 537 494 540 370 595 617 483 721 641 375 384 455 531 636 265 670 620 799 579 515 536 334 284 435 322 213 274 294 310 89 364 394
737 486 700 701 894 641 458 479 505 512 362 726 457 415 550 664 714 625 629 552 527 500 542 695 801 845 1034 1267 1145 1173 1311 992 790 661 631 639 577 374 623 486 628 317 473 662 483 588 729 355 440 501 495 625 329 653 645 917 735 588 586 427 401 473 362 339 300 331 325 44 269 367
421 391 508 497 729 626 589 549 534 631 432 663 499 367 472 683 809 724 744 725 665 630 657 774 821 727 893 1161 911 867 993 858 729 547 534 493 481 325 460 471 631 401 557 689 501 494 640 232 384 519 504 455 425 713 558 812 552 490 468 486 412 407 263 501 177 270 268 162 162 259
752 610 637 966 969 1011 728 683 698 807 492 1054 697 495 746 1022 1168 1050 1038 983 875 851 913 1065 1126 1089 1295 1522 1306 1309 1524 1320 1065 776 705 648 603 497 709 728 793 600 504 720 720 715 886 499 593 730 607 750 455 768 749 1073 587 501 567 526 566 690 390 354 360 354 392 270 431 426
603 517 614 617 937 778 743 812 718 758 608 770 723 548 654 976 1132 1068 1113 1090 1031 969 988 1098 1140 1009 1150 1422 1165 1143 1183 1019 793 534 486 424 470 352 539 583 783 544 567 778 640 563 841 332 583 671 555 612 557 796 643 1002 637 656 579 686 626 636 387 697 296 391 379 322 264 304
706 557 549 733 737 671 528 521 475 497 382 742 535 350 573 862 935 896 963 934 883 851 868 983 1019 967 1042 1174 992 986 1059 874 667 408 331 399 384 213 429 458 497 386 356 512 495 627 537 297 392 378 361 533 343 636 508 733 496 537 389 374 440 549 299 327 320 286 351 290 289 196
968 872 1065 1208 1259 1229 1008 862 933 962 731 1331 896 586 572 668 874 760 850 843 748 761 845 1003 1213 1277 1455 1614 1382 1340 1559 1280 974 765 813 934 803 598 943 924 962 755 909 1071 849 1251 991 670 782 723 893 886 468 1218 1062 1208 986 982 881 776 564 802 612 659 549 577 581 431 510 600
1672 1363 1512 1814 1977 1799 1400 1350 1398 1340 1163 1755 1249 1024 972 1079 1376 1333 1486 1439 1328 1291 1347 1494 1726 1857 2064 2150 1925 2014 2170 1800 1339 1071 1101 1112 1103 958 1303 1325 1369 1099 940 1236 1189 1401 1455 935 1290 1178 1143 1206 579 1289 1306 1617 1187 1224 1176 1121 997 1295 1116 1093 973 944 880 791 1027 993
1342 1076 1060 1330 1365 1176 944 933 855 847 797 1119 727 607 621 778 907 966 1145 1106 1048 983 950 1020 1135 1233 1323 1347 1192 1367 1464 1267 1006 786 784 819 884 657 856 860 848 682 499 713 767 908 816 514 802 702 646 693 363 794 770 988 764 818 679 700 764 876 821 821 746 650 638 667 752 596
1363 1112 924 1371 1259 1047 839 784 856 871 828 1088 708 785 1009 1217 1246 1406 1624 1578 1537 1451 1294 1295 1297 1328 1312 1206 994 1184 1255 1175 1045 891 864 875 983 776 735 781 839 768 524 611 775 732 666 480 825 796 741 583 431 678 670 788 583 755 611 596 739 878 830 908 891 724 820 892 892 644
735 782 569 912 709 880 762 645 708 743 652 994 747 484 819 1160 1237 1235 1342 1374 1319 1328 1285 1354 1327 1222 1200 1197 920 832 897 899 822 612 591 681 625 479 537 649 623 673 643 598 670 864 529 475 520 554 604 586 500 730 567 629 365 636 503 524 660 786 562 717 693 585 692 771 623 302
705 755 590 943 801 891 752 673 808 827 661 1070 821 559 867 1238 1318 1294 1394 1417 1374 1379 1329 1404 1394 1289 1327 1375 1085 1013 1097 1050 912 692 657 731 663 514 616 687 764 733 705 702 746 860 655 492 590 676 712 684 502 781 667 789 396 705 614 586 658 825 523 722 679 606 731 679 553 291
673 657 536 817 830 901 719 643 747 719 581 926 739 525 770 1078 1274 1271 1364 1371 1297 1281 1262 1351 1362 1241 1280 1305 1019 913 958 878 701 496 505 523 513 428 481 597 652 637 619 578 618 727 626 378 556 622 592 565 390 653 528 696 308 566 498 540 559 694 480 682 512 472 525 594 555 319
633 548 485 791 898 871 667 650 811 750 570 907 779 650 905 1218 1428 1455 1551 1527 1442 1396 1342 1412 1446 1312 1339 1355 1061 983 1035 917 693 532 569 538 548 494 504 561 750 676 667 615 610 649 736 379 662 766 686 566 391 651 557 762 316 592 557 600 497 658 420 736 454 436 497 551 520 367
632 511 489 744 935 879 654 661 803 732 558 879 767 651 905 1210 1445 1446 1516 1481 1395 1347 1320 1413 1450 1314 1376 1436 1145 1053 1087 926 677 503 527 457 477 450 483 548 744 629 612 604 588 578 789 359 652 766 642 580 378 603 536 806 325 548 549 593 508 658 419 708 408 413 438 467 500 367
725 557 502 793 936 880 621 606 751 677 541 872 718 642 950 1238 1456 1469 1545 1503 1418 1373 1345 1442 1461 1340 1386 1411 1126 1037 1055 884 649 469 471 406 435 415 429 523 669 583 519 518 554 536 726 340 620 704 578 550 335 527 479 737 293 493 485 504 494 666 446 646 440 409 438 481 557 377
697 557 520 785 941 887 642 637 763 684 516 876 747 620 863 1163 1401 1406 1480 1443 1358 1311 1298 1399 1435 1309 1374 1419 1153 1066 1094 917 651 450 455 416 444 405 463 545 692 608 568 567 587 609 745 352 624 704 590 595 353 601 528 794 331 545 514 547 491 651 408 613 394 388 422 455 512 363
768 634 533 778 925 846 615 592 707 645 505 808 678 615 877 1174 1389 1410 1482 1444 1380 1327 1307 1405 1383 1242 1323 1366 1113 1035 1029 883 671 455 419 365 437 391 397 528 629 574 495 491 589 505 656 296 561 660 520 567 368 511 456 734 284 475 446 472 535 643 450 573 425 410 447 478 572 375
762 611 527 747 917 834 608 590 698 628 512 796 686 626 914 1213 1428 1441 1508 1470 1403 1353 1340 1446 1425 1276 1343 1392 1128 1028 1004 841 628 411 371 316 383 352 365 505 610 552 484 489 567 492 664 297 557 640 503 563 379 510 443 725 299 478 439 466 529 650 446 578 417 405 434 470 562 369
766 605 557 757 955 834 600 582 725 637 509 820 709 657 929 1213 1435 1441 1509 1467 1405 1356 1346 1459 1453 1311 1392 1446 1181 1073 1050 855 619 412 376 330 385 352 383 508 642 561 524 531 580 515 699 306 580 660 544 596 371 545 483 769 336 522 483 479 502 650 435 571 408 411 443 433 542 382
772 619 540 772 957 970 666 606 743 661 513 866 739 664 983 1250 1544 1525 1547 1502 1406 1371 1407 1546 1527 1363 1455 1500 1231 1059 1047 866 640 423 403 315 368 399 388 565 618 596 547 499 597 547 745 368 589 702 535 634 403 516 464 763 285 424 457 482 549 675 489 547 411 407 404 482 677 472
766 636 548 804 949 951 636 580 732 653 447 864 714 626 887 1153 1437 1425 1448 1398 1312 1272 1304 1436 1426 1279 1403 1450 1223 1090 1115 939 700 481 461 399 450 440 449 584 638 615 574 510 629 591 726 368 575 713 553 668 383 536 503 797 285 439 478 480 527 635 450 467 387 387 410 442 652 466
821 647 577 792 975 926 638 599 708 631 471 833 716 655 934 1209 1476 1467 1497 1444 1360 1312 1345 1481 1462 1306 1413 1474 1241 1110 1099 901 657 415 367 305 377 373 396 557 613 580 516 506 614 548 726 350 577 673 508 656 413 546 489 803 342 460 453 469 538 651 452 467 377 380 398 439 631 462
960 741 734 917 1168 1064 723 705 877 710 544 976 898 826 1061 1314 1638 1631 1668 1604 1521 1473 1525 1678 1704 1554 1663 1694 1478 1309 1272 989 658 430 408 383 440 451 521 656 747 711 705 655 727 752 903 488 747 804 666 849 477 706 650 973 490 669 639 617 582 762 536 546 454 479 494 499 738 597
854 590 617 847 1039 1055 662 612 774 625 475 959 836 741 1090 1309 1639 1596 1595 1523 1401 1376 1460 1637 1689 1556 1622 1638 1406 1181 1182 879 560 360 367 326 322 384 453 581 630 609 628 568 595 733 877 504 681 717 589 767 412 639 575 862 443 538 547 520 476 700 470 450 383 377 368 436 708 571
861 552 642 796 1059 1080 712 674 814 630 563 979 933 832 1244 1456 1804 1747 1743 1673 1538 1520 1621 1814 1884 1726 1727 1734 1464 1161 1108 765 436 255 278 242 217 330 409 562 627 610 687 628 567 788 955 568 745 711 613 784 491 721 592 866 547 626 587 584 488 758 508 565 406 409 371 498 727 611
871 500 585 770 997 1016 657 625 796 587 594 951 950 924 1473 1682 1983 1962 1966 1886 1745 1726 1789 1965 2023 1853 1747 1681 1390 1057 973 632 344 226 267 235 192 338 345 486 583 598 701 589 498 765 932 607 781 710 635 732 531 697 546 755 551 646 574 563 453 769 522 643 471 432 414 602 783 646
789 405 500 724 864 905 569 545 713 529 561 918 885 857 1482 1695 1915 1889 1894 1814 1677 1670 1710 1874 1942 1801 1645 1570 1277 962 908 576 327 248 296 285 191 313 331 413 529 526 651 551 412 747 869 608 727 640 607 660 500 665 512 665 543 626 542 503 392 734 469 625 482 406 409 579 704 567
706 348 408 663 745 739 504 505 653 544 568 847 840 870 1570 1848 1951 1945 1962 1882 1763 1738 1717 1843 1863 1694 1505 1461 1145 889 851 585 407 327 331 311 229 315 290 352 544 515 611 561 409 622 804 565 694 643 614 584 586 673 497 633 549 620 504 471 390 704 391 643 480 396 460 595 593 495
726 399 441 719 785 693 495 505 699 599 548 864 885 950 1599 1913 1987 2014 2055 1971 1870 1822 1764 1865 1869 1677 1506 1466 1164 956 932 679 486 388 367 379 327 367 334 377 637 608 704 649 510 655 808 564 742 719 713 648 652 785 592 725 600 728 567 511 374 690 330 608 465 404 537 604 550 513
682 407 423 760 725 651 464 473 667 619 506 901 850 864 1505 1855 1867 1870 1907 1830 1745 1707 1641 1738 1738 1570 1441 1444 1157 1001 1035 803 618 489 435 474 391 375 398 402 663 607 675 670 550 678 776 564 690 701 715 674 639 806 638 769 595 724 574 477 376 690 276 515 468 397 571 542 464 431
622 426 343 685 587 479 344 399 532 541 341 710 678 714 1258 1661 1600 1631 1649 1566 1524 1459 1366 1431 1365 1192 1142 1198 1018 984 1056 915 791 631 528 563 544 432 433 377 619 569 586 572 579 549 625 460 544 673 608 655 648 683 575 748 489 611 495 411 426 565 195 341 404 340 560 464 398 345
572 351 182 623 438 498 362 478 407 486 360 599 542 517 1128 1575 1480 1522 1521 1437 1363 1292 1193 1233 1153 1014 908 961 805 852 955 917 857 690 607 555 555 463 433 357 500 463 322 361 448 413 560 438 470 608 397 478 598 448 383 582 332 368 319 386 551 569 260 424 434 291 446 550 445 260
356 291 116 367 239 287 310 336 278 390 320 403 390 371 893 1289 1190 1233 1259 1224 1182 1127 1021 1048 932 747 639 713 504 485 542 593 655 524 458 444 453 318 227 223 346 343 358 324 336 305 301 240 258 399 314 270 558 423 247 357 249 314 201 281 441 390 188 453 338 250 396 506 297 131
654 579 549 615 834 696 723 613 601 804 608 663 587 748 1052 1286 1374 1390 1407 1356 1268 1170 1122 1187 1080 852 935 1145 835 797 878 876 898 713 633 478 621 544 369 544 715 606 651 729 664 312 669 297 552 759 645 442 789 787 570 812 631 456 418 517 556 472 393 645 286 369 426 510 474 604
545 563 486 559 669 772 762 529 524 721 566 689 551 577 911 1097 1264 1240 1243 1232 1112 1068 1085 1183 1087 853 900 1049 706 531 615 654 716 534 504 400 475 439 261 523 526 547 662 627 569 443 522 296 417 572 546 363 696 754 466 603 495 343 301 416 488 433 401 580 273 327 349 562 533 554
328 294 226 442 489 506 504 442 455 648 418 570 493 534 960 1280 1308 1306 1302 1256 1161 1090 1021 1073 986 768 784 959 660 612 751 780 802 651 606 484 526 450 309 378 578 491 544 562 487 285 539 262 407 643 536 330 640 625 433 617 384 314 309 399 408 368 181 507 204 225 330 414 291 341
378 232 203 304 331 260 310 347 223 359 348 340 276 309 747 1039 937 948 970 924 884 826 745 794 731 614 555 710 494 511 577 554 610 509 456 397 407 255 223 189 333 195 254 348 239 192 343 165 226 327 251 179 473 394 235 390 384 285 195 262 395 325 212 487 262 211 272 330 188 136
582 380 237 342 344 213 229 290 148 195 262 122 102 278 585 779 692 857 931 861 847 746 604 586 503 431 311 287 213 336 365 418 544 555 583 537 653 445 246 148 204 182 235 119 163 158 136 99 208 306 170 65 370 167 68 145 247 220 121 237 421 198 358 547 358 244 290 515 457 271
635 338 364 409 412 258 181 196 123 83 178 208 88 212 443 488 446 576 661 582 557 492 408 437 485 520 393 322 283 353 419 314 346 422 522 582 591 361 299 119 143 89 301 164 64 394 158 158 209 172 191 106 190 268 154 149 399 342 200 197 218 135 329 421 308 189 204 361 403 298
485 241 230 388 394 400 180 198 164 139 89 325 159 149 468 619 676 690 680 600 542 508 509 609 632 617 623 658 583 571 667 521 457 408 446 423 401 272 285 178 173 102 197 123 126 322 298 169 161 245 131 244 145 162 144 300 202 137 159 143 256 211 230 200 196 105 101 175 360 199
403 254 154 332 219 247 207 224 127 155 158 248 176 153 490 718 673 762 821 774 729 675 593 617 602 537 407 384 282 308 389 387 422 388 433 482 478 286 230 127 151 165 278 155 130 376 138 154 155 194 164 122 282 290 129 157 222 257 121 195 270 187 190 359 252 134 211 404 300 128
468 353 214 533 296 447 311 199 188 372 237 514 216 236 759 977 903 886 855 799 726 709 671 750 671 603 599 684 508 498 688 692 789 692 645 598 549 409 320 306 279 252 275 258 299 325 284 273 173 346 283 258 398 332 262 342 263 110 152 111 360 320 260 229 332 207 298 357 414 271
347 218 184 371 281 262 219 153 147 253 163 322 129 180 493 645 601 665 720 668 608 557 468 498 500 455 393 419 258 297 460 449 505 495 547 558 537 338 248 152 236 174 334 253 152 310 170 114 160 254 278 74 248 359 207 220 276 220 145 151 153 109 135 325 177 98 180 282 220 187
375 389 175 447 225 400 353 336 199 365 165 382 243 135 445 764 719 746 730 692 638 588 542 580 491 378 397 502 427 492 678 782 854 704 674 671 689 474 420 354 316 348 366 280 392 436 243 255 160 380 252 319 484 400 284 398 222 189 176 272 478 267 207 242 265 181 297 425 366 196
637 298 316 419 441 422 231 261 175 77 173 294 213 243 565 658 722 807 847 762 693 646 628 706 764 763 626 541 486 453 484 323 264 284 384 416 406 286 263 147 113 114 268 118 64 457 278 239 257 198 141 204 188 237 131 192 327 283 180 218 254 232 335 365 281 154 131 373 490 312
438 263 227 358 407 440 322 260 207 234 225 348 214 205 519 676 780 819 862 817 730 686 668 745 749 667 613 629 435 372 430 363 337 262 310 278 298 204 139 173 172 154 244 176 130 291 243 97 187 220 164 103 200 273 116 222 200 157 90 170 228 208 229 367 163 99 92 308 334 205
486 237 287 286 409 353 296 349 204 152 242 284 303 251 553 750 808 846 892 840 779 729 723 808 844 764 649 681 546 474 458 312 231 156 195 231 233 117 169 129 166 122 277 246 115 410 316 176 236 168 134 209 300 380 173 297 390 365 183 278 282 267 230 411 183 131 121 315 271 169
396 183 234 274 371 310 206 222 232 156 205 346 305 263 631 826 878 884 921 875 831 810 795 896 925 845 763 790 610 485 478 302 221 174 208 249 194 92 138 94 183 113 310 244 104 373 304 153 199 182 196 226 216 322 170 277 286 336 213 199 201 271 186 366 206 152 169 231 233 108
