73048 46848 45467 44442 40443 36372 36072 35740 35378 34840 32429 32398 32384 32769 32831 33241 33336 33610 33768 33897 34033 34168 34168 34319 34503 34584 35037 35428 35806 36091 36476 36823 37257 37670 38248 38792 39269 39809 40037 40422 41050 41738 42031 42704 43265 43529 44085 44368 44661 44915 45188 45601 45853 46241 46746 47026 47429 47953 48663 49035 49286 49700 49991 50267 50612 51156 51766 52346 53014 53644
72456 46670 45235 44166 40230 36190 35913 35514 35142 34644 32195 32159 32253 32428 32784 32919 33096 33280 33521 33665 33776 33776 33970 34133 34205 34522 34913 35266 35580 35894 36289 36691 37106 37628 38131 38644 39063 39464 39885 40393 40933 41544 41905 42471 43126 43442 43972 44354 44716 44956 45365 45814 46085 46370 46574 46809 47252 47625 48168 48630 49108 49340 49630 49941 50481 51023 51442 52307 52547 53337
71663 46350 44832 43873 39911 35915 35680 35318 34911 34397 31896 31866 31917 32230 32330 32661 32710 32933 33248 33453 33451 33639 33783 33816 34135 34422 34790 35089 35447 35792 36217 36631 37089 37529 38043 38535 38945 39433 39802 40291 40824 41512 42016 42684 43496 43910 44623 45056 45492 45632 45835 46211 45991 46167 46290 46686 47040 47358 47909 48436 48767 49133 49298 49952 50354 50779 51417 51916 52459 53146
70885 46058 44456 43663 39628 35542 35355 35072 34681 34232 31555 31646 31844 31996 32260 32392 32444 32779 33140 33068 33267 33378 33398 33688 33957 34194 34542 34914 35316 35713 36190 36644 37094 37593 38146 38739 39302 39978 40537 41025 41807 42671 43257 43820 44330 44485 44779 45058 45303 45403 45609 45657 45763 45974 46266 46561 46751 47016 47624 48101 48508 48856 49325 49812 50190 50624 51097 51763 52228 52924
70285 45744 44142 43400 39411 35318 35207 34948 34480 33971 31330 31380 31429 31748 31900 32069 32337 32741 32783 32960 33010 33029 33395 33783 34130 34410 34825 35276 35803 36319 36899 37361 37940 38502 39138 39801 40395 41143 41750 42311 43003 43866 44515 45461 46385 46929 47773 48186 47914 45458 45504 45848 45916 45996 46309 46354 46583 47068 47981 48322 49059 49469 49622 49769 50464 51176 52076 52770 52859 53618
69639 45549 43814 43059 39139 35023 34925 34695 34220 33772 31005 31129 31443 31665 31754 32100 32267 32286 32598 32708 32719 33060 33456 33704 33972 34229 34698 35228 35802 36317 36824 37398 38090 38844 39643 40449 41215 42077 42884 43826 44735 45960 47009 48288 49416 49312 49672 49624 47628 45080 45275 45675 45531 45733 45761 45842 46238 46773 47261 48223 48726 48866 48923 49631 50408 51135 51713 51977 52434 53152
68826 45248 43336 42648 38616 34424 34487 34287 33878 33485 30633 30820 31003 31163 31495 31768 31848 32208 32528 32439 32700 33004 33205 33396 33643 33952 34523 35126 35681 36118 36704 37329 38126 38924 39859 40782 41666 42655 43661 44423 44944 46067 46973 48098 48685 48639 49172 49499 47193 44712 44910 45146 45049 45168 45252 45520 45869 46078 47103 47833 48147 48302 48796 49600 50310 50716 51025 51792 52153 53169
67763 44761 42680 41919 37882 33816 33926 33726 33373 32980 30186 30213 30323 30689 30953 31072 31468 31833 31903 32289 32555 32620 32692 32813 33094 33472 34032 34569 35071 35540 36150 36903 37643 38506 39421 40364 41294 42258 42981 43553 44440 45817 46504 47236 47737 47943 48955 48819 46654 44132 44237 44415 44325 44359 44544 44826 44950 45653 46424 46983 47314 47905 48581 49230 49601 49904 50521 51284 51902 52901
66922 44443 42265 41383 37350 33391 33484 33303 32918 32573 29795 29861 29995 30316 30505 30908 31282 31347 31810 32116 32303 32152 32215 32376 32668 32995 33474 33945 34461 34966 35749 36464 37299 38116 39058 40049 40893 41712 42331 43202 44488 45645 45948 46571 47196 47953 48925 48058 46137 43643 43692 43857 43781 43859 44111 44164 44844 45288 45926 46519 47205 47972 48576 48868 49164 49789 50418 51410 51971 52761
66091 44098 41816 40794 36780 32992 33148 32870 32388 32071 29317 29406 29638 29827 30303 30732 30751 31189 31676 31995 32171 31826 31895 32079 32324 32604 32996 33476 34020 34705 35417 36221 36979 37798 38756 39637 40323 41074 41995 43160 44156 44990 45259 46111 47215 48001 48575 47339 45642 43160 43175 43412 43246 43321 43359 43917 44340 44719 45445 46346 47207 47754 48027 48336 48948 49630 50349 51223 51648 52413
64804 43463 41132 40161 36043 32488 32699 32341 31860 31551 28839 28948 29075 29467 29968 30016 30401 30926 31353 31729 31865 31489 31518 31609 31766 31949 32319 32824 33576 34209 35003 35767 36483 37276 38164 38997 39731 40575 41648 42677 43326 44206 44712 46054 47132 47471 47986 46530 44949 42569 42494 42758 42567 42624 42951 43363 43724 44198 45115 46151 46702 47206 47349 48085 48622 49424 49991 50726 51230 52069
63128 42594 40086 39142 35000 31703 31674 31423 31026 30759 28090 28214 28414 28924 28925 29296 29625 30073 30578 30984 31004 30764 30700 30621 30667 30780 31159 31852 32575 33269 34048 34758 35500 36209 37063 37959 38750 39731 40753 41528 42251 43455 44215 45476 46201 46383 46892 45384 43914 41522 41393 41542 41444 41806 41902 42281 42787 43259 44289 45075 45625 46085 46683 47238 47930 48544 48998 49804 50306 51325
61743 41924 39202 38356 34199 31031 31014 30697 30361 30107 27549 27624 27778 27895 28226 28688 29037 29547 30061 30462 30160 29988 29984 29987 30002 30134 30722 31381 32069 32749 33497 34210 34930 35659 36520 37414 38248 39291 40173 40926 41963 43123 43987 44884 45609 45868 46038 44663 43147 40873 40717 40803 40881 41035 41316 41693 42266 42859 43681 44388 44979 45549 46192 46870 47411 47928 48527 49309 49946 50774
60931 41531 38738 37967 33801 30645 30697 30389 29949 29706 27122 27244 27331 27716 28365 28972 29535 30193 30744 30304 29788 29623 29657 29663 29733 30232 30945 31746 32598 33401 34321 35216 36134 37059 38114 39217 40289 41560 42681 43685 44949 46407 47398 48574 49577 45456 45682 44161 42702 40544 40389 40589 40649 40901 41218 41680 42357 43234 44376 45240 45872 46687 47474 48335 49126 49912 50787 51846 52704 53898
60077 41110 38261 37505 33351 30264 30377 29944 29481 29261 26702 26779 26935 27747 28316 28905 29433 30074 30152 29766 29322 29183 29185 29239 29687 30377 31075 31827 32567 33412 34680 35930 37212 38524 39986 41493 42978 44637 46140 47501 49035 50703 51736 53095 51315 44871 45050 43572 42121 40112 40018 40202 40312 40630 41029 41576 42396 43218 44232 45061 45869 46835 47815 48742 49660 50630 51530 52508 52872 53458
58951 40501 37597 36771 32651 29773 29846 29278 28764 28554 26109 26241 26670 27349 27957 28505 29058 29203 29234 28967 28633 28536 28584 28988 29587 30088 30704 31359 32214 33383 34654 35927 37207 38558 40069 41641 43090 44645 46210 47701 49299 51086 52278 53085 50190 44098 44269 42712 41330 39481 39470 39686 39869 40193 40690 41391 42207 42930 43898 44901 45985 47054 48119 49149 50104 50872 51304 51927 52110 52464
57686 39830 36865 36093 31927 29266 29295 28668 28156 27932 25642 25879 26248 26884 27506 28143 28252 28424 28336 28163 27961 28052 28467 28992 29370 29766 30269 31048 32289 33495 34930 36397 37897 39480 41206 43004 44689 46438 48289 50133 51930 54025 51592 52036 49009 43323 43549 41947 40576 38942 38959 39293 39363 39871 40447 41137 41922 42581 43663 45093 46478 47676 48546 49253 49801 50374 50663 51199 51142 51589
56047 38911 35808 35083 30862 28495 28545 27755 27334 27080 25002 25108 25482 26132 26767 26975 27183 27176 27196 27166 27355 27792 28294 28574 28870 29167 29795 30962 32171 33527 35014 36568 38112 39826 41621 43526 45364 47188 49112 50895 52480 54434 50062 50440 47412 42237 42430 41105 39672 38178 38241 38508 38639 39244 39830 40443 41126 41860 43341 44911 46203 47090 47792 48383 48800 49271 49429 49928 49826 50741
54580 38008 34833 34121 29866 27747 27756 26906 26560 26253 24432 24272 24625 25276 25588 25890 25977 26085 26149 26500 27015 27543 27833 28020 28226 28639 29644 30780 32122 33467 34975 36483 38078 39743 41536 43536 45293 47076 48911 50396 52058 54115 48324 48792 45713 41104 41353 40189 38758 37467 37530 37788 37996 38570 39088 39583 40368 41508 43166 44649 45617 46260 46891 47329 47674 48043 48180 48508 48969 50120
53370 37272 33970 33176 28909 26926 26958 26023 25751 25455 23834 23430 23717 24110 24559 24745 25006 25108 25518 26113 26655 26978 27219 27306 27625 28382 29396 30692 32005 33353 34826 36335 37924 39618 41466 43367 45019 46800 48387 49901 51595 53161 46358 46748 43677 39788 39958 39179 37835 36714 36731 37084 37192 37638 38176 38667 39832 41062 42705 43963 44751 45185 45737 46012 46358 46635 46737 47599 48188 49308
52396 36710 33337 32434 28083 26233 26340 25328 24966 24744 23196 22705 22905 23284 23784 24189 24410 24721 25350 25981 26342 26668 26770 26914 27488 28223 29450 30812 32168 33514 34983 36482 38064 39627 41356 43204 44836 46469 48050 49505 50738 52388 44463 44695 41876 38468 38696 38069 36983 36047 36098 36412 36455 36810 37378 38212 39526 40822 42293 43356 43870 44132 44537 44952 45217 45500 46069 46964 47629 48493
51580 36264 32842 31751 27340 25595 25745 24713 24262 24145 22588 22046 22325 22740 23453 23737 24155 24680 25328 25785 26128 26226 26297 26655 27220 28172 29455 30826 32213 33637 35226 36781 37939 39528 41242 43072 44578 46206 47687 48710 50034 51707 42666 42435 40030 37062 37095 36901 36202 35343 35332 35603 35698 36030 36923 37954 39262 40377 41654 42513 42844 43060 43527 43817 44131 44801 45467 46410 46829 47876
50761 35657 32327 31039 26563 24951 25121 24067 23453 23403 21898 21328 21570 22155 22866 23339 24011 24577 25005 25429 25557 25662 25973 26330 27100 28124 29365 30737 32148 33605 35115 36217 37643 39198 40862 42583 44096 45634 46718 47642 49038 50257 40699 40165 38250 35623 35538 35555 35253 34624 34586 34829 34912 35533 36615 37643 38800 39823 40943 41572 41760 41982 42368 42768 43442 44293 44917 45568 46210 46881
50000 35016 31821 30350 25850 24345 24495 23435 22604 22617 21171 20580 20927 21555 22469 23193 23832 24190 24576 24759 24899 25267 25627 26241 27087 28069 29283 30657 32082 33456 34528 35917 37320 38807 40353 42061 43423 44634 45729 46555 47568 48374 38760 38058 36636 34304 34157 34298 34244 33916 33953 34101 34515 35324 36385 37278 38373 39267 40188 40632 40769 40868 41407 42193 43080 43870 44190 44981 45294 45834
49256 34347 31310 29662 25165 23792 23963 22867 21816 21841 20520 19890 20223 21034 22203 22929 23403 23728 23887 24076 24453 24884 25534 26324 27231 28267 29540 30921 31987 32908 34256 35640 36937 38338 39869 41416 42511 43689 44673 45106 45770 46417 36952 36136 35165 33141 32977 33289 33428 33310 33380 33789 34382 35149 36067 36932 37945 38683 39405 39726 39773 39986 40948 41919 42698 43270 43678 44189 44370 44953
48556 33674 30788 28980 24510 23231 23335 22312 21001 21079 19830 19200 19648 20722 21908 22493 22877 22948 23111 23522 23952 24681 25579 26453 27400 28454 29486 30490 31363 32553 33909 35203 36416 37803 39185 40458 41513 42617 43245 43261 43859 44592 35241 34375 33773 32055 31897 32408 32688 32697 33127 33661 34268 34894 35739 36575 37488 38035 38636 38812 38976 39611 40779 41638 42203 42867 43010 43341 43602 44065
47654 32802 30142 28256 23798 22595 22613 21706 20180 20315 19180 18549 19071 20212 21259 21761 21996 22134 22420 22761 23476 24518 25631 26558 27491 28199 29031 29821 30930 32125 33413 34653 35859 37129 38249 39486 40497 41191 41568 41426 42161 42971 33606 32781 32503 31134 31038 31597 32128 32463 33118 33633 34062 34700 35537 36301 37066 37513 37909 38150 38719 39529 40706 41303 41907 42447 42358 42732 42889 43244
46665 31828 29325 27456 23005 21869 21849 21011 19280 19488 18438 17761 18273 19278 20165 20626 20877 21162 21507 22192 23204 24474 25606 26527 27192 27860 28492 29501 30597 31725 32939 34172 35243 36274 37353 38490 39142 39594 39592 39693 40534 41122 31998 31315 31233 30324 30297 30918 31891 32399 33152 33401 33749 34460 35167 35812 36483 36782 37253 37766 38574 39432 40245 40933 41332 41664 41585 41954 41984 42652
45498 30640 28237 26424 22032 20942 20955 20111 18227 18436 17513 16644 17085 18022 18693 19180 19528 19992 20839 21864 23039 24237 25333 26077 26823 27388 28264 29246 30288 31339 32527 33624 34473 35505 36504 37150 37554 37647 37872 38030 38635 39135 30308 29901 29980 29566 29715 30580 31712 32292 32824 32944 33373 34039 34598 35201 35592 36050 36788 37474 38380 38971 39702 40190 40378 40539 40558 40909 41240 41958
44333 29560 27248 25572 21257 20183 20269 19411 17434 17648 16799 15791 16157 16888 17499 18042 18478 19440 20566 21736 22875 24017 24934 25760 26416 27215 28095 29027 30030 31069 32161 33068 33943 34910 35484 35925 36023 36270 36524 36592 37206 37360 29122 28946 29062 29192 29558 30632 31729 32007 32477 32707 33219 33800 34203 34642 35222 35877 36698 37463 38095 38761 39269 39581 39506 39708 39772 40343 40809 41418
42881 28307 26105 24631 20429 19440 19586 18664 16612 16752 16034 14935 15123 15745 16363 16965 17739 18942 20178 21385 22574 23564 24552 25278 26137 26920 27727 28606 29625 30581 31505 32475 33275 33781 34176 34396 34690 34888 35075 35213 35760 35579 28116 28147 28637 29000 29509 30516 31272 31536 32129 32451 32959 33371 33477 34170 35046 35704 36558 37017 37665 38190 38546 38547 38556 38839 39020 39651 40103 40817
41543 27303 25153 23856 19795 18861 19056 18062 15987 16077 15434 14327 14388 15061 15662 16522 17445 18719 19938 21183 22251 23280 24135 25032 25846 26508 27295 28206 29185 29987 31020 31911 32313 32637 32860 33308 33536 33678 33943 34181 34623 34238 27494 27799 28497 28906 29479 30235 30820 31221 31844 32249 32701 32813 33143 34191 35252 35592 36100 36669 37179 37661 37747 37719 37858 38159 38501 39030 39583 40270
39889 26158 24035 22922 19044 18159 18346 17282 15346 15419 14801 13703 13776 14501 15213 16092 17029 18317 19486 20603 21765 22616 23616 24434 25132 25752 26616 27502 28383 29303 30298 30789 31064 31240 31736 32181 32392 32505 32845 33233 33481 33059 26948 27356 28125 28466 29082 29697 30224 30648 31262 31713 31932 32304 32940 34185 35202 34695 35244 35803 36267 36652 36779 36674 36856 37210 37548 38122 38612 39338
38384 25169 23022 22041 18360 17523 17707 16572 14776 14869 14240 13169 13283 14097 14833 15751 16719 17910 18975 20207 21171 22164 23074 23751 24409 25100 25963 26763 27764 28638 29226 29568 29689 30156 30638 31070 31277 31468 31921 32161 32380 31939 26464 26914 27665 28020 28589 29195 29702 30072 30733 30967 31412 32036 32901 34073 34622 33754 34313 34845 35275 35663 35734 35620 35856 36235 36620 37178 37646 38614
36695 24001 21877 21019 17548 16773 16937 15744 14134 14241 13618 12570 12735 13577 14335 15247 16179 17299 18433 19436 20536 21433 22214 22843 23594 24296 25084 26004 26968 27431 27873 28072 28472 28953 29432 29874 30209 30451 30730 31014 31337 30779 25931 26338 27103 27410 27982 28580 29015 29392 29859 30322 31032 31879 32683 33401 33516 32709 33214 33729 34159 34510 34597 34487 34727 35172 35548 36092 36789 37331
34975 22792 20734 20006 16712 15999 16144 14934 13494 13613 13003 12005 12181 13024 13819 14698 15643 16840 17709 18795 19776 20556 21305 22021 22780 23407 24319 25204 25750 26070 26370 26861 27263 27752 28256 28823 29234 29290 29584 30010 30136 29672 25436 25852 26545 26887 27353 27895 28382 28527 29257 29991 30942 31737 32112 32416 32574 31789 32250 32749 33138 33492 33691 33504 33783 34252 34627 35398 35689 36317
33327 21641 19669 18991 15890 15278 15412 14167 12881 13002 12439 11461 11687 12581 13348 14217 15324 16279 17248 18189 19007 19737 20567 21290 21984 22739 23609 24074 24474 24647 25229 25718 26128 26653 27281 27877 28078 28173 28639 28883 28951 28613 24962 25381 26089 26344 26768 27399 27606 28024 29030 30025 30900 31209 31257 31577 31667 30936 31384 31874 32281 32672 32702 32653 32978 33463 34053 34463 34810 35430
31612 20437 18576 17960 15018 14513 14617 13377 12255 12401 11876 10925 11187 12034 12826 13858 14790 15851 16636 17386 18155 18980 19827 20467 21275 21980 22427 22750 22997 23452 24030 24530 24966 25617 26276 26681 26943 27175 27431 27713 27661 27501 24428 24884 25507 25731 26232 26591 27103 27776 29054 29940 30788 30344 30420 30669 30703 30088 30506 31020 31458 31680 31819 31865 32183 32911 33148 33619 33958 34525
29732 19121 17345 16762 13982 13645 13734 12476 11525 11670 11225 10263 10537 11393 12317 13188 14277 15165 15813 16540 17379 18207 18952 19702 20475 20772 21076 21243 21774 22224 22796 23319 23869 24563 25038 25472 25912 25894 26162 26351 26421 26349 23833 24242 24830 25136 25422 26074 26790 27710 28869 29754 29973 29385 29424 29611 29697 29138 29559 30094 30411 30714 30951 30972 31507 31931 32181 32736 32995 33803
27811 17727 16102 15576 12953 12749 12823 11558 10795 10906 10580 9615 9852 10870 11650 12644 13594 14380 14927 15655 16502 17248 18149 18877 19243 19394 19543 19996 20514 20961 21571 22216 22820 23337 23836 24467 24793 24628 24830 25118 25221 25198 23192 23573 24235 24342 24874 25722 26719 27542 28693 29197 28951 28438 28427 28655 28787 28220 28659 29094 29442 29833 30087 30316 30561 30968 31343 31754 32272 33056
26206 16610 15077 14671 12174 12027 12102 10820 10236 10375 10068 9143 9453 10331 11223 12145 12900 13549 14149 14917 15697 16620 17501 17840 18063 18077 18540 18987 19493 19989 20725 21404 21843 22380 23059 23572 23584 23587 23829 24079 24201 24415 22725 23058 23610 23929 24670 25791 26831 27670 28274 28348 28085 27583 27584 27844 27918 27395 27786 28213 28663 29119 29612 29489 29701 30189 30459 31110 31583 32094
24465 15377 13956 13689 11291 11244 11310 10053 9613 9721 9505 8623 8845 9770 10652 11411 12071 12748 13372 14077 15041 15967 16463 16642 16705 17017 17448 17878 18423 19044 19803 20335 20762 21464 22031 22255 22464 22461 22659 22941 23367 23333 22194 22481 23184 23764 24698 26003 26952 27074 27466 27426 27208 26725 26737 26961 27042 26622 26972 27454 27970 28629 28923 28685 28942 29408 29858 30481 30732 31371
22753 14109 12830 12666 10362 10322 10395 9221 8876 8970 8779 8051 8278 9225 9962 10598 11313 11997 12514 13289 14188 14711 15064 15094 15465 15743 16204 16690 17368 18026 18675 19204 19836 20453 20774 21148 21324 21389 21615 22214 22763 22426 21768 22063 22994 23773 24705 25802 26238 26131 26508 26427 26266 25933 25969 26246 26529 25975 26375 26935 27650 28117 28242 28082 28355 28925 29476 29782 30194 30777
21194 12924 11799 11729 9546 9472 9537 8447 8199 8279 8118 7556 7729 8548 9186 9877 10573 11133 11687 12385 12891 13295 13533 13876 14215 14518 15040 15659 16365 16903 17553 18277 18825 19201 19642 20012 20245 20348 20924 21564 21585 21475 21318 21827 23131 23761 24486 25094 25326 25221 25590 25476 25350 25131 25228 25672 25777 25287 25810 26585 27096 27351 27441 27427 27830 28492 28741 29165 29494 30200
19476 11714 10624 10633 8620 8566 8778 7559 7437 7459 7381 6981 7044 7764 8372 9076 9553 10082 10620 11000 11415 11722 12273 12575 12931 13274 13932 14575 15170 15707 16557 17181 17507 18001 18436 18877 19150 19588 20231 20454 20605 20910 20945 21840 22853 23373 23760 24178 24259 24162 24467 24381 24308 24161 24420 24737 24655 24410 25141 25722 26101 26271 26548 26626 27129 27525 27831 28224 28627 29330
17993 10751 9637 9563 7800 7898 7957 6777 6702 6687 6721 6477 6530 7227 7886 8352 8751 9171 9412 9719 10020 10630 11121 11412 11761 12179 12837 13369 13965 14689 15446 15830 16301 16762 17258 17724 18232 18833 19198 19510 20100 20602 20912 21619 22455 22642 22857 23298 23653 23134 23378 23410 23339 23328 23573 23538 23596 23744 24320 24840 25166 25369 25859 25979 26321 26782 27028 27472 27849 28486
17153 10290 9125 8989 7401 7493 7502 6377 6298 6351 6309 6224 6398 7184 7647 8104 8451 8579 8788 8899 9428 9988 10497 10820 11254 11701 12292 12867 13613 14267 14773 15251 15734 16262 16736 17372 17927 18399 18840 19430 20059 20621 20956 21486 22263 22092 22460 23103 23364 22578 22831 22846 22840 22869 22921 22886 23202 23282 23886 24379 24751 25042 25490 25551 26043 26295 26719 27126 27426 28119
16219 9691 8589 8498 7009 7104 7152 6013 5979 6080 5996 5982 6230 6840 7280 7665 7846 8115 8098 8390 8855 9418 9969 10420 10930 11376 11997 12712 13376 13789 14370 14884 15407 15927 16581 17225 17693 18174 18817 19440 20150 20906 21225 21534 21767 21958 22458 23095 22831 22201 22426 22534 22489 22530 22476 22772 22904 23164 23699 24187 24576 24934 25219 25502 25706 26123 26520 26893 27286 27926
15471 9197 8243 8291 6751 6771 6965 5808 5860 5940 5855 5830 5973 6524 7029 7197 7568 7669 7797 8068 8582 9129 9717 10200 10659 11111 11808 12439 12867 13338 13920 14480 14948 15584 16226 16828 17284 17901 18564 19092 19822 20572 20822 20958 21633 22046 22615 23191 22300 21979 22185 22211 22384 22237 22444 22596 22835 23116 23645 24179 24517 24871 25234 25340 25721 26059 26445 26890 27307 27922
14744 8711 7914 7871 6449 6527 6664 5602 5636 5699 5596 5640 5931 6838 6795 7072 7201 7386 7525 7881 8349 8862 9410 9817 10282 10791 11398 11794 12322 12789 13424 13946 14530 15148 15781 16339 16888 17585 18263 18801 19624 20354 20320 21156 22193 22244 22440 22667 21879 21617 21820 22010 22066 22112 22214 22508 22789 23062 23663 24393 24931 25042 25116 25368 25828 26405 26928 27283 27810 28401
14224 8349 7593 7444 6152 6212 6249 5243 5286 5279 5301 5463 5742 5922 6277 6396 6602 6828 7164 7487 7886 8399 8943 9417 9964 10402 10765 11230 11695 12186 12771 13354 13955 14576 15093 15654 16211 17065 17791 18270 19006 19563 20230 21154 22014 21785 21984 21871 21240 21304 21628 21640 21665 21678 21980 22219 22471 22767 23685 24387 24679 24552 24940 25209 25829 26304 26650 27300 27463 28131
13819 8205 7385 7086 5920 6009 5962 5122 5059 5060 5206 5365 5476 5865 6111 6489 6785 7019 7233 7581 8136 8803 9292 9620 9847 9995 10466 10934 11450 11913 12537 13110 13695 14185 14701 15356 16075 16914 17550 18053 18570 19515 20203 21121 21685 21288 21603 21309 21042 21152 21290 21401 21368 21388 21701 21827 22191 22849 23612 24107 24142 24259 24686 25181 25771 26092 26650 26964 27340 28213
13303 7858 7098 6571 5576 5535 5504 4739 4771 4876 4932 5018 5236 5717 6072 6222 6568 6905 7195 7555 8048 8395 8778 8967 9201 9532 10066 10600 11122 11627 12259 12794 13309 13868 14485 15222 15896 16651 17296 17626 18360 19235 19840 20397 20720 20522 20673 20702 20716 20682 20754 20815 20847 20944 21275 21464 21873 22269 22938 23376 23574 23876 24437 24765 25278 25576 25991 26497 26942 27705
12738 7542 6886 6252 5406 5360 5332 4607 4688 4794 4828 4951 5242 5717 5922 6314 6673 7035 7357 7572 7838 8216 8532 8747 9089 9450 9955 10450 10976 11500 12095 12615 13151 13736 14426 15193 15800 16525 17072 17554 18518 19316 19619 20071 20234 20172 20259 20525 20711 20482 20590 20662 20744 20852 21138 21404 21780 22127 22702 23140 23454 23796 24327 24713 25104 25464 25837 26366 26842 27517
12196 7168 6659 6039 5274 5182 5167 4539 4589 4687 4773 4867 5120 5390 5975 6401 6813 7120 7167 7300 7634 7987 8355 8698 9062 9408 9858 10351 10871 11363 11931 12494 13016 13656 14365 15094 15705 16315 16970 17645 18327 18961 19448 19712 20034 19949 20058 20419 20735 20373 20553 20639 20703 20910 21127 21512 21910 22325 22863 23335 23778 24233 24444 24916 25184 25634 26043 26621 26925 27433
11395 6669 6262 5775 5000 4947 4971 4441 4438 4605 4585 4588 4828 5361 5865 6367 6637 6756 6931 7282 7679 8150 8639 9052 9327 9508 9871 10385 10968 11516 12185 12812 13381 13958 14575 15239 15763 16333 16962 17393 17968 18825 19166 19564 19867 19742 20259 20525 20831 20257 20407 20536 20690 20882 21154 21620 22056 22475 23127 23560 23813 24016 24391 24794 25145 25577 25902 26400 26778 27515
10848 6397 6039 5548 4834 4815 4893 4322 4454 4540 4519 4447 4612 5169 5746 6073 6200 6433 6806 7200 7652 8157 8651 8876 9070 9294 9769 10308 10866 11418 12060 12626 13111 13687 14281 14919 15462 16095 16563 16896 17657 18505 18713 19057 19396 19741 20088 20495 20594 20129 20273 20475 20506 20682 21101 21431 21854 22217 22796 23188 23438 23754 24195 24506 24879 25261 25556 26151 26533 27206
10433 6137 5921 5340 4704 4723 4735 4275 4326 4373 4338 4315 4606 5266 5673 5834 6074 6475 6833 7204 7711 8164 8447 8586 8800 9129 9639 10167 10735 11275 11873 12378 12847 13393 13977 14631 15219 15789 16192 16619 17471 18171 18419 18805 19438 19650 19883 20266 20274 19978 20264 20319 20497 20702 21022 21362 21755 22132 22701 23084 23394 23684 24101 24455 24822 25183 25565 26051 26462 27131
10078 5865 5740 5152 4593 4509 4511 4177 4105 4154 4101 4223 4495 4981 5285 5609 5971 6346 6717 7110 7473 7770 8038 8267 8628 9007 9521 10051 10584 11072 11624 12110 12590 13144 13744 14391 14866 15438 15973 16380 17112 17830 18260 18910 19424 19544 19667 19877 19828 19955 20173 20376 20521 20749 21150 21549 22064 22483 23270 23904 24097 24289 24882 25054 25606 26092 26469 27182 27647 28262
9360 5491 5460 4860 4416 4403 4519 4062 3978 4013 4110 4223 4435 4800 5161 5533 5869 6275 6626 6936 7240 7557 7915 8254 8627 8980 9462 9949 10453 10908 11443 11946 12440 12991 13590 14201 14708 15252 15798 16346 17028 17805 18272 18885 19490 19272 19482 19596 19793 19931 20224 20523 20704 20934 21226 21597 22023 22501 23229 23579 23775 24212 24567 25080 25523 25952 26418 27009 27349 28050
8696 5206 5193 4647 4245 4366 4442 3989 3915 4017 4055 4143 4407 4815 5352 5926 6346 6862 7049 7638 8259 8724 9055 9078 9489 10014 10712 11412 12019 12479 13224 13865 14529 15218 15863 16296 16631 16811 17124 17556 18225 18731 18774 18929 19013 19014 19304 19775 20147 20385 20921 21152 21373 21595 21847 22161 22522 22483 22914 23247 23727 24115 24615 25024 25419 25827 26255 26780 27246 27767
7802 4618 4637 4262 3919 4081 4136 3829 3707 3784 3830 3835 4160 4704 5356 6033 6373 6493 7014 7508 7929 8301 8500 8929 9600 10161 10760 11301 11771 12422 13127 13841 14476 15096 15535 16036 16175 16438 16977 17416 18014 18226 18516 18488 18843 19282 19761 20539 20837 20959 21352 21384 21648 21844 21769 22182 22276 22447 22786 23501 24219 24846 25261 25674 25879 26421 26747 27333 27931 28510
6571 3818 3862 3712 3375 3439 3511 3488 3375 3450 3418 3491 3950 4587 5360 5841 5820 6273 6598 6882 7255 7465 8034 8668 9224 9585 10129 10593 11286 11893 12696 13399 13975 14375 14937 15326 15594 15972 16475 16989 17337 17918 17827 18014 18883 19137 19781 20206 20584 20445 20796 21135 21489 21426 21551 21794 22229 22171 22996 23545 24225 24706 25170 25366 25912 26150 26906 27524 28120 28818
5576 3233 3205 3152 2902 2880 3209 3104 3066 3183 3099 3379 3668 4563 5011 5027 5393 5766 6024 6334 6487 6964 7662 8196 8617 8976 9444 10097 10764 11437 12208 12819 13188 13746 14189 14565 14940 15369 15934 16217 16878 17651 17244 17861 18690 19056 19499 19973 20245 19947 20538 20916 20935 21135 21115 21736 21692 22155 22674 23439 24058 24699 24870 25262 25467 26158 26789 27539 27996 28715
4652 2664 2837 2696 2472 2703 2875 2743 2776 2832 3023 3078 3502 4047 4097 4495 4854 5235 5559 5702 6161 6806 7385 7783 8169 8487 9083 9683 10385 11031 11675 12079 12557 12954 13335 13793 14221 14748 15049 15537 16308 16539 17024 17753 18648 18887 19291 19800 19581 20060 20435 20475 20643 20695 21103 21136 21603 21869 22744 23372 24050 24395 24736 24887 25694 26122 26756 27413 27840 28524
3969 2269 2296 2061 2133 2345 2390 2489 2409 2597 2599 2932 3277 3481 3803 4262 4510 4766 4980 5337 5809 6302 6815 7218 7651 8082 8751 9440 10133 10642 11121 11591 12000 12431 12910 13366 13803 14197 14841 15456 15791 16508 17150 17636 18445 18571 19236 19178 19558 19579 19979 20111 20237 20465 20469 20956 21296 21770 22469 23256 23873 24078 24326 24928 25422 25938 26629 27215 27616 28440
2808 1634 1604 1604 1757 1907 2122 2213 2323 2383 2513 2573 2675 3083 3452 3772 4095 4472 4846 5261 5712 6145 6582 6995 7493 8039 8764 9484 9997 10393 10889 11304 11703 12174 12665 13198 13613 14092 14581 14997 15524 16347 16728 17448 18192 18554 18875 19132 19287 19385 19523 19836 19923 20137 20518 20830 21179 21620 22343 23067 23395 23863 24273 24768 25179 25744 26342 27018 27637 28556
2197 1437 1451 1612 1747 1919 2092 2267 2428 2573 2713 2840 3052 3755 4333 4903 5383 5861 6271 6544 6904 7217 7494 7740 8074 8416 8864 9269 9714 10139 10616 11012 11452 11880 12403 12965 13403 13948 14333 14800 15524 16285 16688 17388 18100 18179 18593 18937 19139 19164 19358 19650 19822 20139 20393 20664 21071 21440 22270 22818 23293 23772 24270 24651 25184 25721 26302 27028 27636 28594
1614 1219 1513 1733 1962 2172 2339 2483 2585 2742 2869 3115 3502 3977 4394 4880 5264 5717 6008 6326 6645 6964 7320 7648 7975 8268 8655 9059 9490 9882 10340 10770 11185 11650 12170 12700 13157 13657 14163 14700 15378 16201 16734 17320 17885 18082 18480 18705 18973 19096 19327 19619 19780 20039 20254 20560 20921 21403 22093 22715 23222 23731 24140 24676 25140 25677 26300 27085 27669 28479
814 1156 1507 1843 2105 2364 2636 2799 2906 3021 3120 3222 3463 3945 4380 4797 5201 5630 6077 6609 7210 7815 8417 8931 9524 10133 10949 11763 12591 13370 14249 15061 15863 16699 17562 18423 19105 19804 20568 21282 21971 22698 23141 23932 24747 25178 25843 26327 26594 26877 27376 27828 28133 28472 28921 29429 29986 30474 31385 32267 32953 33546 34170 34663 35290 35932 36576 37323 37943 38835
