390 293 259 262 359 333 355 334 291 318 360 391 408 367 803 1093 1108 1093 1118 1102 1065 1039 1018 1112 1042 860 790 899 643 484 439 365 370 237 185 193 186 98 91 179 262 225 371 362 258 324 327 172 214 248 247 270 471 452 221 358 342 368 213 260 375 385 237 472 267 250 297 374 257 131
571 379 411 605 579 528 415 359 425 457 449 716 487 422 888 1126 1113 1071 1134 1105 1050 1047 1013 1119 1142 1088 1041 1118 830 737 794 615 525 401 363 398 301 190 288 307 424 289 364 469 324 487 482 295 364 340 410 360 329 545 404 512 453 476 354 269 320 527 303 480 401 321 387 334 280 184
494 424 295 549 333 470 461 376 295 422 412 602 425 290 771 1079 1015 1015 1079 1075 1007 994 943 1005 961 854 733 777 529 465 550 554 583 424 378 450 388 235 256 312 304 325 360 386 336 545 287 302 262 252 311 273 470 573 328 351 383 402 212 258 403 466 277 450 402 283 395 539 325 152
402 241 288 424 511 486 334 265 331 364 236 546 389 345 717 932 1035 983 987 938 856 832 850 978 990 875 913 1036 788 660 740 564 446 297 271 253 213 143 191 240 344 241 358 390 281 361 443 180 263 335 321 327 290 470 325 508 334 291 244 204 200 312 129 241 120 118 161 147 208 197
428 315 191 396 357 459 457 417 347 458 446 507 501 488 1077 1431 1424 1437 1452 1422 1332 1287 1232 1297 1193 972 833 902 608 475 488 497 536 382 323 274 286 251 140 263 342 369 391 382 340 338 406 291 339 409 337 276 619 515 266 384 337 322 192 311 445 465 259 533 328 260 348 571 386 250
590 471 362 571 305 369 394 286 267 452 425 623 464 497 1177 1480 1277 1248 1241 1204 1165 1157 1100 1183 1057 912 794 897 664 567 655 628 759 622 485 554 470 314 281 323 356 361 469 510 439 515 356 438 286 335 425 434 744 690 454 466 605 479 302 216 455 516 295 344 487 374 555 548 395 316
773 442 500 605 626 388 384 333 449 516 544 608 568 895 1564 1739 1586 1651 1679 1580 1535 1469 1347 1404 1328 1181 1003 1027 773 683 706 557 637 655 597 588 572 482 307 288 534 444 658 638 431 422 580 477 570 596 665 448 794 747 537 564 802 656 484 365 374 499 387 612 510 443 591 593 525 616
609 297 409 358 486 253 323 341 292 325 422 380 453 651 1171 1364 1256 1308 1345 1265 1223 1151 1075 1141 1106 959 776 844 635 543 518 360 393 371 333 361 362 247 184 154 356 263 512 528 269 384 456 329 411 361 421 322 680 679 394 460 751 605 353 341 310 359 260 534 309 282 371 447 309 406
598 289 450 441 616 437 435 427 481 480 527 607 676 818 1417 1638 1610 1604 1617 1541 1468 1420 1380 1486 1476 1291 1124 1208 916 713 683 457 409 361 326 335 283 258 228 249 502 395 659 681 373 504 676 455 557 514 586 478 744 818 529 629 798 696 485 442 329 507 284 604 344 343 427 466 356 475
835 378 553 670 711 470 365 326 492 413 521 672 624 896 1511 1586 1517 1613 1694 1585 1510 1456 1348 1413 1473 1407 1129 1012 779 646 659 390 349 455 518 593 508 440 335 237 484 412 723 617 299 650 617 541 667 530 695 430 601 790 552 486 849 790 547 408 204 477 395 664 508 404 514 602 553 645
1186 689 828 854 1008 712 698 611 718 664 893 786 832 1277 1913 1929 1889 2070 2188 2078 1984 1890 1745 1773 1776 1647 1278 1097 809 657 585 394 455 600 680 691 721 704 406 434 659 658 963 810 493 729 779 705 949 771 912 492 948 1008 674 571 1116 987 681 655 474 675 747 1114 764 669 739 1046 940 1046
1104 705 797 683 889 733 653 487 481 453 681 665 628 884 1435 1462 1544 1579 1617 1545 1460 1420 1447 1589 1542 1397 1227 1200 929 665 535 299 319 262 225 231 275 286 158 381 347 381 600 570 401 568 583 475 569 393 478 469 735 756 451 507 888 645 396 366 470 604 657 661 533 491 467 700 804 790
549 316 377 496 560 622 508 394 377 423 386 627 562 545 1041 1241 1363 1335 1340 1285 1150 1116 1154 1286 1294 1123 1018 1075 794 576 615 447 354 204 192 197 167 168 157 293 335 348 496 493 325 542 531 358 415 366 393 374 539 709 406 514 563 431 264 309 253 402 216 359 177 159 201 409 378 413
499 324 395 376 518 509 488 343 402 419 426 532 563 648 1123 1272 1382 1392 1409 1364 1260 1224 1226 1334 1310 1093 952 977 678 407 395 272 273 217 240 259 244 234 109 246 341 381 689 554 324 526 470 338 414 393 493 339 634 753 398 428 596 514 320 348 241 342 260 508 223 240 292 500 427 489
781 482 695 487 836 605 607 509 589 506 630 630 740 920 1338 1410 1532 1557 1605 1544 1468 1420 1424 1548 1568 1375 1218 1240 944 652 543 289 235 226 258 298 298 291 212 330 500 459 859 763 419 653 687 459 629 508 655 508 757 937 569 625 918 823 556 536 346 502 462 751 375 432 440 580 549 688
897 466 679 570 817 620 478 361 500 374 536 637 638 890 1427 1419 1519 1550 1573 1478 1393 1363 1376 1521 1558 1440 1255 1194 948 654 570 247 196 251 302 339 295 312 212 278 382 359 740 602 307 634 646 500 595 449 586 492 618 759 490 508 857 704 503 388 267 483 503 612 433 409 405 541 676 745
1231 757 938 843 1066 798 639 490 736 592 798 889 874 1253 1927 1906 1951 1995 2017 1912 1853 1830 1815 1963 1945 1812 1605 1505 1231 901 768 422 421 507 515 550 505 542 370 471 598 586 970 808 545 781 847 738 832 692 856 744 882 933 699 692 1081 941 742 531 494 768 788 842 774 724 753 815 1000 1032
1126 647 861 758 1005 770 566 448 707 561 706 824 815 1212 1881 1832 1886 1910 1873 1745 1682 1660 1661 1818 1811 1692 1526 1457 1235 912 832 480 493 632 674 660 595 641 448 463 609 563 1001 786 515 741 898 765 808 763 865 767 873 854 690 712 1043 849 766 541 485 691 760 787 721 684 690 723 1007 1066
1031 667 794 627 824 736 635 543 653 601 753 759 843 1164 1925 1986 1974 1941 1824 1715 1664 1656 1692 1862 1759 1562 1411 1454 1249 891 795 551 675 748 719 671 611 661 464 520 590 586 1004 814 598 725 907 843 727 766 792 848 1139 877 681 750 1067 793 740 593 724 774 807 801 774 749 753 819 1040 1037
882 495 674 582 699 762 630 645 650 576 732 841 967 1060 1915 2098 2066 1956 1802 1699 1620 1641 1723 1924 1886 1704 1503 1590 1398 1009 939 639 659 674 646 638 470 548 540 515 591 561 944 841 561 897 1042 980 749 727 732 950 1153 944 731 838 1097 851 778 674 758 882 710 756 748 692 695 769 897 862
714 375 497 500 529 582 537 631 601 581 687 732 908 1011 1882 2156 2016 1955 1820 1714 1648 1640 1637 1772 1713 1520 1272 1362 1190 914 897 700 770 816 796 777 619 638 584 454 633 580 927 817 540 809 978 944 734 784 752 857 1189 909 703 785 1018 833 757 704 755 810 600 811 732 653 723 803 773 750
709 354 599 542 674 712 592 713 751 649 699 845 1029 1079 1842 2052 1996 1904 1744 1626 1552 1557 1595 1757 1787 1632 1432 1532 1394 1082 1099 811 792 893 949 940 727 757 772 549 777 666 1138 970 601 1010 1183 1071 861 927 912 1022 1179 1030 861 960 1133 973 960 866 754 840 645 875 736 701 730 745 812 856
645 319 612 496 737 809 673 755 778 669 677 840 1040 1047 1689 1854 1925 1820 1658 1547 1437 1437 1520 1700 1768 1592 1431 1547 1388 1033 1060 763 693 774 875 845 658 723 739 570 775 678 1188 996 593 1035 1214 1022 867 929 908 990 1131 1081 862 987 1121 937 935 903 689 761 604 860 591 613 592 686 784 892
667 306 662 523 844 807 610 698 793 652 629 850 971 1010 1566 1673 1771 1651 1496 1374 1281 1283 1371 1567 1671 1552 1477 1619 1468 1148 1190 819 695 791 897 848 658 705 766 559 806 615 1129 982 566 957 1237 943 848 930 906 985 966 993 862 1037 1090 903 963 855 618 722 593 805 550 593 546 509 723 863
667 311 712 541 924 880 686 757 815 699 656 876 962 975 1441 1514 1660 1527 1380 1263 1152 1149 1259 1461 1599 1496 1459 1636 1468 1166 1232 852 699 775 898 830 653 698 788 599 838 612 1120 1023 573 964 1275 915 863 932 906 957 929 1037 890 1090 1132 896 962 887 605 700 595 826 488 560 476 460 681 878
858 460 882 620 1056 897 650 713 764 593 576 815 824 867 1141 1106 1286 1174 1052 927 852 846 979 1194 1360 1344 1393 1556 1482 1247 1298 860 676 758 887 854 717 689 833 617 772 524 1037 943 554 972 1187 829 793 828 810 964 758 933 860 1081 1142 886 954 823 594 639 677 721 491 568 440 352 734 904
967 634 1100 829 1298 1152 854 787 958 814 750 1122 959 953 1185 1086 1341 1153 1039 945 862 897 1077 1340 1532 1539 1694 1905 1726 1418 1494 1005 786 825 941 905 722 715 914 802 934 635 1164 1138 710 1101 1329 888 877 910 983 1084 740 1096 1033 1261 1238 974 1088 865 631 794 808 800 589 702 545 337 797 996
1059 862 1294 1086 1557 1382 1096 883 1218 1155 936 1425 1140 1168 1324 1207 1524 1327 1249 1182 1088 1122 1283 1538 1706 1669 1925 2166 1871 1549 1682 1242 1027 1019 1112 1060 905 892 1023 1032 1216 911 1433 1414 995 1205 1457 935 1040 1154 1302 1204 857 1369 1277 1490 1327 1108 1248 974 674 902 885 920 667 841 734 438 882 1174
996 757 1113 999 1413 1170 894 706 977 932 747 1156 811 898 955 817 1101 1004 1007 934 846 840 928 1117 1292 1318 1539 1699 1442 1281 1433 1059 863 873 991 931 853 774 849 826 991 693 1088 1086 751 923 1128 636 849 929 1037 844 529 1046 989 1172 1047 859 962 751 481 654 742 801 516 633 530 330 727 964
1195 836 1187 1140 1612 1318 973 819 1086 961 854 1195 858 1012 1029 839 1192 1184 1250 1158 1045 1008 1055 1210 1431 1497 1641 1672 1419 1306 1423 1033 784 851 1046 953 930 887 892 860 1033 753 1075 1027 721 942 1190 659 1017 1025 1078 787 442 979 952 1123 1023 895 986 843 507 710 891 1020 615 686 537 498 915 1094
1058 699 935 911 1323 1021 800 704 811 730 724 842 597 793 820 696 964 1050 1168 1083 980 902 876 960 1125 1166 1201 1181 952 941 1014 756 597 660 843 745 810 726 643 621 768 553 771 728 491 655 851 412 810 781 779 443 338 724 639 774 797 685 676 674 425 509 748 977 489 511 382 521 764 868
1270 906 949 995 1311 956 829 793 814 742 846 706 541 878 915 828 988 1231 1419 1330 1264 1134 982 962 1036 1072 988 839 675 813 834 746 730 859 1051 933 1118 970 695 645 769 646 748 606 529 574 708 414 875 864 776 343 457 594 532 598 727 704 641 746 642 563 960 1258 746 680 587 899 1025 967
1203 848 880 915 1223 872 773 766 764 714 844 660 505 837 946 904 1010 1226 1394 1308 1259 1137 982 968 1013 1039 959 853 677 812 816 736 751 868 1024 886 1056 911 651 598 737 581 659 568 492 473 687 387 812 824 713 319 468 516 478 572 686 648 605 701 675 584 942 1252 759 685 591 856 965 876
1370 996 1005 1047 1350 912 807 847 863 783 920 708 546 927 985 934 997 1253 1440 1344 1329 1195 1001 961 1001 1066 1000 872 751 964 967 891 917 1071 1232 1098 1289 1092 820 694 858 675 737 625 594 536 754 463 912 952 816 423 517 525 561 659 752 762 739 805 810 676 1088 1380 928 835 752 959 1099 971
1411 1012 1049 1081 1365 866 750 824 834 737 868 698 505 871 875 816 841 1093 1287 1185 1193 1060 866 829 893 1007 970 856 785 1051 1069 951 947 1100 1250 1154 1328 1077 881 688 859 633 698 624 591 570 742 458 888 910 792 461 460 519 592 699 796 808 771 788 795 666 1071 1306 932 831 759 876 1044 926
1345 939 993 990 1311 732 637 743 774 664 773 607 463 858 858 828 830 1081 1270 1158 1187 1044 843 807 857 950 933 849 793 1065 1064 919 896 1033 1150 1065 1251 987 810 603 827 578 655 601 561 481 700 385 830 868 748 455 441 489 564 704 774 799 742 730 725 598 956 1190 838 764 720 759 923 847
1410 970 1035 1026 1318 710 601 730 759 627 756 605 450 854 856 812 777 1032 1218 1098 1144 1004 800 766 825 951 931 835 822 1118 1119 947 923 1079 1193 1135 1305 1012 864 606 822 562 653 597 562 526 701 424 832 855 745 500 438 481 586 715 820 842 779 728 744 615 988 1166 890 796 759 756 950 859
1571 1092 1177 1168 1483 779 657 791 881 731 861 739 567 1022 1052 1012 952 1204 1402 1274 1338 1197 980 953 1005 1136 1133 1044 1016 1315 1294 1070 1021 1169 1247 1197 1366 1070 941 688 952 654 731 718 679 583 821 506 951 962 872 635 519 582 713 862 949 986 909 792 814 747 1076 1234 1009 918 903 802 1022 951
1590 1130 1179 1167 1458 778 645 798 857 689 813 685 527 962 930 884 832 1105 1299 1170 1244 1098 884 847 897 1041 1048 940 971 1301 1286 1088 1048 1205 1300 1263 1448 1125 991 704 924 657 735 670 683 619 778 508 924 954 836 649 504 535 689 834 909 968 903 806 855 719 1103 1213 1022 922 902 828 1075 958
1328 984 1013 996 1229 725 621 695 723 619 744 641 424 722 726 699 674 872 1044 957 1008 906 740 733 778 901 922 864 823 1066 1072 924 921 1033 1124 1090 1218 920 824 620 759 519 613 572 557 553 630 393 719 748 678 493 392 458 553 674 742 779 731 662 757 635 981 1104 894 799 753 714 906 751
1471 1021 1124 1117 1376 803 628 727 782 634 766 733 478 805 808 737 717 911 1084 973 1021 917 762 772 865 1040 1066 994 978 1239 1253 1009 939 1068 1168 1144 1252 957 915 661 823 535 631 626 580 633 748 474 818 802 738 587 368 505 643 781 863 870 825 699 747 693 1029 1096 935 830 773 681 953 837
1508 1150 1221 1200 1403 828 760 914 829 752 848 785 535 740 616 629 541 727 923 835 907 792 627 611 704 894 960 971 998 1368 1420 1242 1171 1221 1282 1300 1423 1026 1092 796 947 627 663 765 732 770 789 530 848 835 767 682 498 674 782 948 1002 1017 910 848 927 782 1067 1165 998 905 876 747 884 781
1404 1087 1137 1092 1314 821 752 911 791 720 818 715 493 663 542 562 503 672 834 753 818 711 568 560 639 811 887 916 949 1289 1339 1198 1157 1215 1294 1275 1398 1026 1067 778 894 591 640 701 688 721 767 508 786 818 702 645 490 584 703 887 906 909 860 841 959 750 1070 1172 967 882 817 737 897 750
1607 1230 1246 1189 1479 960 893 1052 905 826 1022 800 614 852 825 861 820 1003 1177 1095 1153 1037 888 884 917 1054 1092 1103 1077 1384 1347 1205 1180 1212 1256 1181 1357 1052 1034 852 951 664 623 730 758 675 869 566 910 905 735 684 610 590 704 929 964 948 883 909 1121 930 1255 1373 1118 1019 920 919 1083 874
1457 1031 1072 951 1355 827 824 1046 792 726 962 609 591 856 912 1021 993 1176 1323 1227 1259 1114 977 976 978 1027 1009 1066 1012 1278 1179 1039 1002 991 1004 874 1101 868 825 699 842 564 494 651 644 476 853 475 859 837 586 576 679 539 574 870 932 847 737 872 1066 843 1098 1316 922 859 746 854 940 792
900 686 621 573 767 567 590 738 423 479 597 418 377 388 582 847 805 849 898 850 859 775 731 787 720 677 714 894 804 940 899 845 848 683 604 513 649 443 497 473 484 307 216 401 453 317 529 269 398 451 218 413 553 365 323 632 561 450 367 519 855 616 665 768 561 509 448 532 541 332
844 667 623 607 730 476 434 512 359 377 399 411 250 268 347 526 495 547 620 572 605 537 487 546 523 541 644 779 730 885 909 812 784 663 615 608 699 420 504 414 431 252 257 359 408 370 384 177 290 360 242 389 330 334 334 570 475 439 366 377 627 449 537 537 472 424 412 346 443 271
508 294 338 366 405 224 149 171 124 140 85 208 58 154 305 383 345 419 458 377 365 300 239 286 320 341 353 407 383 486 615 508 518 540 597 627 638 376 364 161 232 104 319 239 151 332 209 114 152 238 219 186 202 293 229 313 386 291 234 191 213 79 216 264 186 133 167 163 264 245
507 235 295 369 525 212 188 338 249 259 165 190 184 341 477 657 613 749 821 715 691 562 432 429 464 434 408 476 436 630 741 646 587 591 644 610 702 460 412 171 416 228 349 330 225 243 372 121 343 455 325 203 317 366 293 464 438 394 306 367 268 120 166 435 147 123 186 228 207 273
406 311 430 222 519 328 404 374 297 374 314 272 280 371 510 620 673 677 679 631 600 533 525 607 592 463 521 723 559 507 558 480 520 475 495 452 507 334 285 260 393 241 556 528 313 312 410 144 250 377 368 273 520 575 358 522 582 409 333 382 345 172 260 490 123 215 201 224 233 359
425 184 190 308 407 349 300 406 254 358 293 353 355 402 900 1225 1175 1155 1104 1016 951 880 850 938 873 729 708 905 737 731 792 693 671 530 450 330 358 279 271 224 376 224 234 351 285 176 525 258 303 446 239 335 552 376 275 551 422 244 229 309 452 370 194 368 196 165 204 261 252 228
365 388 170 289 254 201 331 452 331 480 325 249 380 460 849 1274 1115 1196 1168 1112 1125 1026 886 873 680 452 433 600 513 601 674 826 988 895 813 739 839 624 443 333 516 478 549 444 520 258 382 297 303 636 426 419 830 458 344 528 348 375 349 471 689 365 282 556 397 374 534 576 400 281
387 181 149 207 376 248 173 278 204 185 125 160 231 311 618 878 921 986 984 899 860 770 719 777 727 586 568 652 554 555 569 485 443 369 367 294 378 266 188 116 253 178 269 192 187 150 329 96 216 364 171 232 350 218 130 360 217 202 166 254 319 180 149 321 111 95 128 232 278 193
371 153 205 294 436 385 208 255 230 204 89 302 236 230 489 668 776 782 763 679 609 554 560 660 693 621 654 745 643 610 701 544 435 370 415 364 368 264 275 174 268 160 302 237 171 296 399 149 220 343 209 274 219 271 208 419 253 193 213 238 224 168 137 230 68 53 50 112 257 212
492 214 304 566 579 476 217 192 362 324 177 585 342 377 732 868 931 942 979 891 815 781 739 834 922 917 916 926 749 720 869 636 479 458 516 520 438 325 357 227 402 252 394 353 225 435 474 244 362 425 428 326 133 400 365 479 332 345 343 214 98 273 156 268 205 136 201 141 277 268
356 142 230 237 401 277 155 145 232 201 173 308 224 318 687 813 854 849 839 768 731 701 678 782 789 712 709 789 613 508 552 378 358 369 407 365 324 226 183 105 252 111 361 276 122 225 352 131 192 302 276 222 239 266 189 327 293 241 247 172 179 190 190 343 171 154 159 129 256 217
301 93 222 265 440 316 209 326 319 281 195 370 339 292 583 812 840 814 803 729 690 648 626 721 782 723 739 886 750 723 806 613 491 452 493 462 401 269 365 181 399 185 383 388 202 350 519 218 290 405 320 344 286 375 315 529 372 367 366 351 276 273 147 396 158 155 167 99 141 133
277 180 296 296 466 440 361 353 312 370 224 437 314 209 410 590 686 614 592 548 482 455 489 608 659 584 678 888 707 642 771 633 546 443 472 433 386 250 345 278 392 210 420 453 270 392 481 182 226 357 315 319 310 482 354 562 402 301 312 328 279 236 156 336 81 124 109 78 134 176
499 212 242 286 499 324 165 237 243 146 162 239 227 323 623 792 882 943 971 886 847 780 743 825 831 754 728 751 627 588 570 391 298 267 302 248 296 207 163 99 220 116 232 155 112 182 340 83 240 304 170 209 177 154 105 310 211 224 190 205 243 218 230 365 171 132 118 194 331 209
391 177 154 365 367 279 156 154 210 227 160 350 220 288 694 911 906 955 999 930 876 823 744 802 793 715 661 685 498 486 567 458 417 367 376 355 346 223 166 105 249 160 245 205 144 214 269 101 211 295 248 153 203 259 167 282 199 213 156 131 158 206 117 295 176 100 177 217 223 139
775 447 453 734 758 688 411 404 341 397 277 583 269 311 577 708 795 821 848 749 653 585 575 669 719 750 818 884 766 866 1027 853 715 590 594 504 544 419 447 393 405 258 171 274 311 350 509 240 382 448 275 322 184 310 329 563 375 204 245 251 353 361 354 291 260 169 154 233 458 387
1062 621 602 956 872 754 498 510 363 456 401 619 263 428 703 769 760 880 953 824 722 618 541 577 638 740 710 684 634 872 1075 947 877 826 864 781 860 674 623 486 473 346 212 308 361 453 532 378 536 544 366 314 301 391 412 557 576 321 309 347 459 415 537 460 451 282 284 482 670 609
779 490 519 640 727 447 398 344 311 436 383 417 180 461 678 723 684 812 908 813 759 650 527 540 542 543 532 573 421 584 724 656 701 701 728 651 757 544 388 316 448 283 353 395 306 233 366 156 398 470 422 145 353 444 350 446 554 347 278 282 302 223 384 531 306 251 285 374 429 507
620 350 511 489 670 382 306 214 326 337 299 423 238 467 673 652 682 753 827 745 700 635 566 630 692 682 670 699 524 521 623 442 433 498 578 579 584 405 315 222 394 226 530 464 227 365 382 169 354 385 478 206 280 521 381 423 583 451 364 262 124 157 293 466 224 221 242 230 332 464
721 564 496 641 774 613 613 618 462 685 560 562 391 516 811 1075 1055 1079 1108 1044 985 882 808 854 760 648 743 973 747 878 984 984 1007 812 708 527 671 522 439 500 627 429 304 523 541 169 586 227 449 638 421 339 606 508 430 730 528 312 317 431 641 491 441 615 358 353 377 427 420 427
792 548 447 745 536 393 246 119 238 333 255 534 194 410 833 941 823 917 992 912 885 833 718 757 707 708 673 634 496 577 723 641 705 678 639 679 681 458 337 282 323 278 334 291 324 364 216 230 279 346 396 261 306 389 335 336 407 328 243 80 244 298 328 256 432 287 431 396 488 401
383 193 162 247 233 177 173 239 139 150 215 230 209 210 613 862 779 833 875 826 801 755 677 723 701 625 496 532 397 390 416 355 384 352 363 391 368 199 186 80 171 106 243 198 103 293 210 151 160 184 154 146 322 280 129 206 290 301 161 205 299 247 199 421 270 174 231 338 228 80
381 255 275 225 339 324 300 229 171 194 246 295 221 198 518 670 730 719 741 717 669 651 660 765 748 641 603 690 483 345 348 254 273 198 211 221 207 91 81 131 136 90 303 255 126 304 218 89 107 121 147 146 287 345 137 235 310 245 131 161 249 218 230 371 172 152 139 251 249 151
426 253 227 433 404 330 187 111 242 241 151 425 246 297 659 831 863 910 971 916 863 826 761 829 832 759 719 710 512 459 545 426 377 330 351 384 355 220 167 139 247 201 342 246 183 327 232 111 208 270 305 188 173 337 217 277 213 269 186 111 103 197 126 252 188 119 212 231 258 177
634 304 251 381 431 238 149 247 145 143 216 194 130 303 690 887 812 923 974 879 858 771 667 701 657 619 529 537 451 545 558 462 476 452 440 386 460 299 212 105 195 94 102 98 114 117 244 109 225 274 120 136 265 116 81 239 276 208 131 164 345 253 302 404 308 189 219 330 381 221
