295 199 345 223 101 155 257 433 339 99 161 228 259 127 187 94 205 444 442 360 185 187 175 196 278 362 430 597 722 735 575 401 428 348 423 437 358 310 339 305 336 367 371 465 224 348 453 513 540 401 470 613 646 754 755 622 484 709 335 640 645 399 313 594 507 367 397 365 318 310
344 222 408 425 157 265 299 566 483 217 322 184 388 225 178 233 386 770 688 523 294 399 369 326 410 489 562 638 711 769 622 590 331 330 444 378 321 419 465 336 407 352 432 536 244 380 386 461 606 509 495 690 779 1037 813 685 507 704 421 680 600 553 446 613 523 522 370 441 432 317
278 341 252 286 218 212 360 749 594 289 346 183 463 319 298 184 428 915 895 688 403 483 454 408 473 533 512 563 632 640 535 416 383 277 342 378 319 441 476 250 314 324 416 629 293 452 448 537 640 509 475 747 839 1095 921 796 610 660 402 879 765 667 375 630 611 389 373 480 405 340
302 198 317 411 138 238 200 451 280 108 221 125 217 114 107 190 196 506 504 500 255 277 233 223 231 331 417 622 740 813 662 694 474 436 471 359 346 255 251 234 297 263 228 292 125 222 376 457 595 453 370 556 658 778 691 623 377 584 366 688 532 448 409 553 545 552 351 317 343 179
389 351 405 276 171 170 375 686 392 204 379 215 328 258 276 169 415 785 812 695 431 448 372 352 373 408 441 601 733 797 720 542 558 458 389 473 342 381 462 350 416 467 373 478 311 481 593 619 654 548 564 845 738 1033 1004 896 652 752 468 889 715 476 252 406 547 304 289 366 273 379
544 317 331 466 291 190 392 628 601 362 275 255 619 288 448 264 605 1158 1128 1028 618 661 654 652 763 893 927 1091 1287 1381 1153 924 929 806 735 913 765 766 784 372 532 477 606 811 357 513 670 747 960 693 652 860 798 1033 848 892 783 643 404 820 647 647 407 679 636 461 452 562 585 409
847 313 740 668 400 479 600 696 634 450 498 512 613 408 534 415 706 1062 1218 1175 844 837 830 833 899 1037 1223 1527 1662 1821 1614 1404 1270 1178 1175 1219 1126 1094 1017 559 724 695 768 931 506 670 892 884 1011 792 956 1152 810 1254 1071 1076 915 964 711 910 671 617 568 565 666 518 486 638 713 699
623 250 480 350 282 400 455 467 468 288 323 489 426 315 395 315 440 729 961 919 664 614 655 655 683 826 1005 1325 1372 1478 1260 1032 1015 902 978 968 943 890 812 397 519 526 667 780 436 604 765 752 814 640 850 960 834 1045 958 911 719 908 575 723 755 520 524 677 585 449 522 526 616 586
674 325 623 485 286 461 488 456 465 312 405 526 480 276 357 379 487 795 943 925 642 630 622 637 637 779 973 1315 1395 1509 1295 1130 1028 958 1001 913 857 795 799 552 704 676 683 776 508 698 898 914 996 823 952 1139 999 1206 1108 1065 824 1041 657 781 784 546 539 693 635 540 525 597 640 593
709 355 836 703 393 667 585 622 717 529 649 631 659 436 428 480 729 1100 1271 1205 894 931 952 963 938 1086 1285 1613 1636 1721 1537 1399 1163 1087 1268 1106 1150 1169 1081 631 791 791 904 1063 619 788 869 871 989 841 968 1249 1003 1400 1098 1040 848 1007 719 804 680 626 569 606 560 432 445 711 742 733
1102 625 1227 952 681 998 987 1018 1038 822 971 962 886 802 772 724 916 1223 1599 1450 1210 1233 1224 1262 1281 1393 1598 1946 2001 2096 1968 1705 1536 1453 1669 1466 1433 1533 1440 805 944 1005 1234 1393 931 1134 1233 1183 1215 1055 1381 1692 1275 1764 1514 1385 1183 1412 1100 1194 1006 773 756 665 871 520 716 988 1006 1251
833 506 826 827 467 670 535 529 669 549 523 631 610 468 497 530 408 750 995 886 690 712 722 837 943 1071 1165 1473 1741 1823 1581 1306 1170 1180 1340 1133 993 969 997 501 613 619 997 940 633 751 890 880 1076 847 943 1094 1093 1000 855 779 674 865 571 682 658 369 495 692 698 522 739 698 798 891
454 415 415 479 266 415 352 521 418 293 405 326 382 261 240 334 296 727 875 831 526 548 496 515 468 571 636 922 1050 1123 975 914 775 713 739 552 512 473 520 316 436 429 472 534 381 542 703 758 908 738 664 950 1030 1068 963 905 593 751 498 823 722 493 405 595 647 494 452 482 492 427
534 354 595 543 303 502 492 572 560 331 373 465 478 280 339 315 321 628 819 806 533 537 489 564 572 706 820 1151 1293 1314 1156 1018 981 861 979 779 734 639 618 396 501 520 579 752 427 587 809 898 953 701 789 1076 992 1117 1066 989 755 970 617 941 808 544 465 651 757 451 540 641 609 583
788 439 834 698 454 756 640 535 679 464 480 750 589 402 472 490 354 548 828 806 625 607 616 711 747 913 1102 1487 1599 1634 1408 1241 1161 1094 1328 1019 1007 894 837 586 693 698 853 970 640 799 1019 1068 1111 875 1080 1259 1196 1226 1169 1049 858 1220 780 897 939 599 703 895 865 657 795 817 859 851
712 393 910 839 392 718 500 397 619 493 523 676 601 365 383 529 498 763 940 968 730 743 757 881 895 1066 1250 1650 1828 1875 1634 1450 1252 1220 1435 1172 1149 1025 996 623 745 751 980 970 604 711 861 890 1042 819 910 1103 1025 1025 860 820 685 949 616 638 613 409 524 706 609 495 639 719 786 771
1051 556 1258 1179 595 885 702 566 854 736 721 879 873 515 624 695 763 1044 1162 1166 914 947 965 1121 1209 1389 1581 1977 2259 2337 2050 1794 1573 1579 1768 1556 1457 1332 1316 915 1073 1057 1279 1276 836 935 1131 1142 1347 1083 1167 1366 1138 1209 988 971 938 1105 762 745 630 512 646 795 737 640 786 934 1002 1034
992 519 1324 1239 576 891 682 510 773 705 724 890 853 522 606 782 901 1107 1171 1337 1050 1048 1048 1224 1253 1449 1693 2160 2441 2518 2243 2006 1771 1736 1875 1738 1661 1418 1386 988 1124 1123 1308 1219 782 834 1049 1071 1263 991 1071 1232 976 1035 880 950 897 1092 801 734 587 495 657 791 699 648 783 906 992 961
985 586 1252 1151 571 760 683 459 715 681 633 910 896 537 695 816 1001 1212 1206 1449 1120 1074 1065 1269 1316 1513 1731 2216 2569 2639 2340 1963 1938 1845 1846 1924 1742 1424 1469 1054 1182 1201 1389 1224 808 856 1108 1138 1316 997 1076 1164 946 853 851 1004 979 1099 771 744 693 490 605 906 741 640 894 914 992 945
767 649 1082 939 455 656 544 256 561 608 643 889 865 465 550 846 1096 1407 1272 1542 1150 1118 1117 1282 1213 1403 1610 2097 2358 2411 2112 1755 1754 1660 1600 1729 1583 1291 1457 1146 1298 1312 1405 1142 862 945 1087 1117 1312 1090 1037 1141 1109 878 869 1054 940 1063 680 572 759 494 521 1005 573 598 819 843 885 758
727 598 1001 749 427 566 609 412 561 562 669 852 833 500 587 772 1214 1513 1395 1650 1233 1174 1167 1265 1164 1330 1556 2017 2169 2235 1996 1635 1711 1544 1427 1688 1576 1327 1443 1130 1274 1320 1285 1131 826 944 1074 1085 1185 1009 1041 1174 995 1029 1040 1213 1050 1141 768 736 865 622 533 928 563 523 699 796 797 710
729 668 1171 916 516 777 683 398 623 636 774 1023 917 571 608 957 1330 1533 1375 1765 1353 1281 1278 1395 1220 1422 1710 2245 2337 2362 2120 1861 1865 1684 1638 1803 1791 1432 1513 1313 1436 1479 1400 1206 909 990 1117 1168 1247 1077 1088 1201 1099 1053 1090 1287 1089 1311 922 800 989 763 736 1160 671 720 853 939 946 738
700 709 1163 936 543 879 714 425 613 621 784 1048 862 592 579 996 1192 1349 1281 1704 1322 1239 1208 1340 1124 1326 1617 2193 2265 2269 2058 1871 1854 1666 1664 1689 1713 1320 1390 1242 1342 1395 1322 1124 892 973 1132 1209 1255 1073 1094 1231 1208 1075 1171 1340 1062 1394 1002 916 1104 789 803 1209 796 794 932 969 974 758
689 602 1176 995 508 881 651 360 552 557 724 984 783 542 506 991 1120 1208 1110 1556 1218 1144 1119 1242 1053 1264 1592 2151 2220 2245 2018 1911 1758 1620 1658 1637 1684 1269 1305 1199 1281 1298 1251 1012 782 827 986 1065 1138 969 998 1067 1078 954 1022 1187 928 1334 976 817 985 744 863 1202 762 889 928 910 970 691
694 616 1147 1001 538 954 697 417 572 556 735 992 760 607 510 1054 1063 1137 1106 1542 1229 1161 1121 1228 1032 1239 1576 2128 2160 2190 1985 1929 1724 1594 1666 1571 1630 1243 1273 1124 1189 1194 1222 967 763 814 962 1051 1114 949 1022 1072 1161 1010 1090 1234 916 1411 1065 906 1095 803 964 1267 867 985 1015 939 1030 730
698 599 1114 1092 611 1029 623 360 597 590 683 1002 727 633 524 1075 925 935 934 1376 1144 1055 1084 1206 1052 1282 1600 2133 2182 2195 1937 1923 1663 1570 1747 1587 1720 1272 1210 1040 1061 1064 1241 938 713 686 805 886 1004 837 878 808 1059 733 791 918 691 1219 946 746 982 766 1065 1394 868 1110 1135 916 1097 721
808 625 1245 1364 686 1158 727 479 779 671 694 1002 869 682 565 1182 904 944 878 1267 1044 1046 1023 1167 1109 1352 1664 2122 2239 2250 1977 2051 1623 1601 1851 1554 1616 1225 1207 1056 1085 997 1284 1015 710 684 823 985 1172 929 959 905 1236 898 883 991 782 1369 1071 893 1051 896 1237 1544 1104 1354 1310 1106 1296 819
1103 729 1401 1660 904 1352 1007 897 1076 831 803 1044 1053 811 768 1249 887 958 949 1258 1023 1074 986 1115 1144 1388 1684 2085 2248 2288 2041 2244 1711 1706 1967 1532 1556 1211 1138 1061 1116 955 1182 1135 753 760 1046 1279 1473 1127 1178 1226 1449 1325 1265 1325 1084 1648 1365 1398 1273 1221 1526 1657 1552 1684 1482 1360 1530 1005
907 550 1162 1389 760 1181 869 950 966 683 728 804 803 761 622 1016 684 757 851 1025 860 916 843 903 944 1133 1388 1689 1771 1819 1649 1874 1305 1306 1617 1185 1260 1051 909 731 739 625 913 909 536 544 727 904 1057 802 919 979 1171 1229 1107 1070 815 1387 1200 1300 1096 1074 1350 1329 1340 1428 1211 1092 1265 874
941 663 1366 1453 827 1342 967 1136 1041 787 997 898 785 923 640 1091 758 778 941 1035 959 1028 947 980 973 1100 1349 1617 1635 1673 1596 1847 1192 1230 1615 1098 1224 1119 970 801 761 719 989 928 649 656 723 834 926 802 956 1076 1211 1389 1222 1078 781 1453 1310 1362 1119 1053 1343 1178 1285 1353 1148 1076 1208 1027
767 531 1100 1047 662 1100 855 1123 900 624 878 731 562 855 548 829 584 612 894 860 835 874 814 802 805 878 1080 1290 1248 1284 1266 1401 901 900 1272 857 974 987 821 536 466 501 801 781 522 567 562 603 604 550 817 945 1003 1300 1164 940 639 1281 1140 1263 1048 873 1085 883 1068 995 907 832 931 950
888 648 1252 1007 797 1130 1040 1489 1089 779 1100 837 631 1089 773 804 775 744 1097 941 997 998 967 921 961 964 1114 1237 1167 1184 1249 1249 907 856 1229 985 1105 1214 976 609 474 632 907 949 654 692 602 555 438 471 860 1006 849 1399 1281 962 741 1310 1221 1439 1120 935 1052 734 1057 828 858 835 867 1167
839 564 1205 919 697 995 969 1384 991 688 1003 765 579 1016 718 750 787 747 1032 879 933 940 903 857 927 925 1086 1188 1140 1173 1225 1168 849 808 1135 989 1048 1168 978 604 470 616 897 890 592 632 529 474 359 398 812 912 738 1292 1195 897 705 1267 1149 1319 1044 842 963 677 953 757 802 758 793 1101
954 637 1345 1031 825 1095 1070 1527 1110 803 1126 878 670 1145 854 837 934 831 1091 942 1036 1022 1019 956 1042 1036 1206 1283 1214 1244 1295 1242 919 876 1225 1135 1235 1336 1085 739 576 741 1001 998 679 684 556 478 345 418 850 899 689 1309 1204 892 755 1314 1230 1381 1086 957 1102 777 1009 874 888 827 875 1194
942 611 1268 1011 838 1090 1017 1464 1100 800 1085 874 667 1132 849 839 920 824 1069 925 1023 999 1040 959 1048 1061 1237 1305 1205 1242 1252 1228 881 848 1220 1136 1287 1367 1076 724 563 709 1000 997 662 649 501 419 320 404 808 796 664 1234 1096 796 686 1232 1169 1283 1051 987 1166 876 980 949 917 811 907 1139
948 528 1164 918 785 998 926 1330 979 708 965 822 573 1003 797 733 796 680 942 819 916 856 927 840 933 966 1159 1261 1168 1233 1197 1178 857 827 1168 1094 1263 1287 964 675 537 666 887 908 601 590 510 413 324 396 787 738 585 1136 1017 730 634 1152 1073 1173 963 919 1137 854 918 951 864 722 849 1044
955 533 1171 945 808 1012 904 1284 995 742 971 855 612 1016 819 763 853 744 979 874 964 897 1000 915 1007 1055 1253 1361 1264 1327 1260 1229 907 878 1230 1186 1380 1381 1038 719 584 711 962 963 628 597 496 390 329 404 772 686 562 1073 928 664 607 1097 1033 1090 920 924 1159 913 875 968 886 732 885 1038
1129 583 1271 1068 893 1078 964 1322 1060 819 1028 925 691 1046 899 815 899 798 1020 887 983 922 1042 950 1078 1135 1347 1449 1376 1477 1369 1348 974 988 1332 1276 1458 1462 1111 820 713 803 1031 1045 712 685 618 496 474 546 900 792 634 1171 983 716 691 1153 1082 1100 918 978 1259 983 934 1106 954 799 982 1121
1089 627 1265 1071 936 1099 956 1350 1078 850 1054 953 697 1083 931 828 918 788 1001 901 1012 923 1066 980 1088 1144 1334 1438 1359 1430 1327 1308 985 972 1327 1298 1526 1481 1094 838 701 827 1042 1047 723 662 577 454 418 502 823 697 579 1064 907 641 640 1088 1051 1099 924 1002 1273 1033 934 1112 980 793 970 1101
835 487 1083 924 737 916 829 1221 1000 690 847 759 625 938 758 704 785 715 849 724 805 780 868 808 953 1006 1162 1210 1164 1187 1104 1064 762 740 1110 1078 1221 1234 946 661 518 619 927 939 550 510 388 339 308 339 662 574 551 973 826 567 557 1027 927 1033 889 904 1098 964 878 950 899 741 864 950
905 530 1148 1030 791 1013 826 1175 1004 753 929 823 660 979 766 809 850 797 934 829 903 881 992 922 1037 1104 1287 1363 1299 1351 1240 1243 838 855 1239 1160 1343 1347 1048 733 609 687 1022 971 614 562 419 347 372 431 710 596 617 995 788 550 529 1011 948 954 847 912 1174 1019 850 1045 937 759 938 979
965 654 985 918 932 1058 938 1354 1127 823 952 897 736 1129 926 875 872 846 1031 868 959 908 1060 924 1049 1113 1262 1273 1114 1164 1046 1072 762 743 1123 1097 1328 1367 1026 711 571 639 1002 1027 688 657 489 421 418 499 802 615 786 1132 958 690 640 1117 1050 1144 1156 1193 1417 1330 1070 1282 1141 858 1068 1024
860 635 1000 886 871 1007 904 1312 1062 768 919 872 692 1112 881 875 895 816 950 848 947 889 1015 905 1014 1068 1216 1238 1098 1119 1028 1025 761 718 1079 1106 1311 1311 1006 723 548 648 1003 961 640 587 402 347 309 392 705 507 688 986 887 638 588 1104 1029 1120 1145 1126 1339 1293 1026 1205 1125 818 997 976
1011 733 1165 958 908 1038 974 1376 1077 827 1032 931 707 1186 940 923 926 834 984 802 959 914 1020 919 1071 1082 1215 1207 1133 1187 1113 1028 755 776 1105 1147 1253 1329 1104 810 629 745 1119 983 749 712 507 396 355 482 832 633 751 1054 968 670 636 1174 1076 1112 1140 1024 1284 1191 1013 1177 1147 817 985 1144
978 685 1024 703 773 893 870 1176 807 658 931 879 498 1057 827 815 763 653 912 748 908 807 904 797 894 889 1046 1123 1044 1148 1076 919 740 759 985 1052 1116 1178 1009 721 564 706 1002 785 716 726 579 405 321 483 876 666 741 981 999 706 584 1154 1007 989 1117 810 1109 1018 874 1018 1031 632 813 1084
525 451 456 321 399 366 437 751 433 294 443 425 270 596 483 447 443 528 607 501 505 426 484 411 505 523 584 651 688 763 643 460 439 410 468 653 617 609 573 397 296 386 598 416 362 393 327 251 257 305 475 327 562 579 660 484 353 714 530 704 857 555 675 854 636 732 743 346 467 550
453 323 385 417 400 382 358 718 504 289 336 340 294 485 428 353 335 440 486 406 377 319 408 348 465 535 594 656 693 736 571 508 401 359 516 596 662 586 432 300 214 261 473 444 237 229 208 199 264 234 325 206 462 512 492 331 265 565 426 674 707 626 735 903 656 791 699 376 512 414
268 133 326 386 272 373 290 565 449 220 257 286 283 353 294 297 394 560 673 750 561 495 559 537 537 672 803 1028 1013 1030 879 846 727 571 747 766 918 749 517 199 175 229 431 511 123 131 175 220 281 150 254 271 369 537 465 423 284 526 419 683 587 585 601 722 538 529 489 371 488 281
425 219 353 243 332 415 412 730 367 202 418 363 169 429 351 297 404 497 746 788 646 515 575 465 388 475 651 906 774 865 777 791 682 527 616 642 844 714 449 259 236 325 292 394 213 278 364 319 272 265 447 481 435 810 800 686 409 723 614 873 765 669 699 640 585 606 433 296 410 350
486 194 442 417 333 482 500 600 479 195 186 447 319 384 407 379 265 315 551 660 514 421 422 448 501 652 842 1145 1180 1211 1046 958 940 774 929 867 897 684 513 252 236 260 462 557 210 280 488 572 541 309 596 581 640 722 836 775 565 980 697 959 938 664 773 916 885 727 778 566 681 506
390 253 310 228 144 131 238 445 113 81 290 203 149 245 224 291 457 706 743 817 567 487 461 406 358 424 558 815 894 1045 915 785 716 630 471 666 599 482 506 344 389 420 357 235 198 298 427 387 461 413 442 493 489 647 700 708 423 606 433 642 600 380 369 487 418 475 347 179 265 231
538 369 425 257 381 184 520 893 438 249 363 373 367 405 577 225 632 759 784 879 644 482 488 437 449 519 609 830 900 965 862 669 919 669 501 889 884 650 499 507 495 614 333 519 303 376 614 618 526 402 513 592 356 757 942 914 756 803 604 1112 883 762 568 691 737 570 485 399 368 358
279 205 344 207 147 177 186 447 129 58 266 220 56 173 174 139 257 362 438 529 375 255 273 254 196 265 377 650 711 774 660 576 571 453 432 519 585 372 270 301 282 390 231 205 146 190 328 299 290 253 274 351 321 470 561 479 268 505 327 604 508 328 331 443 375 386 284 136 162 182
185 204 349 344 149 271 160 410 177 90 284 201 117 190 107 256 300 460 480 621 421 353 349 341 250 344 464 740 785 825 711 731 582 480 517 499 599 382 298 288 274 337 274 214 111 135 230 261 322 259 205 304 418 483 502 462 213 492 352 600 505 393 405 545 416 481 338 209 256 127
281 178 468 539 183 359 238 548 374 206 406 176 284 208 113 278 434 734 694 722 455 494 469 427 372 475 605 810 835 903 788 902 538 492 591 470 574 498 410 340 395 378 318 396 154 219 282 345 488 412 316 539 553 870 656 597 354 559 434 686 436 531 471 488 441 529 245 335 363 179
233 37 497 418 67 243 202 337 264 69 179 212 207 127 104 211 349 475 440 550 353 339 320 359 382 503 677 935 1035 1064 913 836 665 577 690 689 691 519 456 331 338 363 414 404 87 126 227 293 347 204 294 382 349 526 493 457 315 621 374 533 421 329 362 498 386 378 334 308 340 225
196 142 389 271 110 268 222 373 211 59 259 274 175 190 115 283 411 526 478 607 419 369 374 338 270 378 563 815 778 816 684 689 536 434 507 533 628 454 389 409 403 433 352 321 155 213 268 313 323 284 337 385 477 635 643 589 347 713 459 597 634 503 516 690 432 549 392 295 333 154
222 180 315 360 180 333 295 490 322 95 197 240 233 254 176 339 301 465 486 601 395 372 335 321 299 420 566 798 810 835 708 749 588 473 567 509 556 392 332 256 246 239 308 325 103 166 273 385 427 286 349 410 614 677 709 666 391 769 535 801 779 610 622 813 683 683 563 409 471 210
229 147 455 311 96 233 136 362 160 67 283 212 62 146 79 153 229 321 344 389 283 224 244 248 223 292 414 648 722 762 641 579 436 387 483 464 529 375 301 316 285 376 321 240 136 161 213 193 221 207 227 306 322 445 440 318 156 472 275 438 371 226 291 396 271 340 255 145 170 207
231 103 337 291 81 158 194 527 282 91 270 90 169 145 107 96 317 589 595 555 330 336 316 275 277 348 444 614 671 735 636 603 426 347 396 408 432 395 328 219 252 285 231 327 88 176 247 273 343 268 274 470 399 749 627 532 332 501 326 640 419 392 289 335 354 312 157 211 204 170
382 367 395 567 321 396 267 724 342 285 527 156 216 447 236 440 437 760 824 806 603 606 580 496 445 485 543 688 747 878 806 898 517 515 519 478 530 509 450 222 219 234 347 218 171 198 197 176 367 369 250 360 546 707 556 493 201 404 451 732 498 497 529 488 512 657 389 229 360 275
567 527 527 689 535 609 490 1025 593 536 805 337 404 771 478 649 735 1121 1321 1244 1022 1016 1017 890 814 838 895 1030 1014 1169 1138 1182 787 751 779 784 878 955 825 281 280 334 605 486 360 396 306 224 414 455 421 540 653 960 721 661 350 498 655 931 650 682 682 525 605 679 485 365 542 539
639 250 527 578 441 549 588 984 637 376 504 336 365 611 488 439 486 710 1018 931 760 739 725 644 703 779 923 1093 1090 1223 1154 1131 852 760 887 839 876 913 697 156 162 182 470 581 226 308 388 374 435 319 574 663 561 1031 883 778 532 797 760 1071 751 703 749 549 782 650 548 474 631 619
527 135 599 634 349 596 509 694 626 319 360 406 409 421 360 400 392 555 783 795 610 608 610 612 666 816 1016 1274 1286 1342 1198 1196 915 813 1069 881 964 884 665 250 278 269 539 695 221 292 414 483 544 343 584 687 625 951 799 717 530 878 696 905 694 653 739 693 748 631 585 585 707 554
707 389 437 469 424 363 569 1012 452 276 464 253 275 578 509 435 449 671 860 767 616 571 503 390 470 490 585 694 772 967 907 863 675 629 526 642 532 562 505 234 228 226 317 307 227 332 479 444 498 432 602 632 610 975 998 895 590 838 762 1142 882 694 731 602 871 827 615 372 507 536
533 219 443 657 358 335 366 815 645 400 400 168 483 370 403 251 517 950 1002 887 586 628 644 608 715 821 865 982 1130 1233 1072 1023 771 698 767 802 806 810 643 220 302 280 455 663 197 256 355 392 614 424 385 581 471 891 594 560 478 414 390 810 385 604 484 459 565 492 329 431 515 387
156 135 292 132 78 147 217 452 334 111 232 217 234 213 171 127 393 630 635 588 394 376 405 380 392 472 562 726 732 735 613 440 447 315 420 533 558 529 479 278 279 360 426 490 186 278 254 275 283 221 321 434 451 672 613 509 367 575 306 554 572 416 293 523 327 231 280 278 258 244
179 120 328 288 87 229 221 390 363 96 120 206 239 171 140 160 180 390 432 406 241 253 242 289 363 469 551 736 846 824 675 531 486 389 563 510 473 401 382 180 175 213 418 461 127 204 255 343 390 219 327 432 560 587 567 462 329 627 320 588 590 363 337 609 496 338 444 371 374 299
251 125 360 400 138 232 219 566 404 158 264 112 257 135 134 86 261 566 571 512 274 306 292 278 306 401 472 635 720 751 628 633 441 361 478 395 444 393 293 208 254 268 237 427 107 189 289 363 463 327 287 530 488 808 637 530 367 503 318 698 426 465 340 417 452 368 211 315 292 195
309 162 385 250 144 174 197 511 247 144 339 191 133 287 208 179 405 597 665 619 478 422 463 415 429 475 573 742 795 882 772 613 507 439 477 624 643 605 516 259 243 340 417 347 166 211 197 122 177 182 266 314 264 525 453 353 217 405 286 474 380 277 281 332 237 265 229 127 195 290
