591 177 232 275 213 182 159 226 235 196 234 239 225 515 403 457 417 514 487 375 368 391 391 348 370 379 515 514 539 511 581 533 565 564 620 660 625 746 572 537 657 804 486 799 793 403 642 396 307 254 272 413 251 388 504 452 620 700 1037 867 656 591 651 636 671 675 743 903 707 1097
792 319 402 292 319 274 232 195 230 246 299 293 387 511 553 589 435 570 588 416 325 325 331 349 388 386 491 475 490 446 496 474 474 538 602 600 528 518 452 591 642 719 393 566 654 316 529 382 361 240 409 449 270 378 406 518 566 584 810 720 672 572 496 643 539 668 663 890 630 877
778 291 376 209 282 372 325 246 229 165 341 310 271 385 334 401 318 488 469 384 382 372 404 418 447 465 596 547 533 476 504 441 457 440 513 492 410 487 369 489 533 687 504 668 811 413 713 432 436 329 432 601 333 404 316 419 479 606 893 811 666 625 441 654 542 589 792 819 696 917
600 314 313 263 216 224 147 123 201 260 225 316 464 566 511 491 374 442 398 285 306 368 369 292 269 237 347 371 402 396 476 454 450 499 553 592 562 675 558 488 782 863 585 563 509 155 294 278 244 100 205 153 105 211 291 294 397 432 608 476 407 347 468 486 421 434 472 665 465 695
645 194 328 340 272 294 281 253 259 198 324 375 300 319 234 315 267 474 496 362 301 309 366 387 426 438 595 578 574 516 581 536 579 561 636 662 594 747 607 560 692 862 649 945 924 543 843 413 286 377 424 572 384 465 576 593 740 829 1208 1061 835 743 755 845 833 768 940 1056 881 1183
813 301 478 410 522 599 501 407 342 287 372 496 623 662 590 605 499 438 389 268 279 360 451 498 575 585 746 704 676 635 706 693 760 753 799 805 765 862 806 942 908 1225 1048 1314 1317 673 1033 451 435 367 563 764 481 683 592 590 718 903 1183 1119 893 719 620 834 808 824 996 952 642 999
1062 486 655 729 733 607 671 561 504 504 447 634 789 840 806 814 776 739 694 536 410 449 585 704 830 857 1051 1093 1111 1046 1164 1179 1223 1280 1353 1361 1301 1360 1403 1442 1391 1627 1155 1593 1449 901 1229 679 538 579 777 909 724 843 892 975 1043 1127 1450 1408 1164 987 891 1018 1080 1115 1121 1271 868 1267
840 317 414 536 532 424 534 422 455 406 390 418 461 693 636 566 559 550 556 479 438 468 539 597 718 803 1036 1094 1125 1078 1183 1154 1179 1206 1304 1306 1245 1364 1268 1221 1237 1377 859 1288 1165 746 1011 761 517 489 593 723 543 577 685 715 786 809 1136 1056 795 699 676 654 732 740 731 866 617 999
830 345 448 588 570 398 491 433 529 502 477 543 588 678 677 605 550 595 620 439 307 325 388 480 588 670 870 949 985 946 1043 1046 1077 1137 1259 1293 1255 1388 1257 1206 1328 1488 957 1312 1084 756 971 718 494 483 532 682 534 612 790 805 926 947 1207 1073 858 767 822 841 827 841 787 1061 747 1113
1287 635 684 633 736 504 660 529 527 520 478 566 690 752 835 764 735 787 749 642 441 337 406 561 715 838 1046 1157 1195 1128 1207 1218 1211 1315 1479 1473 1326 1342 1420 1511 1479 1664 1052 1399 1160 869 1103 809 692 590 680 918 679 753 735 966 977 994 1246 1231 1055 1052 821 986 862 1008 925 1231 921 1182
1675 869 1045 1018 1042 784 1024 917 834 792 749 857 860 1052 1044 1090 1105 1301 1280 1151 881 724 818 987 1144 1281 1538 1664 1724 1634 1733 1719 1724 1776 1954 1933 1772 1824 1916 1923 1798 1955 1256 1839 1655 1270 1603 1146 1034 1047 1100 1364 1123 1179 1145 1461 1442 1410 1855 1862 1626 1581 1264 1402 1384 1493 1447 1727 1426 1762
1385 669 884 785 801 672 660 726 664 651 541 665 790 1145 1030 1069 937 1035 1030 923 843 775 715 637 680 777 1025 1129 1194 1199 1298 1261 1289 1278 1404 1438 1336 1483 1462 1354 1324 1492 1092 1488 1316 773 1024 721 767 649 676 824 640 924 866 965 1094 993 1430 1393 1236 1106 1134 1046 1059 1132 1070 1277 997 1379
812 392 464 388 398 386 369 308 411 401 426 501 534 564 509 461 349 509 514 401 372 365 360 330 338 401 587 658 688 679 747 713 720 728 861 893 833 1042 882 753 1036 1159 864 896 725 411 581 501 444 328 327 413 292 386 415 475 585 592 822 706 590 570 642 678 540 517 598 781 636 828
853 420 477 462 449 380 433 445 468 445 420 541 551 781 648 656 629 760 669 538 465 439 473 478 493 544 713 800 852 833 919 895 917 925 1054 1103 1071 1271 1121 1003 1263 1458 991 1175 1002 585 811 589 580 432 371 570 446 588 587 651 781 876 1158 1008 810 818 786 861 790 786 874 1059 858 1193
1126 609 663 733 700 491 604 666 717 706 593 670 693 1076 966 948 928 1016 949 799 689 646 648 655 699 789 986 1122 1207 1198 1297 1276 1285 1317 1462 1506 1484 1658 1503 1361 1533 1667 1033 1359 1125 773 952 859 791 631 548 732 626 761 835 886 1004 1011 1301 1163 967 966 980 926 917 970 899 1203 945 1348
1264 671 732 677 723 506 580 609 607 621 466 599 790 1101 1073 998 915 950 898 804 671 575 532 521 599 717 938 1090 1166 1168 1271 1272 1279 1351 1510 1572 1448 1554 1565 1490 1598 1786 1191 1493 1180 774 945 764 754 538 527 726 576 829 819 944 1069 1008 1316 1237 1083 1068 1065 1030 954 1071 930 1263 968 1322
1638 918 1056 1010 1064 770 800 912 821 851 639 877 1139 1401 1374 1375 1276 1248 1159 996 794 696 674 698 796 895 1102 1252 1327 1324 1434 1467 1500 1582 1725 1798 1685 1748 1851 1843 1797 2094 1529 1973 1597 1086 1311 841 903 764 781 1051 855 1231 1202 1307 1479 1454 1803 1751 1566 1472 1455 1460 1417 1574 1391 1769 1315 1763
1466 902 975 962 996 747 797 848 773 826 570 835 1210 1506 1490 1387 1293 1198 1111 1017 855 777 750 741 850 940 1156 1318 1391 1404 1546 1593 1628 1748 1877 1990 1837 1894 2036 1984 2083 2376 1738 2116 1699 1133 1326 916 914 710 773 977 850 1247 1259 1354 1543 1492 1833 1745 1554 1473 1531 1491 1471 1597 1386 1747 1318 1772
1210 735 862 944 956 821 829 883 809 798 597 842 1195 1559 1477 1330 1232 1079 1040 982 902 888 855 800 920 1013 1261 1383 1430 1461 1621 1656 1742 1818 1917 2070 1926 2056 2111 2009 2157 2519 1965 2434 2035 1315 1564 1009 922 753 816 1057 912 1378 1450 1407 1701 1675 2103 1944 1653 1509 1705 1591 1662 1685 1544 1770 1369 1932
973 561 633 742 825 693 725 695 784 710 637 724 1012 1204 1274 961 817 698 796 762 673 635 551 536 711 894 1172 1295 1313 1348 1473 1508 1589 1693 1847 2010 1815 1963 1918 1851 2089 2422 1895 2284 1801 1319 1489 1110 852 667 683 985 780 1182 1365 1288 1619 1535 1882 1669 1395 1315 1605 1474 1405 1418 1237 1530 1224 1679
816 445 494 683 743 637 744 615 703 598 607 658 858 959 1043 735 673 566 669 652 556 540 543 616 833 1003 1277 1362 1356 1345 1469 1499 1582 1688 1827 1961 1764 1890 1843 1817 2028 2353 1797 2259 1846 1406 1634 1167 780 703 765 1079 851 1112 1348 1288 1572 1560 1916 1701 1357 1287 1477 1425 1399 1368 1267 1496 1219 1664
819 607 514 711 776 643 793 645 809 742 690 718 997 1170 1298 871 815 669 751 779 699 669 635 681 890 1071 1331 1461 1475 1488 1621 1665 1721 1885 2043 2210 1995 2109 2052 1991 2391 2669 1966 2270 1780 1439 1556 1362 949 718 746 1017 869 1117 1390 1338 1618 1577 1830 1569 1272 1299 1544 1449 1362 1358 1174 1492 1260 1665
760 640 506 688 713 606 776 632 848 798 726 747 989 1228 1310 870 817 745 815 853 797 762 705 702 859 1037 1295 1454 1490 1522 1659 1689 1725 1878 2054 2229 2034 2211 2084 1912 2482 2688 1939 2106 1613 1318 1381 1398 1009 708 669 876 810 1018 1291 1257 1521 1449 1675 1383 1128 1213 1499 1361 1248 1212 1047 1378 1228 1587
744 669 511 688 684 553 703 568 788 801 651 689 1036 1331 1435 989 902 787 847 872 822 813 743 706 845 982 1213 1374 1425 1468 1619 1661 1680 1870 2015 2192 2007 2122 2040 1882 2462 2603 1807 1922 1471 1163 1179 1320 954 605 642 721 725 941 1236 1211 1441 1322 1505 1226 1043 1095 1420 1245 1160 1171 920 1303 1105 1463
700 673 521 682 655 561 732 554 814 839 690 690 1023 1385 1481 1020 909 850 938 965 931 931 853 790 906 1036 1272 1435 1497 1545 1702 1730 1734 1921 2065 2231 2053 2176 2055 1860 2509 2557 1711 1760 1391 1086 1080 1392 1019 622 683 662 721 880 1173 1192 1369 1195 1370 1090 960 1010 1336 1140 1059 1066 811 1178 1029 1351
901 871 646 723 711 636 740 606 821 899 650 650 1098 1651 1696 1233 1116 951 976 1101 1190 1205 1061 874 946 1053 1286 1458 1541 1622 1784 1789 1763 1943 2055 2208 2026 2119 2053 1834 2432 2430 1634 1594 1269 920 858 1369 1091 568 663 542 634 831 1039 1038 1186 968 1123 903 825 892 1249 932 900 959 652 983 869 1176
989 973 817 800 793 726 764 695 899 1034 741 788 1309 1939 1981 1596 1369 1256 1258 1254 1283 1313 1157 952 963 1006 1171 1328 1429 1527 1688 1713 1687 1886 1974 2133 2007 2049 1975 1834 2468 2437 1608 1466 1270 810 741 1299 1210 571 718 515 661 951 1076 1133 1254 1030 1127 897 952 955 1274 1057 973 1114 772 1146 934 1259
1166 1188 1087 1032 972 926 906 899 1053 1261 925 1116 1629 2193 2143 1933 1697 1633 1514 1353 1340 1435 1369 1193 1114 1037 1104 1237 1351 1437 1600 1644 1618 1801 1848 1985 1991 2040 1944 1821 2504 2486 1690 1413 1331 757 730 1203 1311 687 859 576 805 1087 1128 1213 1281 1190 1202 978 1100 1052 1274 1230 1142 1285 1045 1396 1074 1411
1164 1080 988 851 774 759 772 700 792 1001 713 852 1293 1864 1804 1681 1486 1514 1399 1298 1302 1361 1315 1143 1062 971 1048 1150 1260 1308 1457 1462 1404 1561 1594 1666 1629 1624 1601 1505 2043 1929 1186 955 1033 504 522 1021 1131 580 816 466 666 820 798 998 950 827 911 776 916 875 941 920 872 1033 849 1137 896 1148
1451 1252 1143 941 827 743 828 746 822 1036 765 856 1222 1765 1753 1678 1512 1700 1623 1558 1489 1442 1370 1208 1138 1078 1174 1300 1424 1444 1579 1563 1468 1634 1702 1748 1627 1579 1635 1516 1993 1781 1006 830 914 555 557 1122 1212 735 940 577 767 840 831 1164 1052 830 993 904 1077 1095 1079 1034 958 1152 933 1323 1157 1314
1337 1003 951 774 634 578 724 602 625 764 600 607 796 1357 1301 1303 1216 1496 1459 1447 1390 1312 1271 1142 1105 1074 1219 1310 1418 1396 1518 1455 1364 1467 1538 1535 1382 1352 1397 1269 1578 1340 621 652 837 503 602 1037 1037 715 908 606 710 670 663 1027 875 657 965 917 996 1010 885 827 836 981 860 1150 1073 1234
1654 1144 1117 934 750 701 896 779 641 731 632 623 684 1284 1160 1309 1353 1689 1620 1697 1648 1514 1519 1416 1411 1375 1543 1590 1682 1603 1717 1612 1524 1573 1620 1571 1355 1285 1437 1335 1390 1178 546 851 1140 781 1013 1152 1123 996 1196 986 988 881 838 1251 1067 897 1404 1425 1376 1394 1094 1045 1183 1303 1291 1481 1460 1657
1504 989 1012 880 683 636 823 710 569 643 560 534 607 1218 1115 1259 1278 1597 1576 1627 1558 1444 1451 1360 1381 1342 1515 1539 1620 1538 1660 1563 1495 1551 1579 1542 1322 1228 1377 1311 1319 1120 483 892 1210 801 1061 1108 1029 945 1189 979 965 891 903 1283 1128 941 1489 1490 1421 1376 1116 1054 1235 1353 1313 1502 1434 1692
1689 1168 1145 1021 811 749 933 827 642 735 622 598 712 1362 1255 1415 1471 1730 1676 1773 1735 1627 1640 1537 1566 1506 1667 1678 1759 1669 1794 1694 1617 1684 1685 1637 1402 1258 1470 1430 1365 1160 532 982 1326 917 1179 1213 1122 1056 1341 1107 1090 1003 1022 1390 1220 1044 1604 1631 1546 1503 1223 1132 1368 1507 1447 1629 1554 1825
1719 1209 1142 1012 836 773 937 810 639 746 614 565 730 1395 1310 1428 1481 1656 1593 1727 1741 1657 1657 1537 1573 1515 1676 1685 1764 1681 1802 1701 1611 1689 1680 1618 1386 1217 1440 1429 1327 1106 495 902 1251 864 1094 1226 1120 1009 1332 1064 1040 936 945 1289 1100 920 1425 1478 1410 1372 1104 983 1222 1389 1296 1464 1390 1641
1647 1150 1065 1015 822 721 866 766 612 732 563 543 720 1337 1237 1349 1426 1515 1429 1546 1587 1549 1568 1453 1490 1423 1579 1594 1675 1596 1723 1631 1545 1624 1602 1541 1356 1211 1411 1370 1253 1059 473 889 1163 798 1009 1127 983 921 1233 961 950 836 903 1158 997 852 1314 1365 1264 1210 1018 850 1129 1274 1163 1345 1225 1507
1715 1204 1092 1030 872 764 899 789 626 747 563 535 761 1394 1313 1390 1466 1489 1397 1553 1620 1581 1587 1463 1517 1463 1629 1647 1724 1650 1776 1687 1598 1687 1664 1601 1397 1229 1463 1451 1289 1112 534 953 1205 836 1036 1166 1014 921 1253 994 959 864 912 1157 997 848 1295 1367 1260 1213 1021 833 1112 1280 1141 1315 1190 1471
1880 1315 1230 1198 1036 868 972 900 730 876 651 662 924 1497 1433 1540 1601 1573 1471 1572 1615 1600 1619 1514 1573 1504 1655 1674 1753 1678 1805 1733 1646 1747 1712 1642 1471 1281 1537 1551 1310 1151 594 1050 1265 900 1096 1168 1028 985 1343 1071 1034 959 1034 1244 1091 950 1368 1461 1363 1269 1105 913 1210 1403 1217 1438 1222 1530
1920 1394 1242 1186 1028 895 984 918 729 875 645 647 921 1540 1447 1537 1633 1570 1433 1613 1724 1705 1704 1552 1598 1528 1682 1700 1778 1710 1835 1748 1652 1743 1701 1635 1444 1266 1533 1520 1302 1150 641 1049 1256 901 1080 1199 1068 990 1326 1061 1022 946 997 1184 1042 917 1338 1434 1317 1271 1118 885 1191 1370 1212 1393 1241 1530
1605 1116 1025 904 778 721 795 737 558 670 512 472 709 1416 1319 1421 1449 1479 1377 1505 1584 1551 1528 1375 1402 1330 1465 1455 1526 1468 1582 1491 1416 1493 1456 1408 1220 1043 1242 1289 1141 997 466 848 1176 731 945 1051 997 823 1150 922 865 854 843 1070 943 824 1264 1307 1229 1170 967 827 1071 1266 1153 1295 1162 1473
1740 1232 1120 982 883 783 858 766 623 762 563 519 830 1485 1452 1492 1488 1478 1401 1545 1619 1579 1534 1377 1421 1372 1523 1538 1615 1565 1681 1601 1508 1617 1594 1541 1329 1126 1368 1419 1260 1082 531 863 1129 745 906 1120 1040 838 1199 922 876 858 859 1106 956 772 1163 1240 1208 1149 982 804 1016 1246 1050 1251 1101 1361
1711 1268 1126 1023 929 921 987 831 737 845 725 571 793 1492 1426 1449 1472 1434 1375 1563 1751 1778 1751 1577 1611 1551 1704 1673 1732 1675 1776 1659 1557 1628 1577 1480 1315 1136 1270 1326 1153 906 425 712 1120 769 933 1305 1150 943 1335 998 942 791 803 992 796 647 996 1079 1034 979 805 602 860 1052 933 1005 949 1177
1558 1185 1031 936 816 850 923 774 677 771 661 494 721 1495 1413 1412 1435 1423 1380 1601 1803 1820 1769 1560 1589 1528 1685 1650 1709 1661 1772 1650 1558 1628 1572 1506 1312 1143 1267 1289 1198 951 450 745 1167 779 943 1316 1143 910 1287 950 916 802 837 1017 857 688 1088 1125 1065 1020 891 654 928 1094 983 1041 1028 1283
1718 1209 1174 1105 925 906 971 888 761 842 736 574 747 1504 1421 1505 1496 1579 1605 1765 1891 1879 1810 1602 1640 1587 1765 1726 1789 1733 1846 1720 1644 1694 1640 1575 1367 1198 1335 1332 1130 869 407 881 1304 907 1112 1333 1148 1058 1428 1095 1042 970 1067 1251 1121 877 1400 1443 1374 1249 1169 878 1204 1362 1215 1333 1270 1573
1482 963 986 1070 820 765 880 782 735 771 693 504 566 1234 1144 1190 1201 1331 1449 1587 1696 1702 1642 1453 1518 1513 1752 1737 1800 1741 1868 1734 1676 1700 1673 1619 1425 1356 1398 1256 1095 810 342 927 1233 917 1118 1321 961 1027 1333 1002 968 832 1091 1198 1116 813 1397 1402 1260 1105 1179 766 1150 1203 1048 1195 1154 1481
840 460 512 573 398 496 464 400 404 389 411 253 306 828 701 704 647 719 833 931 1120 1202 1132 915 940 924 1135 1077 1098 1075 1179 1056 1049 1027 996 987 859 905 799 670 670 543 309 707 969 549 764 838 549 555 800 578 498 487 704 652 709 541 1037 953 786 618 817 489 769 739 732 753 722 1060
933 598 536 491 392 483 398 363 318 371 312 241 416 953 807 824 785 732 690 801 1037 1132 1078 850 834 771 916 869 901 890 984 881 849 854 808 790 702 705 665 612 629 562 334 529 777 325 501 645 532 377 630 420 350 379 444 409 430 378 722 679 564 465 556 332 540 589 596 606 532 833
747 494 345 254 258 353 380 205 170 219 141 151 400 866 756 636 649 546 428 592 787 836 840 703 730 716 886 903 936 922 1031 964 927 979 997 998 865 889 916 876 1058 1083 653 711 808 325 499 636 531 221 447 348 278 293 239 327 307 329 583 541 397 416 347 283 365 417 460 448 396 640
727 486 328 419 301 321 438 206 257 304 259 234 332 592 505 401 496 468 411 542 701 779 854 789 841 828 1017 1040 1072 1016 1130 1055 1002 1054 1077 1047 945 1012 979 828 1020 947 502 638 674 413 568 751 420 362 568 390 374 170 332 382 326 326 583 533 337 353 362 224 380 337 385 445 417 614
520 361 321 426 297 375 451 358 392 420 316 339 467 1095 872 795 805 784 697 717 861 976 1010 874 864 826 996 1029 1092 1093 1238 1174 1175 1193 1205 1245 1233 1373 1198 1009 1354 1348 756 926 1038 459 655 795 639 376 515 382 426 446 535 528 570 591 895 729 544 490 564 427 619 576 623 632 527 938
404 143 208 358 232 291 287 121 226 219 240 257 377 446 411 284 206 225 335 323 398 513 543 474 546 555 769 763 761 736 858 817 844 880 908 953 854 989 877 719 952 992 714 951 892 496 695 561 198 262 475 350 297 310 592 517 643 576 918 775 572 409 681 523 647 532 557 650 499 790
515 347 286 514 344 474 458 383 320 289 330 433 458 629 393 417 562 451 328 386 581 754 896 842 879 794 933 867 849 790 909 851 900 875 832 871 853 1018 899 756 944 1155 967 1281 1287 766 1080 636 339 469 607 647 552 540 757 551 726 976 1342 1169 766 685 809 744 1006 814 1074 973 843 1271
565 315 211 319 169 174 171 131 163 187 137 189 284 481 355 300 346 337 289 360 493 556 561 435 453 442 616 644 672 651 758 699 693 717 748 796 702 850 771 553 806 875 605 778 649 349 500 442 191 199 271 225 185 199 423 326 468 488 811 674 433 422 641 438 565 471 526 659 575 863
541 374 227 213 131 178 164 67 148 205 140 178 374 596 532 391 359 362 322 405 538 581 544 392 391 387 546 591 625 628 731 683 656 720 769 828 705 820 757 583 964 988 657 622 522 223 310 466 292 109 216 109 104 148 285 276 375 346 574 438 313 342 531 385 391 359 373 528 476 674
801 499 396 263 274 234 219 98 150 249 188 282 531 561 613 536 446 482 410 369 352 352 367 342 364 345 450 492 520 491 568 562 521 640 709 729 610 609 655 683 934 993 623 545 469 206 315 361 316 116 296 232 166 219 245 384 397 415 538 471 443 454 427 525 390 489 466 718 525 654
547 271 223 227 166 132 156 119 116 167 65 141 380 748 696 620 564 556 497 476 478 497 489 413 451 438 576 616 659 649 767 751 755 847 887 958 844 870 866 829 1072 1167 660 850 809 346 518 436 336 127 277 263 214 376 471 519 624 621 910 764 624 577 637 598 639 697 640 843 626 981
414 260 118 207 129 111 169 47 179 213 181 132 297 562 577 399 365 359 372 394 451 504 494 428 484 493 640 669 698 682 784 753 732 839 887 941 831 876 774 703 1038 1033 542 637 590 345 438 612 327 151 295 211 186 184 418 408 492 461 663 487 353 360 511 404 424 438 373 595 482 743
355 271 181 188 110 214 225 97 221 267 236 213 382 770 691 548 464 503 487 487 600 691 677 547 532 500 631 646 684 691 800 753 737 803 833 886 827 923 754 645 1091 1058 589 544 633 225 338 598 446 149 309 146 178 204 320 339 393 376 569 383 309 290 417 353 367 360 381 485 411 668
718 373 279 292 177 106 108 115 126 176 87 121 272 546 484 447 437 476 442 483 537 529 480 351 374 379 540 588 634 619 716 666 643 703 753 801 664 730 720 581 765 801 454 649 539 271 394 394 232 162 241 203 145 228 401 398 515 460 787 675 517 514 669 486 552 568 516 764 638 912
664 284 266 212 171 157 152 73 62 98 96 167 291 393 361 372 335 405 351 309 304 317 357 338 373 353 481 487 503 455 535 503 493 550 598 610 506 544 546 547 681 777 466 613 604 258 468 291 196 138 292 299 180 230 291 371 425 478 746 665 527 485 452 512 498 533 590 753 569 803
893 587 574 384 325 446 361 159 207 310 271 313 572 655 647 574 419 516 556 624 751 794 753 577 560 525 697 700 718 707 802 738 687 742 767 761 595 635 685 579 808 716 547 441 525 170 290 470 371 238 535 231 220 221 252 392 360 206 466 461 479 387 500 408 394 408 428 524 466 520
1231 800 819 550 544 705 696 341 331 408 411 416 668 754 769 677 552 672 740 910 1047 1045 1035 895 931 936 1174 1172 1178 1135 1233 1145 1076 1120 1159 1098 848 844 1005 940 1025 888 688 661 829 438 624 777 631 514 906 587 513 417 342 630 481 276 614 715 717 626 554 504 512 542 597 585 598 578
994 585 657 559 472 559 630 383 309 384 319 391 570 918 796 830 793 879 831 857 921 977 1069 1006 1028 968 1153 1149 1188 1129 1259 1191 1156 1187 1191 1137 1028 1031 1106 1054 1119 1039 583 769 1022 446 725 706 611 497 849 596 572 491 436 679 536 478 840 871 785 648 471 496 649 683 756 734 596 821
924 569 541 456 430 407 505 360 322 406 266 356 590 1060 963 929 898 912 789 774 785 803 856 810 833 806 956 1014 1081 1052 1176 1144 1109 1189 1234 1230 1147 1148 1186 1168 1340 1342 705 837 936 408 611 681 663 366 591 481 459 491 419 632 556 552 804 765 685 648 475 526 580 690 666 782 583 874
682 394 567 634 411 570 530 353 367 423 426 478 570 770 616 691 592 725 793 721 823 996 1083 967 951 836 1000 931 944 897 1032 958 966 954 903 883 854 944 851 696 852 748 515 729 1011 442 719 622 402 501 856 495 532 458 638 667 646 573 974 902 794 521 658 560 807 699 817 783 625 908
1161 634 692 456 528 588 482 367 196 273 216 419 703 806 720 809 737 671 507 491 548 589 670 635 656 589 712 688 693 644 727 702 696 728 736 701 604 583 748 874 793 984 803 908 996 379 681 302 425 291 594 587 400 541 331 487 465 591 849 912 805 683 462 655 654 759 884 873 597 824
610 197 167 153 152 160 214 120 110 59 130 60 101 408 369 319 322 377 373 415 451 432 437 412 497 546 725 719 728 678 749 687 690 722 785 795 648 689 633 663 724 823 443 760 804 453 696 538 350 245 359 478 273 315 381 437 514 548 902 797 576 570 500 497 527 565 620 716 618 920
582 217 232 160 135 171 173 174 161 145 139 126 212 703 577 569 503 596 554 535 577 571 529 419 425 440 595 613 654 648 734 672 681 694 752 794 702 790 675 636 824 907 486 699 780 294 511 457 434 190 261 322 202 359 354 409 511 519 866 724 578 550 538 511 532 581 624 728 607 958
800 405 357 225 229 209 167 144 101 156 127 245 387 513 448 500 466 515 377 317 319 319 355 327 327 292 387 404 430 391 457 430 414 464 520 529 456 500 505 536 677 823 532 586 564 196 397 225 268 123 230 292 160 259 214 306 360 482 690 621 507 509 408 536 463 537 623 785 583 809
814 342 351 336 261 258 272 162 106 115 99 101 241 482 434 417 403 429 447 531 601 604 601 514 592 609 816 813 827 779 878 811 802 835 863 861 681 698 764 713 689 727 442 790 815 430 664 484 266 283 499 451 304 339 448 508 557 487 911 882 685 593 623 493 627 642 644 746 619 892
