558 264 197 221 323 335 290 496 483 572 538 452 661 438 336 335 417 315 472 446 376 279 561 766 768 515 385 557 610 504 315 372 402 507 665 627 608 796 720 640 664 714 800 930 758 717 895 891 721 774 455 774 558 529 738 667 746 563 490 501 486 569 481 522 688 727 472 464 512 234
461 291 194 198 328 280 283 531 636 786 679 463 652 370 319 408 530 399 518 456 375 350 748 1023 1061 721 552 658 636 584 394 468 489 575 832 835 848 1035 949 848 824 895 978 1148 992 1031 1210 1082 900 952 627 956 645 421 529 423 485 305 266 214 436 506 341 523 721 677 469 478 564 177
592 385 143 266 315 441 273 448 425 683 607 539 652 516 357 376 522 394 525 414 376 395 695 911 918 752 598 812 859 796 568 631 676 802 1102 1031 933 1156 977 915 937 951 1038 1249 1082 1075 1205 1123 983 1077 698 997 803 677 754 650 676 555 567 396 499 491 438 490 662 588 521 309 456 263
256 127 176 111 193 115 197 473 583 692 706 354 525 352 299 327 420 298 414 395 390 342 652 922 982 557 358 420 390 329 184 282 297 453 618 577 603 774 671 582 640 635 660 761 608 708 938 772 608 639 349 610 429 339 454 414 533 290 343 335 516 559 296 444 770 710 401 505 536 203
644 298 115 217 410 380 238 385 393 470 520 546 643 528 318 326 522 406 578 450 335 278 628 796 882 698 548 769 819 729 466 448 441 485 677 623 625 861 720 651 698 747 899 1080 1009 957 1114 1031 890 1001 691 910 704 668 815 737 774 627 639 528 547 691 643 571 793 722 511 410 553 348
752 514 309 450 578 585 456 562 642 824 697 610 763 526 502 435 561 709 684 625 426 453 718 976 1096 887 707 926 1001 916 717 819 774 698 720 662 705 888 867 785 695 794 987 1186 1050 1009 1217 1231 1084 1211 887 1306 1140 1007 1274 1190 1263 874 747 660 722 741 558 502 616 402 285 373 247 247
869 490 429 583 762 608 578 549 758 865 822 809 970 696 593 539 729 856 862 889 576 465 872 1194 1411 1029 865 1073 1141 1054 825 876 752 559 523 557 778 953 1019 873 748 897 1113 1265 1181 1129 1443 1483 1310 1477 1122 1488 1155 999 1300 1202 1307 816 671 812 628 950 749 665 741 645 521 796 615 451
720 397 341 429 575 601 556 473 508 667 739 708 983 760 557 513 698 644 708 815 656 494 673 982 1127 810 670 910 966 845 619 650 596 522 567 550 583 727 749 652 594 714 895 1071 881 896 1201 1281 1151 1243 851 1251 975 850 1115 1003 1066 702 580 697 499 648 536 495 489 533 486 559 503 284
714 419 370 403 642 537 593 527 619 732 847 774 1016 758 612 625 828 759 852 915 729 528 788 1171 1342 917 700 880 823 723 502 484 402 293 339 353 484 679 712 590 505 635 832 1004 879 930 1207 1177 1045 1134 824 1131 851 742 994 888 995 650 604 702 683 889 644 698 718 774 555 703 683 334
775 485 408 547 672 613 607 481 588 816 792 836 1002 798 595 630 840 858 858 932 726 534 852 1285 1446 1009 828 1026 1008 980 773 793 682 518 655 758 929 1115 1132 954 795 879 1043 1235 1141 1166 1441 1494 1412 1564 1147 1480 1156 978 1137 949 1100 633 610 809 632 944 738 848 831 840 878 936 929 458
1296 750 637 855 1067 948 854 710 812 1031 1032 1290 1482 1229 876 796 1128 1030 1254 1274 972 752 1274 1584 1729 1371 1235 1499 1562 1470 1157 1072 904 708 908 1106 1337 1570 1568 1375 1231 1301 1504 1666 1604 1522 1818 1910 1828 1980 1531 1786 1280 1201 1391 1195 1315 919 846 1100 635 1220 1149 1021 908 1120 1149 1278 1257 872
1065 585 608 577 868 719 687 978 943 1027 954 934 1348 979 761 588 824 667 989 988 837 718 1085 1213 1205 913 779 912 1000 837 617 578 466 458 647 905 1020 1185 1175 1055 988 984 1142 1236 1068 1043 1330 1425 1367 1307 954 1334 863 920 1167 1000 1171 825 675 856 631 952 849 685 667 902 684 961 852 547
521 301 245 219 416 367 378 522 517 694 831 649 858 727 511 483 712 492 709 673 657 556 803 1081 1155 790 550 679 616 526 314 289 249 337 563 590 610 832 700 618 648 619 723 877 746 865 1090 944 873 890 580 787 578 576 670 573 696 481 597 550 656 755 520 558 722 779 542 555 659 333
686 371 325 386 510 435 471 508 567 788 848 786 953 754 592 494 685 565 812 797 682 520 911 1234 1287 880 651 813 779 679 461 452 372 402 555 593 720 977 902 762 732 701 780 875 765 776 999 929 827 902 595 762 541 619 804 737 899 613 674 774 645 941 666 680 755 937 653 803 782 495
909 536 590 589 746 645 759 782 828 1019 1091 1013 1326 1010 840 747 932 755 1035 1127 988 735 1080 1442 1483 994 780 919 879 744 542 520 429 427 565 684 847 1067 1079 926 857 881 979 1061 877 912 1203 1208 1088 1110 767 1022 660 714 959 856 1039 724 695 927 708 1052 788 830 784 1114 827 1078 998 590
814 485 553 532 730 587 670 754 788 919 871 824 1142 841 686 605 782 733 893 971 838 632 955 1273 1316 872 702 815 805 719 554 557 434 369 487 688 854 1015 1045 868 743 731 838 926 812 832 1106 1193 1161 1174 846 1174 855 864 1086 926 1153 682 624 923 721 1058 799 858 843 1033 850 1107 1019 527
1189 744 827 838 1089 810 898 1062 1168 1214 1041 1062 1377 967 899 797 950 1062 1180 1232 952 748 1181 1491 1557 1088 919 1015 1045 957 805 818 642 456 484 777 1098 1265 1381 1172 964 1013 1182 1255 1179 1116 1409 1561 1491 1532 1214 1601 1179 1197 1516 1335 1614 1026 862 1230 974 1438 1157 1152 1121 1252 1005 1444 1214 743
1015 678 815 800 1032 752 872 954 1096 1099 932 912 1190 848 815 712 831 1035 1048 1131 899 703 1100 1408 1506 1038 904 993 1022 968 842 897 711 521 449 674 953 1066 1192 967 767 772 896 932 924 862 1146 1318 1303 1361 1110 1480 1233 1236 1561 1420 1701 1004 857 1302 1039 1478 1141 1183 1222 1271 1039 1502 1266 786
1114 783 851 828 1133 909 953 996 1056 984 840 879 1190 864 852 691 797 1070 1050 1113 896 735 1015 1230 1327 1028 932 1082 1155 1065 923 971 794 588 398 530 702 786 922 739 553 567 734 780 795 675 916 1157 1185 1229 1060 1472 1386 1443 1862 1761 1991 1288 1071 1458 1210 1529 1237 1173 1191 1181 915 1346 1097 796
920 778 732 643 1033 942 966 866 773 703 700 741 1078 862 790 778 909 1103 965 1051 968 775 762 1053 1177 950 826 1005 960 910 773 770 647 439 296 339 331 395 491 355 169 210 422 585 608 600 766 979 1104 1123 995 1431 1519 1482 1819 1666 1845 1219 1097 1346 1386 1426 1141 1249 1220 1117 953 1062 1058 590
877 738 602 633 956 947 894 613 557 525 578 711 928 813 694 733 873 1112 882 969 850 656 631 961 1162 982 878 1144 1124 1097 919 928 826 576 403 321 282 359 436 309 140 235 470 681 726 687 846 1053 1139 1265 1096 1506 1655 1539 1862 1730 1834 1232 1127 1321 1300 1330 1113 1208 1200 993 952 913 967 579
746 773 730 689 940 955 1021 659 621 618 706 722 930 862 787 874 960 1196 902 1063 1044 799 708 1138 1328 1035 914 1128 1028 1046 925 975 886 685 496 372 304 351 431 276 107 146 291 465 521 555 705 887 1016 1130 1001 1370 1656 1528 1808 1697 1841 1185 1164 1454 1488 1474 1134 1419 1440 1262 1209 1164 1255 702
659 713 724 632 867 881 1007 652 607 654 832 772 987 953 833 887 1005 1098 930 1093 1151 884 827 1260 1418 1064 911 1092 945 949 819 841 755 653 532 405 317 391 415 259 151 114 193 325 370 460 616 710 855 929 817 1078 1379 1327 1549 1472 1628 1050 1128 1421 1457 1474 1081 1386 1432 1389 1258 1228 1363 778
515 617 735 579 790 740 952 689 730 739 865 662 910 810 767 841 915 1012 831 1023 1089 838 844 1282 1435 992 851 963 811 824 729 802 725 656 521 411 354 391 446 276 172 141 175 264 290 405 596 661 766 813 712 1004 1253 1139 1364 1305 1474 866 910 1264 1347 1375 935 1308 1420 1372 1184 1280 1357 717
458 593 729 536 757 717 956 694 751 803 979 701 982 870 795 851 965 935 849 1043 1156 919 969 1391 1530 1069 923 1018 842 839 718 775 705 705 631 509 409 447 466 304 241 180 179 252 255 414 618 612 717 727 633 880 1101 970 1155 1118 1253 722 798 1130 1243 1275 825 1205 1317 1361 1149 1257 1367 734
421 591 878 608 701 721 986 918 932 989 1060 629 1012 875 836 851 869 835 732 1004 1209 1009 968 1326 1376 896 804 838 744 728 688 845 823 944 894 820 660 618 644 497 474 361 275 294 182 373 630 706 798 731 564 940 1122 1001 1178 1132 1308 729 739 1156 1191 1125 720 1115 1283 1342 1188 1346 1367 726
471 668 986 654 789 656 1046 1136 1300 1391 1353 760 1166 838 949 931 953 864 915 1111 1268 1124 1369 1744 1743 1140 987 915 748 722 680 842 791 954 960 955 906 914 949 763 708 573 439 392 288 486 731 659 692 575 488 793 849 714 895 890 1095 570 573 981 1185 1238 674 1140 1320 1501 1111 1527 1454 805
649 778 1134 850 926 616 1118 1325 1727 1899 1820 1081 1374 934 1173 1092 1123 1022 1232 1339 1367 1265 1871 2309 2326 1524 1263 1115 903 860 797 977 886 1078 1098 1111 1287 1409 1439 1212 1167 1031 856 732 630 819 1104 824 703 632 561 710 606 517 711 795 1039 572 630 991 1238 1508 766 1206 1478 1736 1085 1805 1566 1059
500 549 874 666 661 438 816 1081 1458 1675 1574 900 1162 790 896 824 891 688 947 1030 1079 1027 1678 2022 2020 1304 1112 1009 897 852 747 934 884 1147 1310 1333 1442 1556 1508 1305 1329 1184 990 890 745 910 1212 944 790 738 540 706 481 333 435 488 667 301 352 665 777 1069 525 877 1197 1445 973 1534 1376 903
585 543 866 680 681 466 776 1080 1401 1598 1519 972 1210 914 854 836 964 624 960 1014 1098 1018 1726 2004 1975 1299 1161 1073 995 970 827 957 921 1223 1554 1655 1741 1862 1741 1532 1601 1424 1212 1128 1010 1160 1450 1191 1062 1011 738 853 516 359 342 335 497 222 325 662 663 1061 675 1006 1357 1658 1304 1698 1705 1057
600 402 607 536 529 443 563 814 1020 1236 1201 869 1100 880 642 607 798 376 766 795 864 789 1449 1620 1584 1095 1029 1063 1097 1036 816 896 890 1196 1609 1690 1681 1811 1634 1468 1587 1440 1284 1261 1110 1188 1472 1297 1162 1143 765 907 498 346 311 266 340 179 241 502 306 708 573 728 1022 1339 1169 1337 1442 903
952 533 652 760 657 677 562 829 955 1142 1023 987 1130 1013 625 570 758 391 762 750 757 704 1392 1410 1354 1073 1139 1300 1535 1467 1197 1284 1309 1601 2067 2153 2105 2230 2006 1857 2018 1891 1763 1769 1621 1533 1804 1795 1630 1698 1179 1370 883 754 713 626 643 516 488 757 215 709 886 832 1149 1395 1457 1418 1568 1135
931 501 589 691 656 652 521 782 916 1039 894 888 1056 888 535 493 678 350 695 670 640 601 1296 1284 1243 1015 1105 1280 1526 1450 1167 1248 1270 1516 1933 2004 1944 2052 1862 1718 1856 1775 1687 1705 1579 1455 1709 1726 1557 1624 1145 1378 894 723 733 648 634 500 403 663 161 641 841 770 1067 1277 1314 1298 1438 1030
1037 603 737 859 740 767 615 913 1056 1149 938 930 1083 934 600 581 701 446 705 715 684 654 1319 1287 1241 1024 1166 1343 1654 1593 1343 1486 1535 1792 2182 2240 2170 2236 2064 1920 2066 2002 1892 1901 1751 1598 1870 1955 1755 1846 1319 1621 1135 927 946 856 843 661 512 822 241 697 960 897 1246 1382 1494 1456 1566 1152
976 610 784 879 702 787 650 965 1091 1200 969 875 1068 920 618 623 694 466 642 713 719 699 1249 1244 1197 961 1111 1274 1594 1540 1332 1529 1608 1885 2255 2294 2181 2203 2053 1924 2069 2022 1900 1922 1711 1601 1900 2019 1808 1884 1321 1712 1242 977 997 897 886 666 488 806 256 598 862 854 1209 1291 1470 1410 1493 1069
925 549 776 857 662 730 635 953 1094 1170 971 823 1035 876 613 627 661 485 601 724 702 651 1120 1160 1149 851 978 1130 1450 1383 1207 1428 1511 1759 2049 2076 2008 2018 1919 1800 1940 1944 1847 1872 1620 1533 1880 2017 1764 1847 1266 1707 1225 965 1038 945 957 690 487 819 269 570 802 793 1158 1198 1347 1347 1359 958
930 588 832 906 681 788 685 1001 1116 1190 953 793 1029 877 631 656 655 536 573 733 728 681 1064 1112 1098 813 959 1112 1452 1396 1251 1507 1600 1835 2097 2124 2029 2003 1927 1811 1932 1943 1847 1882 1608 1529 1884 2081 1842 1922 1321 1834 1381 1093 1176 1064 1086 759 524 883 324 560 805 822 1176 1164 1383 1360 1351 936
1056 679 964 1023 818 854 794 1171 1336 1366 1103 897 1160 937 746 789 767 693 703 880 811 754 1154 1231 1243 890 1016 1138 1476 1411 1287 1556 1638 1828 2047 2115 2102 2073 2053 1933 2025 2095 2034 2071 1773 1700 2096 2294 2004 2082 1469 2035 1490 1172 1300 1177 1224 858 573 948 420 674 889 907 1266 1223 1392 1475 1389 964
1043 696 1008 1067 780 892 800 1202 1308 1344 1063 855 1103 955 749 787 716 670 629 829 825 778 1085 1134 1113 800 959 1089 1469 1417 1325 1635 1749 1994 2215 2256 2181 2123 2077 1969 2095 2124 2021 2049 1731 1655 2042 2293 2022 2100 1457 2050 1583 1297 1403 1281 1338 953 680 1071 486 668 927 952 1356 1271 1510 1509 1439 1018
892 591 795 847 626 734 639 1033 1142 1237 918 724 970 754 590 597 565 454 530 641 651 649 1084 1113 1037 783 918 1048 1372 1313 1178 1449 1554 1829 2113 2139 2024 2014 1926 1809 1915 1902 1781 1803 1527 1426 1727 1901 1663 1714 1163 1673 1248 979 1073 976 1004 715 463 781 323 521 726 781 1127 1140 1276 1280 1256 870
865 616 875 875 672 767 712 1117 1225 1303 997 733 1028 809 642 685 654 539 558 718 753 740 1100 1160 1106 801 932 1028 1329 1284 1178 1458 1560 1820 2102 2162 2044 1995 1931 1814 1906 1903 1789 1824 1531 1492 1828 2009 1791 1816 1250 1814 1369 1041 1115 988 1032 690 440 788 384 535 716 826 1175 1153 1335 1349 1328 853
934 757 975 982 690 957 855 1229 1275 1436 1199 846 1173 1000 805 862 809 605 611 815 930 951 1151 1213 1149 901 1037 1175 1495 1423 1313 1631 1812 2167 2481 2421 2155 2089 1986 1932 2092 2118 1992 2071 1659 1678 2029 2191 1927 1940 1312 1936 1525 1140 1194 1088 1053 826 571 793 441 382 638 753 1097 1060 1330 1189 1211 860
869 712 921 914 639 917 796 1160 1179 1304 1060 746 1058 915 717 761 701 501 517 697 851 881 1093 1101 1011 829 999 1148 1477 1412 1294 1607 1792 2173 2478 2389 2069 1991 1865 1808 1987 1970 1817 1873 1510 1492 1798 1976 1755 1761 1187 1775 1457 1107 1159 1075 1026 808 560 800 435 379 652 764 1132 1103 1351 1177 1242 886
1110 788 978 956 831 1007 839 1313 1308 1315 1066 864 1234 1015 757 791 795 527 659 776 861 885 1195 1093 995 879 1080 1233 1601 1496 1328 1560 1721 2065 2411 2420 2144 2080 1961 1913 2093 2115 2031 2093 1760 1681 1986 2181 1952 1924 1360 1951 1476 1152 1232 1114 1048 896 580 811 413 469 848 833 1179 1205 1386 1254 1345 967
1074 664 836 789 810 968 778 1161 1083 1007 951 829 1259 1077 697 730 823 457 644 780 854 806 1006 880 846 768 955 1156 1504 1352 1131 1260 1403 1695 2006 2004 1710 1654 1545 1533 1745 1817 1824 1924 1600 1547 1883 2078 1875 1826 1280 1848 1356 1078 1193 1066 963 865 561 753 336 389 822 696 987 1059 1210 1035 1194 829
703 427 480 400 474 658 468 872 735 681 648 448 839 685 429 436 498 223 363 417 532 553 631 534 491 476 568 762 1028 876 681 811 963 1264 1494 1394 1050 1040 905 931 1134 1182 1217 1348 1051 1029 1277 1394 1230 1167 746 1283 1021 830 983 904 818 735 498 497 376 214 496 398 710 663 660 460 612 408
535 360 503 440 313 501 408 864 824 885 730 371 695 531 418 416 366 225 269 368 484 524 634 660 592 412 454 578 828 720 617 868 1025 1359 1561 1468 1217 1212 1101 1086 1253 1259 1205 1288 943 956 1233 1333 1118 1089 625 1179 943 755 894 836 845 641 441 509 387 218 345 381 751 656 651 569 575 365
238 183 287 324 123 335 284 400 438 664 557 264 450 404 279 239 232 230 159 300 400 389 510 717 732 452 433 597 763 724 619 875 946 1164 1282 1143 962 987 883 797 877 807 723 799 561 603 875 969 856 930 491 927 891 722 833 789 855 453 390 564 341 280 212 331 625 514 624 560 532 311
283 144 260 326 158 361 299 311 363 524 641 384 526 585 319 369 427 309 240 415 488 397 456 695 825 498 466 673 828 774 618 811 902 1097 1220 1018 854 899 783 732 889 913 893 1021 771 860 1197 1226 1044 1169 668 1052 937 724 804 762 766 466 462 575 318 276 298 364 715 571 710 532 615 361
441 273 395 384 334 408 473 517 635 835 872 564 822 619 523 383 455 309 495 616 631 543 854 1070 1097 735 647 804 890 758 575 725 741 947 1001 850 765 870 810 712 802 759 704 713 487 509 801 782 618 650 333 622 507 462 694 741 787 501 426 612 378 501 313 340 528 703 485 686 578 461
339 163 159 118 326 334 259 369 388 332 473 275 498 431 237 278 425 340 327 356 352 308 399 532 700 504 429 618 698 607 401 464 490 558 585 431 291 357 282 257 359 439 575 742 627 680 934 910 803 854 571 945 869 693 877 832 816 537 473 445 515 439 398 364 682 463 338 280 389 185
652 388 361 539 415 558 386 434 487 505 533 463 461 518 411 392 361 547 395 432 353 312 417 573 721 566 531 814 1046 969 808 1013 1089 1178 1069 760 673 780 704 668 800 878 947 1067 924 810 1046 1142 911 1135 759 1123 1193 1148 1420 1458 1470 1122 1028 1038 779 738 754 642 1056 717 647 540 496 554
299 79 190 181 159 234 175 371 338 323 400 223 379 402 202 235 261 218 188 266 319 218 276 428 504 242 192 359 502 435 306 444 515 685 757 632 525 599 494 446 590 593 616 721 554 573 832 890 752 830 448 804 747 705 852 803 883 577 563 659 503 474 467 482 874 703 620 506 592 293
105 53 181 104 74 148 168 362 363 428 479 164 328 341 190 235 268 182 158 233 370 305 395 598 646 320 237 342 399 370 264 421 486 710 838 716 573 639 502 432 561 489 441 528 379 477 708 681 600 639 309 622 636 548 619 578 676 357 421 519 522 449 315 475 878 734 635 541 661 274
138 102 171 159 131 91 166 355 517 668 613 278 359 275 208 320 382 355 306 328 340 293 595 936 1031 562 399 460 438 460 348 509 525 647 831 788 817 947 841 713 736 716 697 814 702 815 1047 920 783 883 533 817 681 470 501 422 556 199 288 366 498 556 299 571 947 761 652 658 733 258
234 92 176 159 191 144 198 339 463 528 420 215 389 198 165 168 203 230 244 290 257 177 515 752 796 440 362 473 528 490 356 504 498 589 652 602 603 699 662 523 521 505 494 548 453 434 647 666 552 624 348 670 573 455 641 601 715 319 252 463 390 536 338 493 757 712 522 654 631 255
114 112 185 123 122 210 269 311 362 437 491 196 373 306 212 335 358 283 207 319 408 298 399 697 781 428 341 470 470 449 327 480 553 708 799 621 473 539 463 378 445 465 450 572 421 513 727 697 583 652 350 691 698 488 602 562 611 312 322 430 510 426 265 538 845 724 624 516 656 205
121 140 212 125 120 190 281 394 491 661 708 299 497 370 309 317 379 204 301 359 476 435 679 934 965 599 472 569 550 492 341 489 547 798 939 756 601 705 579 496 600 540 468 533 362 473 684 545 425 443 185 441 435 294 398 420 461 236 281 334 452 405 160 380 688 700 472 498 575 277
277 54 189 138 148 164 146 429 409 392 364 187 392 319 145 204 231 150 170 234 284 178 341 492 510 212 174 290 410 360 243 373 431 605 763 747 675 746 652 568 665 651 650 739 580 593 832 896 774 812 434 804 643 565 680 587 698 394 356 519 394 443 428 524 877 787 690 621 723 259
271 71 61 123 131 128 80 267 364 470 416 252 344 249 120 178 261 233 245 231 181 137 449 682 765 445 335 481 555 525 358 481 504 603 769 712 713 858 751 651 695 716 756 889 768 775 995 949 786 904 531 839 657 505 606 530 611 319 319 359 338 434 333 426 752 594 500 457 526 200
217 136 242 143 196 215 160 570 619 674 674 266 474 447 227 269 403 185 253 241 379 456 673 739 796 528 469 535 642 603 446 588 653 925 1204 1166 993 1037 837 800 975 903 881 997 830 970 1240 1118 1018 1001 619 973 783 564 536 457 490 257 295 263 384 304 276 330 820 606 576 492 647 322
424 302 339 340 361 490 292 593 605 740 735 449 651 705 332 342 554 317 356 361 499 616 803 812 900 747 757 911 1108 1075 865 1001 1056 1296 1636 1604 1351 1360 1123 1095 1272 1189 1189 1351 1177 1300 1600 1557 1505 1520 1035 1440 1211 912 829 703 671 410 422 391 330 268 394 337 772 522 772 547 743 493
522 250 308 407 376 393 308 473 682 891 838 597 773 615 385 284 471 301 476 503 435 471 963 1079 1177 872 834 1006 1192 1098 849 991 983 1142 1351 1304 1268 1365 1242 1145 1246 1229 1226 1295 1107 1116 1455 1396 1202 1288 835 1155 801 578 675 643 632 353 266 369 93 330 317 212 505 501 519 647 591 499
416 235 349 403 327 311 384 458 686 956 855 577 766 529 433 346 455 369 506 597 529 464 949 1238 1292 828 722 839 911 846 669 832 796 916 1067 1054 1108 1231 1180 1018 1019 977 925 954 773 802 1113 1075 908 990 598 892 617 456 600 569 668 285 232 477 235 516 294 393 580 694 601 846 720 453
588 288 324 321 469 402 314 641 824 828 898 574 786 606 414 355 550 300 538 480 419 493 943 943 1071 848 794 946 1113 964 688 773 810 1013 1168 1038 951 1058 920 901 1098 1159 1230 1320 1144 1158 1472 1302 1049 1081 743 1046 709 508 660 687 603 492 383 291 280 377 402 212 634 542 310 444 456 465
555 312 313 454 366 343 242 564 751 946 683 460 552 377 332 268 328 469 431 402 258 340 751 945 1023 703 601 732 915 880 740 961 943 1001 1129 1151 1241 1364 1293 1178 1165 1172 1216 1326 1157 1126 1411 1426 1225 1360 906 1334 1045 864 1007 919 1041 590 485 541 415 550 432 402 732 473 476 625 452 353
395 202 100 189 186 365 216 276 212 356 296 275 446 365 172 219 290 242 228 263 271 203 340 536 562 411 372 612 731 680 497 611 673 776 952 847 682 789 682 608 636 663 719 896 729 693 866 966 866 966 569 967 868 713 846 736 761 501 426 474 354 333 367 449 623 530 591 351 491 181
395 186 166 162 204 269 234 433 423 591 496 350 596 377 262 198 283 142 335 333 350 295 614 780 723 486 400 553 626 532 351 445 470 651 858 832 734 878 768 669 702 649 642 722 548 521 697 711 609 620 304 617 454 417 576 516 595 373 309 401 315 409 307 377 533 651 472 486 524 240
312 121 132 203 136 122 118 358 477 659 543 334 403 279 209 237 285 286 322 301 244 203 565 850 891 496 342 453 507 484 350 503 519 642 832 812 878 1058 949 827 848 832 833 939 793 807 1025 960 778 897 507 793 593 496 591 518 661 347 378 435 410 539 356 491 810 696 557 582 583 255
424 139 162 208 242 335 157 394 356 355 281 215 430 365 118 150 232 190 160 205 200 172 316 378 438 302 331 537 760 695 521 653 709 820 975 939 798 834 739 685 770 809 881 1032 863 822 1077 1218 1099 1168 726 1198 985 804 936 811 833 517 375 471 261 275 419 367 672 479 577 421 514 223
