58092 37891 37575 37578 37869 37940 36429 34657 34577 34604 34678 34828 35079 35038 35591 36348 37344 38037 38794 39856 40857 41760 42607 43510 44329 45082 45873 46772 46023 43008 42809 39299 38254 37325 36835 36844 36667 35856 34515 34603 34706 34748 34893 35101 35136 35259 35586 35748 35790 36039 36286 36557 37028 37316 37537 37896 38239 38608 38821 39082 39394 39606 39843 40236 40332 40537 40699 40843 40904 40866
57702 37597 37315 37510 37658 37606 36073 34323 34285 34318 34436 34709 34670 34788 35255 36236 36943 37675 38754 39792 40720 41588 42398 43286 44221 45101 45909 46719 45379 42523 42370 38934 37883 37088 36650 36685 36480 35757 34424 34443 34616 34522 34738 34877 34935 35356 35659 35576 35941 36186 36424 36686 36863 37409 37747 38081 38370 38775 39056 39019 39220 39724 39763 40064 40287 40402 40468 40646 40830 40734
57130 37218 36904 37158 37078 37507 35658 33964 33860 33986 33993 34182 34501 34366 35110 35830 36604 37619 38686 39670 40540 41384 42166 43078 44013 44867 45600 46378 44549 41786 41575 38319 37358 36687 36287 36292 36178 35566 34136 34191 34232 34374 34408 34610 34868 35177 35281 35583 35846 36013 36325 36534 37001 37342 37568 37916 38299 38702 38749 38900 39197 39460 39583 39885 40080 40081 40312 40617 40550 40585
56636 36794 36608 36744 37036 37190 35197 33587 33564 33598 33580 34126 34075 34338 34751 35589 36624 37607 38594 39533 40389 41222 42073 43052 44042 44917 45737 46505 44019 41320 41024 37764 36774 36263 35908 35842 35790 35331 33879 33928 34071 34048 34224 34531 34632 34993 35437 35616 35761 36097 36260 36530 36769 37240 37565 38073 38407 38537 38641 38793 38994 39306 39435 39677 39797 39916 40077 40224 40433 40630
56233 36553 36319 36525 36704 36806 34862 33322 33233 33343 33584 33686 33993 34033 34656 36087 37512 38641 39585 40796 41762 42108 42596 43619 44316 44823 45468 46116 43231 40659 40284 37200 36328 35965 35637 35588 35576 35187 33687 33727 33806 33866 34140 34350 34691 35029 35436 35497 35837 35938 36203 36479 37098 37614 37880 38264 38246 38397 38589 38901 39346 39811 40071 40604 40665 40925 41242 41793 41693 41558
55804 36237 36128 36395 36346 36541 34404 32904 32885 33138 33178 33491 33545 33578 34755 36236 37204 38132 39374 40430 40820 41363 42321 43123 43850 44635 45213 45609 42622 40184 39795 36702 35791 35582 35314 35373 35289 34936 33547 33464 33496 33748 33968 34384 34707 35104 35206 35580 35529 35865 36291 36725 37412 37806 37882 37908 38074 38553 38856 39072 39527 40044 40287 40336 40784 40893 41221 41369 41307 41320
55214 35765 35823 36040 36171 36226 34010 32618 32685 32752 32867 33115 33081 33668 34986 35926 36884 38205 39225 39654 40206 41221 41940 42793 43722 44418 44712 44925 41957 39617 39139 36074 35032 34959 34828 34819 34831 34621 33266 33140 33386 33498 33873 34267 34588 34849 35142 35242 35664 36033 36463 36667 37116 37428 37442 37469 38167 38773 39207 39423 39774 40055 39992 40296 40519 40666 40820 40912 41004 41106
54440 35323 35435 35545 35838 35877 33625 32284 32236 32322 32507 32512 32773 33421 34187 35297 36553 37545 38074 38670 39752 40593 41388 42394 43236 43708 44196 43898 41183 38933 38433 35516 34394 34303 34230 34259 34311 34138 32958 32852 33054 33214 33629 34157 34427 34561 34764 35094 35436 35797 36219 36321 36680 36943 36905 37365 38117 38722 39058 39400 39555 39604 39684 40008 40222 40229 40319 40478 40490 40612
53831 35025 35186 35352 35783 35624 33302 31943 31997 32085 32132 32319 32770 33015 33933 35313 36237 36728 37405 38528 39441 40313 41253 42130 42749 43618 43420 43053 40547 38390 37914 35156 34001 33932 33897 33969 33949 33891 32774 32697 32950 33117 33759 34190 34177 34308 34843 35025 35467 35823 36058 35999 36264 36510 37011 37641 38143 38705 39191 39633 39245 39423 39473 39912 40110 39947 40031 40180 40205 40582
53233 34736 34910 35166 35272 35186 32867 31515 31682 31604 31712 32093 32197 32515 33675 34626 35123 35788 36987 37972 38893 39873 40644 41272 42327 43376 42295 41844 39631 37676 37231 34698 33591 33571 33634 33739 33665 33633 32546 32448 32721 33099 33509 33923 33803 34166 34569 34910 35308 35472 35636 35520 35691 36482 37034 37344 38008 38799 39347 39355 38915 39189 39308 39783 39766 39603 39713 39848 40106 40367
52398 34357 34496 34561 34715 34814 32501 31189 31273 31190 31420 31572 31618 32164 33039 33606 34174 35293 36387 37382 38417 39295 39859 40853 41969 42630 41165 40832 38851 37030 36571 34308 33242 33116 33146 33157 33192 33247 32210 32237 32686 32786 33305 33503 33515 33952 34368 34641 34968 34941 35281 35090 35930 36630 36857 37159 38167 38926 38947 39103 38711 38912 39118 39603 39258 39199 39245 39552 39721 40191
51211 33667 33759 33706 34102 34205 31803 30578 30555 30526 30801 30786 30887 31125 31676 32284 33222 34198 35304 36432 37404 38114 39080 40192 40982 41060 39887 39735 38041 36372 35985 33914 32787 32515 32465 32471 32543 32592 31803 32027 32127 32342 32693 33022 33223 33589 33935 34018 34169 34368 34597 34982 35622 36183 36587 37050 37938 38266 38448 38682 38237 38371 38489 38493 38581 38529 38505 38781 39144 39311
50107 32962 33023 33213 33471 33681 31149 30090 30073 30157 30120 30368 30258 30241 30822 31678 32618 33686 34887 35944 36693 37633 38602 39439 39795 39663 38659 38534 37112 35706 35449 33615 32467 32252 32240 32268 32322 32306 31645 31780 31960 32093 32451 32821 33020 33351 33543 33600 33975 34118 34512 34887 35426 36136 36542 37056 37620 38051 38315 38625 37767 37916 37831 38047 38074 38038 38080 38340 38521 38622
49558 32646 32716 32910 33058 33469 30641 29695 29755 29734 29741 29970 29696 29780 30436 31254 32351 33547 34658 35543 36516 37447 38153 38500 38600 38539 37641 37458 36318 35130 34834 33167 32113 32048 32071 32178 32155 32137 31487 31625 31744 31955 32327 32694 32809 33011 33242 33560 33752 34146 34640 34979 35613 36367 36765 37194 37791 38305 38626 38336 37513 37615 37688 38113 37897 37879 37931 38142 38209 38404
49059 32321 32534 32539 32960 33095 30152 29352 29432 29314 29438 29599 29132 29312 29982 30969 32154 33249 34178 35256 36223 36927 37166 37289 37454 37446 36689 36481 35639 34723 34438 32894 31840 31830 31918 32094 31910 31903 31378 31403 31573 31637 32140 32560 32485 32771 33222 33338 33776 34251 34848 35287 36028 36827 37218 37764 38225 38478 38469 37987 37272 37428 37604 38177 37673 37638 37641 37781 37915 38435
48277 31839 32051 32124 32489 32525 29545 28843 28981 28807 28968 29276 28392 28643 29559 30622 31692 32573 33711 34754 35506 35743 35741 35885 36071 36141 35471 35240 34695 34070 33894 32605 31604 31659 31796 31980 31612 31628 31165 31073 31177 31281 31796 32065 32118 32534 32879 33147 33743 34193 34779 35271 35889 36648 37139 37306 37654 37912 37972 37451 36926 37142 37425 37535 37297 37205 37201 37365 37746 38079
47379 31372 31553 31672 31920 31904 29067 28481 28726 28432 28638 28845 27753 28132 29203 30172 31023 32138 33276 34113 34432 34379 34364 34512 34700 34731 34215 34046 33747 33416 33324 32357 31408 31494 31640 31732 31316 31353 30953 30794 30921 31056 31463 31811 31900 32233 32647 33359 34191 34884 35740 36482 36621 36889 36804 36797 37207 37468 37484 37062 36658 36932 36922 36976 36863 36796 36824 37069 37334 37718
46148 30615 30828 30854 31112 31105 28427 27990 28249 27840 27955 28074 26879 27275 28265 29071 30142 31258 32200 32597 32578 32549 32549 32755 33001 32919 32610 32541 32515 32555 32639 31935 30986 31125 31226 31182 30811 30857 30583 30323 30469 30492 31002 31354 31452 31800 32621 33386 34195 34958 35810 35738 35956 36480 36105 36126 36527 36757 36741 36530 36163 36370 36133 36155 36089 36071 36254 36333 36686 37109
45021 29967 30095 30106 30335 30611 27861 27542 27627 27278 27249 27256 26063 26384 27238 28256 29348 30327 30852 31206 30896 30888 30936 31189 31290 31227 31083 31279 31642 31807 32172 31454 30492 30565 30552 30521 30216 30266 30135 29859 29929 30001 30568 30936 31058 31722 32630 33474 34201 34944 34971 35082 35626 35718 35414 35483 35908 35975 36099 35989 35678 35727 35373 35367 35387 35564 35609 35678 36043 36315
43989 29300 29479 29510 29874 30203 27226 26998 26973 26677 26496 26605 25219 25312 26270 27373 28385 29027 29490 29740 29231 29244 29326 29530 29664 29671 29825 30393 30916 31376 32030 30903 29816 29832 29849 29922 29605 29682 29670 29339 29415 29563 30122 30459 30997 31874 32829 33744 34200 34178 34234 34486 34840 35136 34733 34840 35181 35359 35398 35395 34953 35077 34566 34613 34814 34856 34859 35003 35304 35277
43107 28805 28927 29175 29440 29864 26595 26352 26323 26101 25764 25809 24251 24354 25275 26319 27071 27688 28141 28041 27611 27603 27605 27777 27967 28322 28802 29517 30367 31090 31873 30263 29157 29203 29283 29401 29134 29154 29129 28823 29002 29177 29618 30436 30976 31786 32764 33709 33450 33501 33535 33687 34191 34195 34001 34083 34507 34620 34721 35005 34194 34249 33856 34066 34217 34164 34233 34407 34415 34577
42392 28429 28675 28910 29282 29788 26058 25721 25759 25519 25076 25221 23342 23393 24163 25055 25732 26321 26500 26327 25962 25968 26005 26253 26801 27529 28155 29177 30176 30975 31756 29563 28386 28487 28624 28812 28515 28545 28626 28368 28596 28691 29656 30615 31164 32055 33062 33276 32716 32783 32829 33001 33286 33366 33298 33488 33786 33964 34301 34731 33438 33525 33255 33485 33545 33510 33604 33641 33827 34266
41683 28075 28368 28608 29111 29076 25465 25008 25031 24869 24376 24539 22313 22320 23002 23735 24416 24756 24845 24701 24410 24410 24495 25014 25897 26722 27644 28782 29893 30657 30896 28752 27594 27675 27871 28023 27787 27853 27916 27819 28024 28518 29644 30563 31045 31879 32449 32205 31855 31917 31979 32106 32335 32436 32528 32652 32990 33340 33864 34327 32684 32756 32609 32865 32808 32873 32896 33014 33410 34114
41037 27755 28111 28373 28945 28266 24792 24252 24347 24199 23699 23920 21273 21312 21881 22491 22935 23187 23222 23153 22973 22975 23314 24129 25130 26212 27235 28504 29623 29836 29878 27988 26900 26996 27178 27333 27129 27176 27282 27249 27840 28456 29566 30451 30843 31235 31905 31182 30988 31070 31116 31204 31355 31688 31665 31868 32402 32928 33467 33423 31994 32098 32005 32217 32260 32303 32328 32626 33221 33936
40370 27449 27850 28100 28688 27459 24181 23554 23612 23546 23070 23290 20302 20314 20817 21164 21535 21726 21816 21779 21691 21942 22562 23458 24660 25757 26885 28155 28931 28687 28753 27169 26204 26280 26484 26576 26471 26516 26689 27033 27872 28437 29469 30410 30277 30668 31397 30238 30140 30209 30218 30388 30695 30802 30831 31312 32025 32503 32846 32568 31376 31471 31411 31843 31709 31782 32116 32498 33072 33951
39702 27137 27559 27764 28361 26578 23494 22797 22848 22847 22413 22652 19339 19375 19649 19875 20199 20436 20516 20539 20792 21303 21997 23061 24260 25425 26518 27462 28465 27521 27573 26316 25504 25586 25746 25829 25818 25901 26434 27051 27824 28349 29386 30330 29703 30121 30728 29323 29276 29311 29431 29986 29765 29940 30222 30892 31606 31884 31952 31680 30770 30816 31016 31302 31221 31640 32038 32390 33124 34022
38843 26676 27143 27304 27921 25681 22843 22083 22254 22418 21837 22210 18514 18508 18768 18912 19261 19464 19611 19939 20457 21017 21867 22899 24081 25125 25906 26982 27178 26274 26350 25456 24828 24859 24974 25101 25212 25600 26459 27083 28017 28653 29660 30283 29149 29540 29978 28494 28483 28621 29021 29708 29006 29362 29811 30464 31134 30997 31112 30857 30176 30339 30581 30729 31072 31597 32121 32439 33117 33879
37876 26042 26474 26622 27331 24529 21989 21295 21630 21604 21087 21472 17554 17582 17826 17919 18311 18572 18994 19595 20120 20789 21559 22548 23585 24211 25076 25874 25452 24855 24989 24450 24041 24033 24195 24489 24885 25545 26281 27131 28024 28495 29145 29520 28439 28649 29072 27606 27711 28037 28624 29040 28265 28777 29202 29895 30381 30023 30163 29992 29545 29772 29929 30482 30895 31576 32102 32320 32883 33902
36816 25180 25536 25773 26376 23146 20893 20412 20683 20448 20151 20046 16414 16501 16712 16786 17245 17744 18413 19032 19666 20276 21010 21879 22541 23150 23707 24164 23580 23306 23458 23208 23014 23082 23428 23980 24652 25257 26099 26807 27583 27711 28106 28426 27443 27615 28040 26670 26883 27321 27835 28126 27407 27925 28404 29053 29106 28914 29017 29102 28870 29043 29561 30228 30734 31367 31881 32000 32728 33692
35820 24422 24773 24962 25453 21976 19998 19706 19973 19515 19403 18890 15602 15756 15969 16143 16740 17405 18097 18820 19435 20082 20761 21249 21832 22168 22465 22619 22138 22025 22148 22151 22209 22437 23048 23798 24482 25249 25980 26591 27154 27018 27340 27428 26691 26912 27160 26033 26391 26797 27282 27329 26878 27415 27881 28058 28093 28055 28351 28508 28388 28819 29426 30218 30789 31351 31670 32012 32928 33895
34625 23586 23822 23840 24331 20657 19025 18886 18993 18554 18548 17694 14744 14939 15303 15547 16220 16847 17661 18389 19073 19706 20038 20400 20671 20824 20981 20947 20718 20725 21117 21425 21585 22002 22845 23551 24362 25088 25731 26121 26556 26264 26483 26400 25969 25970 26166 25374 25771 26204 26616 26541 26436 26928 26935 27070 27159 27365 27665 27881 28108 28535 29197 30174 30664 31132 31514 32036 32800 33631
33567 22886 22929 23008 23367 19636 18224 18182 18202 17823 17927 16852 14146 14483 14851 15256 15797 16493 17305 18092 18803 19162 19440 19545 19657 19780 19855 19766 19784 20103 20668 20988 21341 22024 22806 23603 24486 25158 25499 25788 25972 25711 25813 25672 25478 25314 25448 24961 25423 25837 26210 26097 26203 26340 26296 26362 26679 26988 27207 27683 28025 28449 29206 30207 30620 31244 31656 32174 32763 33602
32296 21980 22012 22056 22436 18680 17395 17388 17426 17081 17211 16145 13604 13936 14427 14808 15261 15886 16762 17539 18028 18457 18583 18620 18708 18866 18927 19108 19289 19834 20242 20611 21165 21755 22669 23368 24188 24803 25142 25202 25341 25064 25142 25066 24948 24740 24954 24547 24972 25433 25792 25754 25746 25794 25763 25952 26284 26565 26936 27382 27885 28246 28949 29874 30564 31069 31274 31737 32635 33144
31092 21132 21140 21213 21515 17807 16621 16662 16752 16366 16503 15485 13099 13480 13904 14251 14660 15368 16230 16768 17319 17600 17652 17695 17827 17968 18254 18612 19022 19425 19874 20413 20886 21644 22481 23131 23892 24491 24883 24604 24768 24482 24545 24498 24456 24266 24484 24160 24609 25079 25490 25434 25277 25285 25379 25598 25916 26330 26680 27209 27662 28006 28622 29805 30383 30682 30880 31669 32268 32486
29722 20135 20172 20165 20449 16895 15814 15888 16004 15582 15714 14777 12552 12918 13317 13662 14114 14790 15424 15990 16405 16651 16733 16825 16901 17253 17740 18271 18460 18907 19522 19969 20572 21249 22033 22603 23398 24063 24607 23910 24081 23807 23872 23876 23861 23729 23901 23696 24127 24674 25011 25027 24759 24818 24938 25164 25567 25941 26404 26851 27330 27533 28425 29455 29847 30128 30710 31168 31515 31957
28310 19123 19177 19084 19405 16029 15064 15170 15330 14845 14954 14078 12047 12441 12846 13273 13696 14137 14805 15211 15590 15867 15996 16007 16246 16769 17415 17674 17855 18453 19017 19625 20148 20783 21449 22070 22985 23726 24026 23221 23445 23174 23251 23288 23270 23158 23377 23238 23763 24219 24566 24591 24299 24346 24464 24771 25132 25632 26063 26534 26867 27353 28148 28915 29296 29951 30291 30471 31031 31149
26965 18183 18248 18093 18385 15296 14426 14555 14719 14181 14309 13471 11583 11987 12444 12865 13055 13534 14052 14402 14822 15153 15200 15388 15818 16481 16825 17062 17387 17952 18705 19251 19749 20299 21004 21733 22738 23215 23285 22617 22833 22596 22687 22708 22728 22677 22852 22933 23350 23818 24136 24157 23857 23900 24067 24358 24833 25320 25804 26141 26755 27192 27725 28458 29187 29571 29712 30107 30302 30431
25554 17212 17297 17067 17381 14586 13825 13959 14202 13553 13683 12865 11132 11587 12053 12278 12502 12833 13304 13678 14148 14399 14621 14993 15530 15894 16226 16564 16834 17586 18304 18825 19219 19811 20598 21433 22202 22420 22522 22010 22274 22033 22111 22176 22166 22151 22508 22518 22962 23391 23656 23674 23418 23481 23643 24012 24477 25024 25413 26010 26576 26736 27291 28296 28774 28952 29383 29351 29571 29746
23982 16119 16168 15898 16189 13806 13167 13320 13454 12821 12945 12126 10565 11000 11265 11550 11629 11901 12404 12810 13201 13640 14039 14524 14757 15093 15519 15818 16270 17010 17755 18198 18641 19350 20236 20836 21349 21580 21804 21322 21541 21379 21458 21486 21567 21687 22161 22011 22428 22783 23038 23265 22899 22930 23149 23528 24037 24503 25218 25761 25989 26214 27061 27765 28033 28479 28962 28548 28795 28870
22392 14989 15018 14731 14965 13027 12522 12596 12676 12132 12256 11441 10037 10335 10665 10822 10796 11104 11639 11957 12542 13155 13676 13860 14052 14471 14877 15298 15708 16469 17109 17593 18145 18935 19572 19900 20454 20813 21009 20617 20756 20722 20816 20883 21068 21382 21541 21503 21828 22202 22615 22866 22394 22460 22693 23128 23534 24314 24954 25134 25495 25957 26552 27011 27557 28093 28060 27720 27911 28028
21063 14004 14107 13735 13994 12302 11901 12000 11953 11512 11643 10799 9612 9939 10147 10122 10231 10595 11000 11533 12249 12936 13127 13274 13569 13955 14434 14885 15402 16036 16668 17223 17902 18448 18810 19236 19893 20226 20185 19997 20228 20202 20311 20510 20828 20911 21158 21109 21453 21937 22372 22530 22002 22139 22454 22792 23557 24223 24471 24737 25322 25570 25906 26662 27293 27572 27306 27005 27276 27298
19591 12983 13032 12617 12820 11499 11272 11427 11170 10877 10973 10066 9134 9339 9385 9514 9684 9915 10559 11227 12018 12364 12502 12704 12915 13367 13891 14423 14797 15415 16214 16963 17379 17641 18092 18641 19299 19269 19335 19405 19666 19679 19883 20248 20277 20409 20645 20635 21134 21633 21942 22046 21633 21810 22011 22694 23352 23646 24037 24574 24878 24877 25566 26358 26975 26742 26532 26323 26460 26487
18083 11833 11810 11417 11638 10670 10512 10672 10341 10124 10137 9280 8598 8768 8885 9142 9187 9636 10392 11110 11572 11874 12092 12210 12472 12931 13452 13799 14046 14793 15720 16207 16420 16809 17341 17875 18250 18243 18608 18719 19052 19220 19483 19544 19638 19856 20105 20286 20798 21174 21462 21363 21135 21229 21746 22350 22629 23127 23726 23950 24094 24499 25193 25977 26084 25836 25656 25576 25736 25705
16678 10745 10673 10324 10615 9849 9760 9919 9549 9404 9318 8565 8104 8342 8580 8683 8964 9557 10357 10754 11162 11524 11649 11833 12120 12565 12882 13097 13504 14381 15009 15262 15594 16046 16600 16852 17217 17540 17940 18157 18628 18957 18843 18949 19134 19338 19777 20012 20356 20821 20759 20718 20644 21042 21463 21723 22218 22866 23109 23134 23748 24122 24804 25260 25116 24954 24839 24838 25163 24955
15071 9515 9426 9135 9538 8888 8866 9088 8644 8578 8296 7764 7490 7755 7822 8144 8553 9180 9658 10009 10486 10761 10949 11202 11511 11790 11994 12426 12996 13661 14056 14413 14834 15343 15671 15860 16488 16905 17305 17677 18293 18325 18219 18376 18663 18907 19498 19446 19916 20024 20044 20034 20452 20759 20794 21253 21918 22227 22225 22627 23192 23549 23887 24154 23997 23934 23919 24080 24218 24080
13614 8483 8354 8183 8377 8061 8041 8189 7851 7907 7334 7154 6898 6909 7122 7560 8003 8335 8781 9226 9646 9972 10225 10532 10763 10984 11359 11984 12382 12876 13374 13831 14351 14667 14986 15387 16036 16479 16977 17450 17761 17762 17724 18018 18430 18644 18971 19056 19187 19468 19457 19772 20280 20220 20382 20985 21379 21487 21754 22125 22706 22788 22838 23074 23075 23172 23225 23277 23287 23339
12713 7796 7733 7610 7733 7493 7450 7556 7427 7476 6736 6748 6521 6539 6713 7198 7485 7882 8375 8786 9196 9494 9744 10042 10306 10645 11089 11578 11936 12475 12985 13503 13984 14381 14874 15464 16164 16542 17002 17276 17455 17508 17617 17977 18327 18441 18786 18788 19016 19238 19359 19726 19854 20059 20353 20818 21037 21387 21605 21850 22266 22172 22306 22514 22663 22789 22777 22745 23006 23098
11869 7129 7109 7003 7041 7016 7044 7068 7099 7114 6336 6427 6270 6366 6671 6989 7335 7754 8213 8591 8957 9257 9496 9783 10103 10445 10798 11205 11589 12075 12690 13199 13718 14259 14856 15483 16121 16497 16862 17023 17255 17360 17679 17918 18070 18402 18611 18726 18878 19117 19337 19523 19725 20018 20248 20561 20948 21239 21473 21639 21722 21768 21976 22190 22377 22364 22398 22562 22826 22918
11360 6834 6770 6636 6792 6894 6897 7140 6974 6984 6251 6218 6212 6377 6605 7138 7714 8464 9275 9847 10455 10926 11330 11759 12224 12658 13067 13481 13881 14493 14985 15449 15871 16396 16925 17386 17931 18015 17967 17956 18368 18352 18551 18882 18937 18955 19164 19077 19373 19591 19839 19993 20250 20617 20911 21298 21435 21610 21448 21509 21689 21759 21926 22361 22255 22231 22417 22632 22673 22947
10853 6599 6475 6266 6682 6708 6802 6830 6724 6801 6085 6027 6035 6128 6480 7101 7775 8453 9132 9763 10364 10897 11422 12029 12621 12771 13004 13445 13863 14244 14803 15283 15804 16280 16776 17228 17619 17554 17785 17951 18124 18202 18639 18721 18712 18792 18956 19030 19136 19513 19789 19933 20454 20970 20833 20997 21333 21216 21142 21420 21639 21812 22069 22300 22108 22301 22404 22466 22700 22946
10446 6288 6044 6162 6380 6397 6455 6561 6427 6530 5771 5754 5757 5969 6778 7804 8535 8999 9740 10352 10789 11316 11685 12037 12308 12483 12721 13304 13737 14244 14907 15482 16153 16683 17054 17112 17220 17499 17691 17730 17961 18083 18192 18399 18479 18545 18894 18886 19175 19421 19660 19996 20395 20700 20475 20750 20806 20808 21038 21294 21726 22097 21809 21984 22086 22203 22242 22503 22610 22586
10021 6103 5854 5972 6047 6249 6155 6276 6172 6217 5477 5401 5567 5878 6578 7359 7843 8636 9335 9837 10436 10834 11099 11434 11753 12013 12398 12999 13513 14114 14788 15606 16254 16604 16781 16862 17256 17420 17505 17584 17858 17957 18047 18194 18448 18369 18627 18872 18974 19524 19678 19842 20360 20323 20199 20384 20563 20808 20985 21274 21745 21730 21615 21889 22040 22037 22249 22378 22357 22396
9655 5715 5683 5792 6142 6390 5823 5928 5840 5737 5151 5186 5417 5729 6085 6728 7440 8166 8724 9310 9807 10212 10561 11073 11560 11965 12501 13154 13709 14264 14780 15265 15708 15967 16122 16417 16795 17062 17251 17342 17478 17497 17749 17928 18110 18245 18574 18670 18887 19251 19423 19529 19879 19865 19855 20215 20433 20635 20802 21056 21375 21364 21333 21642 21662 21715 21801 21957 22115 22287
9267 5534 5585 5765 6202 6355 5650 5661 5636 5551 5025 5238 5472 5466 5850 6519 7180 7740 8411 8947 9441 9841 10295 10833 11378 11933 12552 13234 13741 14210 14886 15387 15598 15755 16136 16501 16869 17108 17293 17225 17319 17479 17735 17923 18094 18362 18761 18798 18913 19257 19297 19572 19647 19725 19933 20352 20605 20799 21012 21251 21239 21183 21321 21551 21619 21673 21724 21836 22093 22306
8896 5380 5471 5820 5970 6174 5441 5406 5495 5347 4936 5344 5236 5360 5899 6403 6957 7648 8268 8831 9287 9735 10172 10684 11311 11898 12488 13097 13600 14185 14843 15162 15384 15721 16149 16560 16843 17017 17154 17050 17329 17432 17686 18006 18065 18398 18648 18693 18942 19088 19313 19427 19453 19853 20144 20448 20629 20935 21073 21097 21015 21288 21442 21700 21790 21852 21998 22001 22242 22403
8403 5166 5253 5390 5697 5748 5223 5214 5132 5023 4758 4893 4983 5166 5535 6026 6705 7289 7939 8472 8953 9433 9850 10388 10980 11572 12170 12851 13464 13973 14526 14905 15263 15632 16040 16405 16692 16797 16822 16927 17179 17291 17652 17840 17963 18173 18448 18580 18662 18884 19100 19319 19558 19779 19969 20297 20590 20730 20882 20916 21096 21286 21432 21585 21715 21797 21859 21965 22134 22216
8046 5023 5152 5296 5471 5560 5068 5128 4899 4821 4584 4758 4894 4848 5212 5851 6439 7100 7703 8222 8731 9172 9606 10191 10860 11461 12061 12887 13638 14320 15046 15504 15603 15865 16101 16367 16570 16639 16895 17014 17328 17328 17563 17894 17947 18096 18498 18469 18582 18824 19097 19397 19513 19802 20091 20333 20488 20634 20744 20965 21095 21241 21242 21543 21642 21699 21836 21878 21998 22124
7745 4930 5030 5030 5244 5642 4858 4801 4579 4540 4388 4601 4555 4628 5038 5599 6285 6900 7492 8041 8524 8980 9469 10078 10738 11322 12001 12889 13597 14240 14891 15111 15413 15608 15905 16168 16369 16530 16832 16928 17142 17180 17506 17772 17745 17979 18251 18292 18419 18776 19052 19226 19426 19776 19803 20116 20266 20377 20613 20819 20968 21094 21147 21483 21544 21668 21778 21856 21991 22167
7467 4749 4734 4777 5201 5309 4497 4448 4266 4169 4163 4240 4419 4639 5008 5625 6491 7233 8105 8475 9130 9758 10321 10891 11531 12056 12551 13153 13715 14119 14478 14866 15164 15432 15735 15983 16279 16486 16650 16749 16969 17086 17319 17474 17586 17769 18109 18192 18433 18737 18907 19116 19293 19448 19554 19864 20076 20300 20491 20689 20858 20990 21210 21462 21563 21696 21787 21982 22313 22497
6968 4537 4491 4702 4985 5115 4331 4210 4023 4040 4001 4191 4316 4384 4832 5608 6290 7134 7589 8282 8978 9577 10066 10700 11301 11823 12401 13087 13530 13907 14474 14933 15351 15719 16095 16451 16797 17020 17187 17292 17542 17703 17948 17944 17986 18201 18470 18565 18675 18903 19080 19194 19370 19574 19631 19913 20112 20326 20483 20614 20772 20979 21096 21392 21568 21669 21846 22064 22288 22427
6577 4360 4336 4618 4996 4835 4175 4055 3812 3868 3840 4214 4096 4138 4697 5383 6179 6589 7351 8101 8754 9322 9898 10508 11107 11740 12453 13032 13420 14044 14864 15478 15937 16399 16994 17498 18043 18462 18587 18233 18232 17961 17739 17842 18045 18330 18581 18464 18608 18832 19040 19167 19315 19463 19780 20343 20661 20617 20863 21022 21161 21286 21369 21472 21683 21852 22007 22240 22699 23086
5802 3913 3883 4237 4251 4147 3764 3651 3471 3563 3630 3849 3826 4119 4674 5402 5768 6503 7385 8105 8736 9324 9839 10388 10989 11634 12147 12654 13177 13837 14624 15221 15809 16458 17198 17768 18092 18190 18139 17840 17827 17702 17568 17734 17980 18072 18223 18225 18383 18765 18845 19131 19152 19450 19789 20286 20412 20619 20770 20808 20924 21014 21180 21422 21854 21927 22088 22321 22840 23065
4740 3291 3281 3379 3466 3392 3266 3140 3107 3270 3229 3562 3691 3971 4632 5008 5622 6431 7281 8014 8706 9297 9810 10351 10893 11437 11969 12543 12964 13549 14274 14931 15632 16334 16987 17232 17591 17516 17519 17354 17485 17356 17425 17707 17618 17690 18039 17847 18220 18478 18816 18851 19059 19377 19728 19836 20298 20555 20460 20465 20598 20643 20962 21402 21644 21804 21838 22170 22455 22866
3960 2801 2761 2738 3065 2944 2867 2795 2834 2845 3144 3568 3510 3954 4285 4937 5619 6373 7200 7946 8646 9282 9849 10479 11172 11855 12525 13225 13750 14272 14895 15326 15760 16258 16580 16834 16971 17318 17131 17037 17270 17072 17376 17312 17456 17672 17690 17822 18008 18394 18872 18705 18932 19443 19389 19743 20326 20207 20182 20295 20420 20578 20871 21337 21555 21553 21795 22026 22358 22823
3339 2450 2249 2394 2722 2561 2581 2617 2507 2969 3178 3272 3486 3611 4316 5229 5931 6700 7602 8447 9178 9741 10308 10863 11382 11925 12668 13542 13773 14298 14884 15419 15777 16001 16255 16386 16913 16982 16815 16875 17002 16846 16847 17229 17448 17307 17866 17653 18099 18489 18499 18652 18921 19008 19319 19827 19756 19817 20033 20362 20572 20667 20915 21418 21331 21685 22055 22327 22494 22840
2618 1886 1753 2051 1948 1967 1999 2045 2284 2618 2710 3204 3095 3505 4154 4876 5620 6494 7403 8193 8859 9500 10008 10621 11276 11979 12569 13026 13420 13899 14435 14769 15189 15546 15859 16242 16483 16459 16376 16375 16416 16543 16705 16906 17137 17280 17425 17650 17850 18078 18312 18315 18499 18889 19097 19227 19505 19716 19932 19931 20175 20473 20802 20973 21405 21678 21900 22074 22412 22467
1826 1337 1305 1411 1574 1752 1926 2165 2304 2454 2670 2900 3110 3320 3934 4796 5576 6410 7281 7973 8666 9290 9863 10569 11270 11895 12392 12924 13322 13712 14128 14483 14867 15219 15562 15801 16001 16038 16117 16093 16264 16371 16615 16813 16916 17209 17420 17571 17731 17916 18053 18193 18515 18761 18890 19097 19387 19689 19851 20056 20348 20546 20717 21138 21391 21468 21677 21924 22066 22146
1442 1143 1163 1341 1680 2005 2305 2534 2674 2868 3115 3375 3596 3784 4285 4956 5686 6405 7147 7864 8534 9185 9846 10611 11359 12001 12605 13295 13778 14123 14472 14726 15000 15199 15410 15632 15839 15931 16013 16145 16281 16372 16675 16931 17057 17362 17580 17670 17777 17899 18047 18193 18480 18826 18964 19200 19510 19756 19887 20049 20299 20518 20748 21120 21293 21446 21585 21837 22086 22237
1061 888 1115 1549 1953 2284 2428 2502 2744 2985 3079 3504 3585 3767 4426 5257 6121 7032 8003 8919 9783 10609 11331 12067 12771 13355 13935 14455 14795 15193 15739 16166 16544 16874 17225 17609 17965 18185 18352 18491 18739 18940 19283 19530 19713 20041 20091 20202 20411 20681 20987 21022 21144 21482 21569 21711 21886 22156 22342 22401 22504 22702 22828 23081 23269 23389 23602 23833 24091 24269
634 939 1190 1571 2002 2240 2390 2638 2784 2927 3144 3338 3469 3772 4463 5351 6163 7087 8061 8940 9799 10570 11237 11938 12595 13215 13745 14282 14734 15280 15839 16301 16777 17230 17671 18058 18518 18818 19031 19136 19331 19426 19528 19627 19741 19858 20103 20213 20438 20713 20833 20970 21235 21351 21433 21672 21949 22157 22289 22454 22800 23053 23355 23760 24069 24258 24478 24808 25190 25412
