44509 29008 29155 29130 28601 28655 28859 29069 29359 29424 29492 29373 29403 29348 29334 29183 29293 29685 30128 30488 30673 30861 31037 31233 31511 31874 32304 32902 33625 34187 34718 35037 35466 35646 36052 36489 36707 36980 37320 37625 37962 38330 38701 39167 39391 39740 40193 40706 41247 41648 42118 42731 43378 44133 44888 45511 45995 46705 44949 45254 45518 43605 42449 42731 42810 42621 42224 42192 42206 41973
44213 28809 28906 28923 28500 28602 28635 29020 29325 29330 29436 29144 29348 29221 29146 29088 29240 29887 30298 30619 30687 31008 31314 31519 31789 32158 32523 32909 33452 34142 34636 35139 35297 35628 36072 36348 36670 37086 37552 37888 38243 38503 38908 39429 39673 40053 40439 40879 41486 41953 42403 43016 43748 44655 45345 45821 46210 46839 44613 44873 45269 43205 42136 42303 42468 42253 41826 41898 41887 41662
43869 28587 28498 28651 28343 28336 28453 28841 29138 29113 29183 28959 29240 28996 28968 28854 29116 29609 30095 30392 30608 30944 31193 31379 31668 31960 32271 32740 33373 34013 34549 34966 35349 35627 35969 36348 36667 37109 37585 37836 38151 38476 38892 39521 39815 40199 40418 40882 41443 41907 42326 42968 43617 44532 45136 45702 46134 46185 44192 44669 44878 42651 41690 41945 42070 41731 41456 41530 41455 41345
43590 28245 28364 28397 28124 28130 28092 28543 28824 28836 28949 28776 28868 28676 28669 28688 28693 29200 29704 30205 30460 30738 30971 31195 31426 31758 32176 32799 33539 34352 35014 35709 36184 36620 37092 37451 37798 38054 38305 38539 38837 39100 39328 39620 39746 39969 40345 40802 41397 41850 42221 42778 43436 44215 44906 45529 45524 45690 43790 44112 44376 41984 41315 41459 41605 41341 41083 41049 41153 41004
43288 28046 28101 27985 27993 27892 28096 28688 28870 28727 28814 28651 28792 28561 28579 28497 28743 29454 30266 30681 30881 31235 31571 31778 32115 32524 32965 33567 34301 35098 35819 36361 36920 37378 37767 38241 38584 38965 39428 39779 40195 40663 41036 41514 41826 42308 42856 43204 43705 44155 44387 44771 45164 45996 46293 47034 45146 45105 43424 43844 44022 41536 40905 41059 41426 40788 40732 40809 40825 41179
42899 27695 27709 28175 27822 27721 28001 28477 28775 28523 28435 28463 28876 28303 28463 28328 28668 29513 29986 30449 30787 31199 31425 31741 32141 32591 33073 34061 35329 36710 37863 38788 39691 40077 40813 41661 41944 42341 43091 43332 43610 43817 44039 44475 42107 42263 42584 43050 43607 43822 43926 44425 44963 45288 46137 46543 44494 44353 42955 43371 43306 41059 40652 40922 40879 40483 40442 40552 40800 40808
42354 27377 27804 27962 27530 27609 27848 28173 28425 28160 28208 28257 28617 28014 28140 28063 28354 28858 29421 30168 30537 30771 31089 31378 31697 32145 32969 34042 35458 36931 38040 38762 39270 40099 40747 41178 41575 42306 42959 43077 43340 43432 43664 44100 41750 41913 42303 42646 43129 43273 43565 44164 44255 45337 45651 45676 43710 43759 42551 42750 42659 40412 40245 40243 40400 40021 39989 40214 40398 40558
41506 27064 27294 27463 27130 27248 27477 27790 27993 27709 27744 28003 28182 27606 27686 27648 27795 28202 28992 29693 29933 30258 30544 30798 31107 31745 32514 33795 35110 36425 37357 38000 38920 39571 39959 40448 41212 41942 42517 42615 42736 42895 43168 43452 41243 41411 41761 42117 42480 42608 43011 43445 44082 44580 44700 44599 42795 42984 41839 41987 42107 39794 39677 39830 39733 39503 39576 39685 39859 40446
40883 26814 27112 27455 26847 27022 27322 27524 27763 27421 27514 27756 27805 27290 27333 27354 27473 28031 28774 29268 29644 29889 30142 30423 30919 31509 32470 33738 34947 36097 36967 37904 38669 38981 39480 40269 41052 41705 42228 42217 42369 42501 42672 43368 40806 40996 41364 41665 41968 42161 42485 43248 43534 43741 44041 43688 42075 42292 41263 41387 41351 39274 39152 39252 39148 39053 39158 39243 39883 40477
40209 26488 26969 27438 26560 26834 27068 27297 27437 27108 27229 27324 27352 27013 26975 26986 27235 27831 28342 29001 29258 29520 29786 30281 30730 31497 32423 33551 34588 35672 36774 37640 38022 38478 39355 40194 40909 41428 41852 41665 41825 41989 42591 43421 40297 40466 40751 40971 41337 41532 42108 42715 42534 42932 43195 42622 41251 41410 40605 40690 40566 38727 38613 38559 38512 38633 38645 39273 39949 39958
39499 26133 26734 26780 26166 26483 26675 26719 26869 26579 26701 26693 26786 26577 26546 26506 26731 27070 27796 28364 28589 28833 29317 29791 30411 31137 31937 32951 33951 35236 36241 36859 37390 38087 39088 39759 40259 40771 41167 41033 41197 41686 42358 43324 39678 39881 40099 40348 40690 41140 41465 41797 41531 42394 42097 41582 40403 40633 39886 39980 39886 38101 38044 37952 38355 38200 38562 39207 39225 39694
38396 25507 25827 25829 25484 25688 25701 25831 26086 25756 25730 25921 25900 25774 25781 25814 25846 26196 26914 27378 27600 28092 28528 29129 29743 30339 31005 31949 33140 34272 35154 35854 36633 37418 38292 38825 39237 39726 40228 40252 40681 41123 41931 42346 38746 38865 39164 39475 40107 40084 40105 40256 40629 41110 40582 40196 39220 39411 38786 38897 38880 37328 37287 37483 37679 37845 38259 38218 38443 38901
37563 25000 25001 25305 25017 25165 25301 25531 25416 25207 25319 25290 25614 25305 25284 25437 25446 25918 26491 26909 27380 27805 28291 28800 29268 29839 30476 31398 32449 33572 34548 35462 36238 36952 37692 38244 38757 39231 39751 40068 40504 40933 41406 41940 38113 38274 38594 39030 39595 39236 39162 39536 40109 40332 39727 39417 38545 38703 38214 38539 38221 36958 36791 36981 37323 37562 37520 37644 38009 38437
37109 24585 24826 25169 24750 24949 25241 25010 24998 24913 24963 25232 25692 25043 25103 25149 25191 25616 26078 26854 27257 27795 28284 28849 29422 30129 30949 32101 33395 34710 35866 36884 37865 38726 39705 40485 41219 41859 42478 41186 41291 41417 41604 41958 37731 37891 38271 38686 39041 38497 38585 39078 39264 39417 38764 38512 37952 38167 37716 37926 37498 36465 36386 36675 37089 37068 37161 37517 38126 38709
36574 24230 24625 25006 24446 24748 24958 24438 24581 24589 24766 25213 25377 24763 24833 24870 24988 25258 26047 26723 27349 27832 28449 29160 29908 30821 31924 33412 35011 36588 37881 38788 39580 40320 41310 42025 42750 43391 43785 40790 40896 41024 41342 41206 37303 37462 37788 38087 38407 37796 38001 38271 38396 38300 37697 37522 37196 37559 37098 36984 36689 35920 36024 36331 36616 36620 36876 37538 38300 39078
35786 23790 24307 24939 23992 24318 24390 23902 24125 24286 24463 24788 25160 24360 24379 24633 24709 25218 25917 26750 27225 27969 28727 29608 30504 31570 32650 33816 34954 36473 37546 38419 39226 39982 41006 41743 42496 43011 42947 40203 40326 40489 40838 40235 36662 36769 37019 37295 37722 36920 37011 37289 37199 37073 36528 36472 36338 36638 36317 36087 35750 35320 35435 35751 35963 36080 36720 37440 38227 38998
35073 23397 24099 24825 23599 23890 24002 23505 23793 23939 24111 24559 24867 23995 24104 24211 24455 24976 25782 26495 27409 28356 29172 29815 30591 31399 32166 33125 34597 35912 36969 37973 38761 39570 40570 41346 41986 41998 41950 39580 39738 39858 40207 39265 36058 36157 36405 36679 37240 36101 36185 36464 36174 36048 35668 35652 35689 36010 35701 35449 35136 34910 35044 35354 35585 36186 36973 37634 38558 39127
34022 22841 23645 24226 23004 23319 23299 22939 23202 23390 23679 23994 24494 23480 23515 23692 23932 24619 25328 26591 27500 28206 28693 29382 30010 30584 31148 32338 33574 34919 36179 37188 37991 38801 39790 40528 41092 40665 40633 38664 38800 38928 39283 37989 35221 35274 35536 35893 36373 35018 35098 35286 35036 34838 34680 34750 34904 35270 34938 34704 34505 34398 34559 34847 35546 36195 36699 37555 38092 38863
33030 22321 22987 23318 22428 22617 22740 22429 22684 22955 23103 23641 24180 22957 22909 23031 23511 24156 25253 26449 27158 27645 28158 28756 29135 29454 30177 31132 32400 33935 35182 36219 37064 37914 38789 39431 39896 39247 39293 37676 37804 37974 38090 36769 34439 34487 34821 35110 35529 34027 34054 34142 34060 33803 33800 34007 34178 34394 34136 33969 33918 33902 34056 34878 35619 35916 36649 37100 37902 38693
32044 21734 22167 22427 21856 22057 22084 21969 22273 22470 22731 23283 23782 22420 22214 22510 22944 24046 25000 26037 26570 27093 27486 27819 27941 28446 28916 29831 31295 32841 34256 35126 36069 36943 37506 38154 38755 37823 37990 36622 36773 36841 36701 35544 33630 33713 33972 34213 34627 33029 32977 33113 33179 32949 33002 33198 33294 33547 33365 33225 33412 33450 33972 34978 35275 35755 36185 36909 37747 38418
31277 21085 21487 21738 21401 21540 21844 21712 21861 22087 22394 22917 23469 21954 21663 21848 22638 23727 24494 25420 25974 26369 26536 26727 27042 27305 27733 28937 30430 32143 33371 34314 35282 35906 36424 37172 37515 36532 36648 35475 35619 35529 35296 34402 32767 32884 33095 33315 33668 31939 31971 32115 32070 32132 32144 32353 32483 32715 32684 32652 32956 33521 34016 34702 35156 35366 36065 36862 37660 38370
30549 20486 20988 21189 20973 21235 21477 21300 21524 21725 22064 22635 23029 21453 21075 21424 22214 23099 23770 24741 25194 25368 25462 25878 25974 26176 26920 28260 29908 31374 32678 33571 34361 34996 35484 35938 36239 35204 35269 34344 34467 34209 34010 33271 31940 32021 32229 32482 32726 30929 30941 31075 31139 31103 31140 31433 31573 31932 31915 32091 32899 33483 33774 34593 34842 35563 36361 37233 37902 38451
29820 19817 20272 20618 20457 20794 21136 20901 21089 21289 21612 22263 22112 20882 20467 20884 21566 22395 22976 23840 24086 24184 24482 24776 24754 25209 26015 27571 29012 30558 31709 32496 33312 33845 34135 34448 34669 33772 33755 33030 33058 32729 32610 32064 31031 31112 31313 31478 31524 29852 29873 30039 30158 30049 30145 30483 30621 30993 31291 31910 32719 33038 33432 34171 34880 35507 36293 36956 37712 38241
29120 19108 19682 20032 19914 20422 20918 20476 20667 20828 21215 22051 21249 20290 19888 20373 21045 21694 22136 22764 22944 23273 23436 23629 23882 24397 25377 26746 28289 29651 30624 31457 32178 32471 32759 32956 33105 32451 32364 31788 31715 31333 31287 30940 30138 30180 30339 30268 30302 28779 28808 28950 29010 28974 29143 29558 29599 30288 30993 31614 32249 32629 32962 34084 34712 35360 35987 36738 37483 37539
28430 18506 19037 19405 19540 20266 20620 20115 20270 20491 21066 21777 20466 19747 19381 19925 20485 21025 21207 21726 22129 22316 22386 22829 23132 23785 24594 26068 27405 28605 29546 30419 30851 31100 31318 31420 31673 31182 31058 30589 30434 30035 30063 29928 29355 29353 29501 29202 29163 27809 27882 27931 28019 28120 28370 28671 28953 30017 30797 31263 31885 32098 32881 33950 34471 35058 35827 36512 36891 36848
27735 17889 18404 19002 19312 19922 20115 19697 19934 20330 20784 21103 19706 19140 18871 19422 19888 20101 20183 20899 21154 21265 21601 22100 22545 23018 23939 25245 26415 27560 28490 29127 29506 29652 29848 30042 30223 29938 29785 29465 29244 28841 29018 28960 28592 28538 28611 28151 28049 26860 26902 26858 27110 27280 27436 28037 28606 29732 30357 30789 31295 31917 32683 33604 34072 34811 35572 35860 36305 36118
27037 17289 17909 18700 18893 19492 19508 19336 19740 20105 20100 20409 18978 18507 18346 18962 19165 19248 19523 20009 20210 20517 20894 21492 21735 22338 23112 24233 25365 26553 27203 27842 28082 28101 28455 28502 28714 28665 28575 28424 28183 27777 28064 28022 27878 27852 27806 27264 27044 26023 26054 26050 26546 26644 27119 27915 28512 29410 30043 30313 31151 31618 32209 33204 33701 34436 34944 35208 35781 35396
26229 16664 17336 18206 18333 18780 18857 18961 19493 19434 19406 19692 18108 17824 17780 18261 18304 18644 18742 19165 19471 19870 20325 20625 20986 21447 22110 23125 24302 25225 25790 26458 26499 26604 26948 27097 27541 27440 27368 27490 27097 26779 27007 27248 27168 27197 26983 26279 25872 25094 25145 25309 25746 26235 26923 27730 28041 28971 29419 30099 30721 30971 31659 32597 33081 33633 34102 34485 34826 34576
25126 15934 16546 17475 17428 17849 18063 18417 18812 18603 18648 18934 17054 17013 17012 17416 17686 17793 17906 18447 18795 19339 19510 19842 20059 20425 21040 22053 22937 23749 24214 24787 24897 24981 25565 25984 26246 26229 26428 26667 25980 25824 26112 26414 26437 26567 25936 25000 24398 23966 24083 24296 24910 25658 26404 26957 27323 28054 28700 29447 29750 30132 30939 31529 31948 32619 33124 33295 33570 33704
24218 15383 16086 16742 16668 17193 17467 17845 18399 17919 18129 18285 16251 16389 16399 17001 17035 17054 17421 17934 18422 18666 18938 19114 19292 19652 20364 21165 21929 22564 22913 23592 23674 23948 24799 24986 25177 25519 25936 25961 25241 25198 25504 25900 26022 26259 25208 24095 23341 23163 23317 23738 24428 25297 25886 26507 26667 27500 28147 28653 29058 29588 30200 30608 31191 31913 32203 32305 32830 33246
23276 14719 15289 15840 15851 16500 16709 17358 18046 17132 17386 17559 15466 15759 15910 16312 16276 16480 16898 17463 17638 17990 18134 18319 18551 19015 19548 20294 20891 21317 21744 22482 22717 23183 23888 23952 24399 24966 25317 25159 24479 24515 24972 25373 25603 25751 24485 23260 22415 22361 22661 23217 23907 24663 25428 25885 26047 26836 27290 27939 28535 28857 29429 29905 30559 31055 31228 31621 32218 32937
22508 14188 14792 15188 15400 15853 16234 17146 17718 16507 16828 16881 14903 15362 15483 15691 15867 16004 16602 16802 17116 17319 17516 17746 18136 18467 19004 19643 20032 20478 21081 21815 22283 22615 23094 23424 23978 24496 24735 24623 24013 24170 24592 25080 25184 25341 23923 22656 21811 21843 22271 22904 23363 24264 24945 25407 25554 26150 26676 27486 27984 28344 29022 29491 30060 30320 30789 31287 31986 32878
21620 13540 14181 14602 14722 15194 15656 16629 17132 15728 16043 16128 14272 14709 14887 15092 15259 15505 15861 16119 16320 16549 16824 17174 17502 17889 18405 18865 19294 19831 20566 21376 21759 21865 22439 22873 23282 23759 24181 24013 23538 23684 24131 24529 24649 24725 23320 22100 21372 21411 21898 22513 22865 23663 24445 24813 24839 25454 26046 26864 27409 27969 28756 29002 29491 29930 30452 31118 31710 32709
20781 12975 13683 14025 14198 14687 15245 16140 16527 15039 15362 15400 13692 14168 14342 14472 14757 14829 15239 15386 15609 15920 16317 16574 16964 17319 17676 18153 18657 19341 20207 20910 21057 21303 21883 22233 22590 23203 23530 23409 23068 23233 23639 24056 24147 24092 22790 21626 21012 21085 21601 22127 22371 23250 23915 24133 24187 24897 25545 26364 27127 27793 28324 28538 29173 29650 30360 30917 31607 32578
19826 12337 12994 13373 13591 14174 14612 15416 15858 14236 14521 14568 13022 13487 13635 13822 13997 14147 14444 14572 14897 15298 15618 15921 16282 16470 16870 17443 18096 18912 19668 20137 20426 20657 21098 21355 21866 22444 22669 22826 22491 22637 23058 23468 23497 23407 22234 21147 20667 20750 21227 21681 21941 22710 23241 23432 23583 24314 24983 26040 26835 27222 27760 28163 28775 29472 30089 30732 31384 31970
18884 11726 12361 12753 13083 13594 13952 14757 14861 13435 13693 13779 12355 12785 12983 13076 13323 13374 13646 13874 14299 14577 14962 15234 15408 15633 16138 16890 17669 18415 18909 19544 19809 19878 20218 20578 21076 21592 22102 22201 21928 22057 22471 22834 22878 22758 21733 20728 20346 20418 20885 21276 21476 22145 22636 22896 23081 23813 24757 25784 26235 26594 27287 27795 28523 29171 29921 30476 30831 31534
17935 11197 11835 12298 12595 13026 13427 13881 14045 12727 12956 13050 11781 12185 12343 12527 12693 12704 13055 13383 13721 14034 14393 14474 14666 14978 15628 16501 17182 17712 18366 18952 19069 19050 19484 19812 20304 21137 21664 21525 21390 21584 21926 22281 22276 22167 21222 20315 20022 20097 20538 20890 21008 21618 22166 22447 22661 23683 24610 25272 25674 26149 26940 27605 28220 29057 29754 29981 30490 31257
16980 10663 11352 11787 12013 12523 12596 13050 13268 11985 12194 12294 11169 11524 11763 11840 11959 12075 12508 12756 13137 13393 13559 13659 13922 14375 15140 15917 16385 17106 17722 18161 18171 18253 18625 18923 19756 20626 20817 20806 20873 20963 21317 21647 21706 21570 20726 19924 19693 19765 20203 20446 20544 21237 21782 22053 22586 23577 24182 24754 25225 25781 26691 27344 28088 28868 29249 29605 30218 30823
15850 10080 10719 11120 11444 11632 11728 12207 12327 11165 11369 11425 10477 10864 11024 11060 11277 11487 11869 12153 12471 12516 12708 12844 13239 13792 14468 15008 15628 16353 16812 17197 17264 17293 17647 18298 19163 19706 19985 20359 20160 20286 20602 20993 21085 20884 20108 19428 19218 19303 19654 19910 20065 20799 21337 21895 22424 23099 23653 24307 24803 25432 26361 27154 27761 28295 28806 29235 29702 30225
14761 9453 10048 10508 10533 10771 10857 11249 11393 10314 10471 10559 9780 10093 10231 10358 10699 10867 11252 11458 11592 11642 11863 12151 12647 13134 13569 14268 14923 15485 15888 16279 16343 16320 17000 17636 18224 18890 19521 19755 19459 19559 19946 20361 20384 20221 19530 18973 18800 18830 19213 19485 19734 20429 21253 21783 22010 22602 23207 23878 24429 25088 26121 26827 27182 27825 28442 28731 29123 29899
13925 8965 9583 9795 9855 10089 10028 10393 10735 9624 9800 9822 9154 9473 9653 9913 10152 10403 10734 10787 10861 10995 11342 11694 12127 12406 13058 13759 14298 14783 15215 15677 15580 15889 16558 17003 17655 18574 19160 19093 18940 19018 19421 19834 19870 19711 19142 18633 18491 18550 18911 19182 19456 20427 21216 21452 21574 22279 22845 23539 24183 25023 25863 26304 26875 27542 27990 28258 28948 29356
13019 8435 8765 9063 9075 9201 9217 9730 10269 8870 8999 9096 8494 8887 9103 9301 9605 9799 9984 9957 10114 10350 10771 11090 11302 11770 12395 12999 13432 13974 14434 14741 15034 15318 15842 16312 17227 18111 18360 18534 18330 18399 18862 19358 19256 19149 18723 18286 18119 18200 18586 18839 19431 20458 20901 21045 21268 21896 22585 23335 24110 24689 25285 26024 26496 27053 27499 28010 28376 28511
12053 7780 8145 8208 8143 8279 8375 9142 9319 8047 8198 8356 7757 8177 8425 8732 8963 8953 9089 9154 9441 9710 10165 10252 10657 11133 11725 12317 12809 13387 13668 14272 14575 14718 15215 15899 16744 17333 17823 17985 17759 17859 18330 18804 18567 18491 18234 17865 17701 17783 18223 18644 19325 19943 20354 20628 20778 21534 22191 22954 23495 23867 24693 25425 25771 26357 27152 27308 27487 27635
11193 7144 7577 7321 7271 7471 7830 8257 8293 7278 7483 7656 7065 7544 7857 8068 8137 8138 8306 8493 8821 9149 9347 9642 10065 10508 11079 11710 12268 12639 13247 13813 14000 14135 14792 15432 16022 16816 17262 17407 17211 17327 17842 18093 17926 17904 17831 17517 17391 17518 18137 18637 18957 19466 19990 20190 20430 21161 21833 22349 22741 23353 24132 24744 25152 26026 26734 26490 26658 26998
10182 6411 6751 6363 6433 6856 6880 7256 7216 6451 6724 6821 6357 6916 7144 7210 7304 7321 7690 7862 8234 8327 8723 8993 9426 9863 10503 11134 11452 12133 12785 13244 13359 13687 14285 14769 15487 16157 16597 16883 16581 16723 17109 17177 17192 17410 17324 17120 17036 17304 18004 18205 18411 19022 19520 19793 19987 20756 21236 21600 22329 22848 23553 24138 24849 25586 26028 25672 25853 26246
9204 5726 5732 5659 5962 6009 6080 6409 6451 5793 5942 5971 5858 6317 6394 6541 6667 6778 7114 7325 7520 7819 8195 8531 8974 9456 10011 10407 10985 11708 12324 12618 12927 13299 13717 14370 14979 15588 16162 16204 16017 16107 16392 16475 16683 16810 16744 16714 16821 17127 17538 17670 18040 18520 19086 19403 19602 20229 20610 21211 22038 22444 23119 23974 24568 24996 25343 25040 25161 25380
8678 5275 5337 5562 5661 5643 5657 6017 6078 5498 5546 5588 5720 5910 6093 6223 6250 6506 6824 7014 7392 7711 8120 8468 8933 9426 9756 10297 10945 11681 12157 12487 12889 13248 13764 14361 15011 15597 15986 15806 15720 15793 16059 16320 16417 16417 16463 16563 16828 17063 17343 17478 17941 18426 18918 19248 19514 20080 20506 21181 21888 22467 23162 23931 24263 24600 24957 24693 24829 25085
8225 4952 5144 5338 5260 5361 5299 5573 5638 5209 5247 5428 5425 5665 5870 5915 6066 6338 6608 7150 7555 8008 8455 8784 8891 9162 9640 10251 11012 11586 11979 12566 13168 13461 14006 14348 15141 15554 15703 15506 15532 15586 15876 16180 16187 16255 16364 16585 16866 17017 17272 17544 17913 18451 18917 19340 19624 20151 20571 21254 21841 22427 23028 23607 23808 24257 24435 24317 24731 24670
7956 4818 4952 5066 4987 5011 5008 5345 5188 4989 5196 5141 5311 5576 5617 5671 5778 5935 6399 6994 7513 7896 8247 8353 8489 8836 9223 9998 10555 11099 11719 12441 12890 13259 13581 14223 14804 15186 15306 15366 15356 15445 15668 16063 16123 16188 16542 16862 17134 17400 17770 18091 18148 18959 19419 19659 20023 20747 21361 21853 22150 22527 22884 23270 23728 23977 23945 24242 24389 24461
7531 4599 4846 4823 4655 4596 4614 4821 5146 4787 4777 5225 5147 5266 5384 5374 5437 5653 6205 6866 7380 7671 7887 8101 8360 8571 9092 9781 10233 10942 11649 12207 12731 12965 13749 13959 14471 14857 15107 15135 15119 15376 15838 16256 15910 16178 16560 16942 17264 17323 17610 17713 18188 18618 18973 19613 20096 20759 20979 21384 21857 22185 22630 23142 23370 23512 24040 23978 24110 24148
7044 4404 4461 4406 4321 4113 4221 4666 4780 4591 4800 4827 4881 4977 4994 5171 5337 6043 6505 6967 7250 7465 7653 7859 7918 8250 8636 9053 9731 10603 11249 11791 12190 12820 13092 13573 14173 14593 14969 14882 15115 15436 15774 15699 15897 16071 16370 16723 17022 17013 17131 17547 17896 18137 18837 19530 19778 20282 20425 20919 21520 21856 22226 22484 22785 23261 23412 23428 23675 23642
6654 4151 4207 4177 4179 3982 4348 4851 4708 4510 4623 4840 4731 4769 5058 4879 5377 5761 6149 6682 6977 7191 7452 7559 7825 8078 8237 8836 9557 10334 11005 11473 12300 12621 12907 13596 14111 14463 14538 14726 15016 15417 15463 15784 15773 15942 16335 16561 16600 16689 17053 17406 17489 18166 18822 19355 19676 19992 20277 21100 21475 21863 21997 22367 22856 23064 23248 23442 23410 23427
6115 3781 3920 3928 3797 3827 3958 4284 4270 4260 4467 4610 4364 4480 4654 4745 5002 5365 5803 6333 6708 6964 7121 7376 7559 7628 8006 8656 9368 10143 10803 11380 11952 12406 12707 13227 13812 14039 14218 14520 14802 15129 15264 15470 15566 15721 15943 16073 16286 16540 16814 17133 17408 17879 18440 18919 19188 19672 19987 20592 21100 21429 21675 22118 22493 22763 23047 23042 23069 23251
5835 3575 3720 4005 3649 3772 3836 4141 4318 4201 4395 4390 4307 4498 4606 4857 5113 5535 6016 6638 6755 6848 7156 7381 7362 7706 8103 8792 9551 10376 11088 11690 12203 12275 12737 13237 13666 13947 14246 14534 14739 15032 15291 15419 15531 15614 15773 15995 16317 16576 16782 17086 17505 17989 18491 18954 19167 19659 20012 20612 21118 21343 21716 22125 22376 22858 23035 22906 23163 23290
5649 3370 3661 4191 3500 3676 3731 4158 4227 4110 4310 4189 4474 4635 4601 4812 5075 5725 6111 6333 6494 6806 7039 7112 7361 7638 8052 8765 9577 10435 10958 11621 11795 12219 12758 13067 13565 14000 14260 14465 14695 15017 15204 15601 15478 15543 15733 16024 16460 16732 16840 17357 17753 18420 18732 19167 19381 19902 20336 20761 20950 21310 21579 21959 22376 22765 22697 23033 23245 23179
5368 3192 3651 3820 3316 3492 3610 3852 4029 3903 4013 4225 4426 4488 4533 4641 4990 5416 5611 6038 6312 6570 6684 6988 7162 7446 7955 8741 9532 10170 10718 11256 11727 12167 12597 12990 13502 13850 14124 14300 14638 14886 15214 15362 15324 15451 15678 15971 16319 16523 16818 17200 17549 18076 18569 19027 19343 19911 20075 20513 20778 21108 21470 21934 22236 22451 22786 22881 23036 22999
5135 3154 3401 3417 3249 3407 3515 3765 3859 3834 4034 4218 4360 4482 4429 4649 4941 5170 5488 5959 6230 6364 6628 6780 6942 7277 7806 8497 9105 9804 10420 11061 11590 11907 12301 12810 13330 13668 13968 14304 14523 14800 14958 15236 15391 15556 15777 16091 16415 16699 16949 17269 17649 18285 18711 19134 19290 19700 19980 20357 20936 21220 21436 21849 22073 22457 22572 22695 22836 22774
4938 3011 3146 3500 3138 3292 3391 3647 3841 3774 3944 4185 4292 4314 4365 4529 4644 5009 5351 5810 5994 6254 6442 6672 6899 7242 7681 8327 8988 9736 10372 11053 11472 11794 12276 12702 13213 13578 13894 14120 14366 14606 14914 15239 15343 15509 15783 16168 16532 16612 16883 17172 17682 18067 18545 18943 18986 19521 19759 20301 20717 20919 21158 21641 21908 22180 22400 22503 22709 22619
4715 2831 3139 3211 2958 3095 3157 3519 3679 3746 4030 4208 4059 4205 4189 4342 4543 4864 5209 5598 5882 6106 6351 6599 6822 7114 7529 8178 8900 9663 10304 10884 11321 11708 12192 12657 13186 13562 13864 14180 14466 14842 15163 15404 15540 15697 15911 16104 16326 16534 16761 17067 17389 17835 18276 18594 18751 19223 19499 19938 20309 20536 20828 21224 21496 21837 22093 22238 22409 22616
4485 2683 2917 2899 2862 3020 3214 3741 3999 4082 4261 3996 4075 4110 4217 4314 4631 5221 5816 6372 6702 7039 7355 7631 7908 8257 8701 9315 9986 10722 11358 11961 12387 12734 13130 13539 13972 14367 14696 14915 15167 15236 15197 15525 15536 15712 15959 16233 16490 16759 17033 17504 17894 18644 19271 19804 20131 20502 20731 21372 21791 22184 22473 22809 23164 23476 23634 23845 24049 24219
4254 2580 2608 2781 2973 3325 3259 3716 4048 3991 4274 3905 3965 4263 4499 4743 4911 5630 6455 7206 7430 7907 8488 8872 8744 8784 9114 9572 10320 11199 12005 12858 13262 13667 14186 14363 14823 15247 15386 14955 14951 14966 15229 15448 15620 15818 16016 16147 16514 16883 17134 17494 18041 18748 19305 19799 20000 20405 20856 21589 22087 22585 23114 23603 24115 24772 25162 25391 25751 26027
3871 2212 2213 2651 2928 3002 2992 3741 3706 3746 4108 3748 3816 4435 4302 4473 4870 5703 6400 6826 7301 7920 8427 8375 8299 8571 8884 9639 10337 11249 11960 12745 13151 13699 13885 14292 14738 14936 15426 14733 14731 14882 15297 15508 15868 15978 15970 16195 16610 17065 17487 18028 18681 19642 20069 20684 20804 21303 21958 22869 23411 23560 24071 24375 24455 25134 25441 25640 26150 26304
3304 1685 1962 2477 2393 2501 2715 3112 3210 3302 3430 3411 3664 3913 3824 4135 4582 5078 5582 6278 6903 7410 7522 7484 7733 7989 8609 9323 10080 10821 11562 12363 12947 13106 13508 13859 13980 14601 14649 14451 14547 14692 15021 15602 15582 15664 16036 16410 16846 17165 17716 18379 18726 19348 20022 20453 20925 21370 21937 22761 22878 23389 23945 23849 24632 24956 25274 25608 25765 25874
2664 1435 1899 1981 1952 2214 2127 2573 3127 2925 3075 3298 3301 3335 3696 4096 4367 4563 5347 6143 6670 6797 6840 7029 7209 7685 8229 8989 9597 10408 11232 12095 12345 12620 13020 13104 13687 13951 14295 14385 14509 14550 15048 15522 15355 15648 16062 16545 17090 17142 17726 18165 18316 19139 19675 20392 20573 21177 21689 22126 22686 23196 23300 23894 24305 24726 25201 25133 25255 25610
2137 1299 1346 1603 1679 1618 1878 2500 2606 2714 2991 2892 2913 3491 3803 3975 4008 4624 5484 6060 6188 6230 6417 6542 6869 7213 7715 8311 9066 10033 10899 11430 11806 11950 12222 12722 13067 13629 14135 14231 14281 14508 14826 15134 15361 15694 16173 16547 16798 17216 17478 17690 18187 18875 19770 20043 20299 20993 21220 21991 22542 22561 23201 23557 24094 24616 24722 24548 25055 25457
1430 909 1133 1505 1254 1309 1488 2154 2437 2526 2638 2638 3122 3293 3539 3558 3952 4779 5292 5572 5658 5913 6152 6398 6722 7130 7617 8293 9156 9992 10566 11131 11320 11695 12079 12535 13071 13635 13997 14053 14355 14636 15091 15604 15620 15817 16102 16300 16783 16876 17058 17576 17900 18772 19147 19708 20154 20458 20849 21659 21866 22470 22954 23223 23788 24107 24175 24558 24921 25052
897 690 848 896 974 1121 1339 1792 2126 2238 2470 2688 2922 3136 3307 3435 3828 4290 4685 5071 5284 5507 5789 6006 6308 6751 7311 8026 8759 9494 10108 10549 10997 11312 11732 12265 12824 13353 13833 14111 14391 14660 14940 15423 15561 15747 15907 16168 16452 16673 16994 17429 17881 18553 19166 19675 20043 20619 20925 21480 22053 22470 22764 23287 23615 23846 24127 24405 24664 24908
740 555 763 1051 1139 1368 1589 1980 2344 2440 2561 2767 3007 3178 3319 3479 3659 4050 4483 4889 5131 5384 5626 5916 6279 6748 7300 8037 8883 9708 10383 10915 11401 11791 12354 12865 13285 13658 14032 14124 14299 14513 14932 15374 15468 15652 15893 16237 16628 16847 17175 17607 18168 18755 19323 19785 20114 20742 21063 21651 22242 22605 22943 23552 24049 24388 24832 25204 25578 25844
561 434 795 1196 1247 1479 1648 2192 2540 2542 2792 2904 3162 3297 3432 3519 3780 4347 4918 5431 5706 6013 6305 6583 6890 7292 7764 8399 9120 9872 10500 11134 11576 11937 12416 12811 13256 13649 13943 14152 14407 14675 14913 15341 15448 15638 15927 16290 16754 17081 17369 17900 18388 19196 19834 20365 20733 21236 21555 22254 22680 23145 23486 23904 24356 24725 24936 25252 25544 25740
309 471 857 1108 1253 1428 1625 2136 2384 2528 2867 3058 3192 3479 3688 3867 4273 4870 5536 6155 6633 7056 7520 7935 8365 8841 9414 10156 10951 11834 12606 13219 13726 14165 14643 15267 15911 16516 17033 17293 17536 17877 18294 18642 18809 19020 19218 19340 19518 19700 19966 20280 20545 21071 21524 21877 22095 22501 22787 23262 23642 23919 24201 24534 24771 25037 25266 25394 25590 25881
