361 570 818 573 384 514 489 749 535 531 880 1124 833 1039 777 858 704 588 490 431 327 507 818 670 785 824 954 751 847 869 800 694 753 492 405 382 331 379 267 359 317 628 742 270 667 605 436 545 183 237 415 560 543 441 349 433 572 320 206 196 181 305 193 226 176 281 467 232 243 276
354 537 643 662 420 546 640 840 640 601 922 1081 785 1121 800 875 864 731 675 581 367 413 523 471 533 547 643 518 485 515 508 470 435 362 324 419 355 405 292 319 395 539 521 266 591 619 460 665 343 276 591 609 481 355 412 380 475 372 298 299 182 431 236 438 301 434 385 296 422 311
274 491 693 519 259 388 496 790 696 631 979 1154 855 1080 809 947 832 630 602 571 341 409 647 527 542 573 685 476 547 649 576 517 562 407 337 452 306 439 289 276 197 405 538 163 525 448 306 628 417 223 447 372 336 305 410 408 556 315 231 243 203 421 236 246 198 295 463 337 522 285
454 675 968 766 614 685 760 948 785 651 915 1030 654 831 584 654 653 537 514 493 305 346 488 383 481 504 570 435 490 522 448 347 454 284 306 222 228 357 220 241 291 454 470 265 382 466 369 426 130 200 464 462 375 204 276 199 378 330 243 192 189 294 77 326 187 254 240 111 187 250
282 520 771 487 335 458 567 827 644 729 1166 1462 1130 1279 1038 1165 960 725 584 514 347 565 877 721 802 897 989 667 830 909 816 687 805 524 476 483 436 590 428 460 281 684 858 351 738 680 422 702 369 292 479 553 516 437 488 539 638 381 232 221 259 517 272 260 246 300 629 362 375 259
553 819 1062 900 637 876 950 1368 992 951 1278 1457 1070 1317 898 948 779 609 521 420 316 451 816 717 674 749 845 699 712 686 639 743 781 461 372 541 330 452 418 327 260 520 693 300 808 817 508 797 441 430 568 672 583 454 590 467 748 617 290 292 299 575 344 401 308 524 676 419 576 188
870 1267 1356 1289 1042 1258 1300 1718 963 935 1237 1522 1214 1493 1080 1127 907 804 579 413 392 657 991 996 1032 1167 1283 1043 1106 1087 1018 1147 1182 741 595 763 680 651 600 614 668 1041 973 630 1272 1241 882 1054 484 658 857 1060 869 699 604 586 822 844 482 560 332 657 570 706 511 715 854 583 603 372
850 1241 1466 1258 933 1130 1050 1472 880 753 1034 1334 1007 1284 866 944 718 687 515 394 274 497 842 785 871 974 1112 883 999 1020 956 964 962 641 469 581 549 554 414 479 564 841 903 477 943 849 608 660 248 387 538 697 619 547 318 413 599 523 350 414 216 427 424 428 289 508 636 423 419 382
893 1244 1509 1285 1011 1209 1181 1575 1030 979 1329 1639 1212 1474 1018 1063 907 802 625 497 317 534 809 786 867 955 1085 905 938 969 918 890 918 667 526 581 607 641 485 604 674 913 904 529 976 949 671 750 262 446 678 817 707 573 413 492 639 558 417 502 276 504 430 563 417 592 669 497 475 475
991 1448 1530 1453 1112 1276 1275 1777 1015 898 1172 1436 1112 1396 1014 1091 956 828 642 503 383 608 788 893 925 1007 1196 977 960 1096 991 1093 1082 820 581 786 739 659 506 615 806 985 749 566 1203 1097 926 1053 523 637 942 961 732 597 465 484 755 791 615 788 248 544 554 793 519 713 655 618 777 533
1164 1663 1643 1591 1306 1469 1448 1886 965 933 1254 1679 1464 1716 1421 1612 1357 1246 982 839 761 1096 1393 1425 1520 1648 1887 1508 1622 1772 1669 1745 1763 1386 1101 1334 1270 1146 928 1075 1186 1650 1337 1006 1796 1584 1325 1541 807 957 1310 1389 1186 1077 764 906 1237 1188 927 1078 538 885 954 1094 795 1010 1185 971 1013 795
924 1234 1445 1328 1137 1300 1186 1442 854 797 1088 1415 1112 1335 1104 1307 1180 1149 1026 921 788 956 1270 1068 1222 1263 1496 1269 1339 1362 1356 1360 1384 1159 981 1078 944 963 774 794 896 1319 1214 847 1277 1213 1049 1136 454 661 989 1187 1085 885 707 666 1219 1083 782 696 560 750 625 851 553 881 920 552 615 519
665 959 1354 1018 822 928 976 1255 1030 898 1229 1450 980 1105 823 972 916 747 705 689 381 452 651 513 596 636 758 562 645 764 684 555 687 560 508 475 466 663 410 446 442 644 676 401 546 553 434 574 217 263 560 490 436 310 347 311 598 466 393 372 303 447 232 425 272 388 458 309 405 391
742 1075 1399 1043 875 999 981 1328 903 795 1103 1374 972 1054 786 918 794 645 565 577 437 623 935 841 928 971 1147 933 1022 1129 1006 927 1092 784 657 605 573 639 419 573 563 891 773 462 887 824 662 784 233 439 737 716 665 514 373 446 777 603 455 499 295 381 320 506 327 423 607 409 445 455
1107 1475 1742 1474 1242 1395 1261 1614 1009 860 1134 1454 1090 1281 944 1063 940 905 781 732 587 782 1084 1014 1158 1193 1414 1248 1301 1367 1292 1239 1320 1042 843 834 842 794 585 796 934 1230 1028 704 1173 1071 922 912 262 589 909 1009 937 781 440 586 923 786 656 732 414 473 552 757 523 704 772 573 553 707
1056 1430 1667 1485 1261 1395 1263 1646 968 858 1099 1371 1006 1190 922 1033 956 901 781 705 637 850 1079 1039 1161 1188 1420 1239 1232 1318 1242 1256 1289 1054 847 878 829 784 591 731 926 1196 950 747 1238 1200 1103 1075 406 708 1049 1147 988 756 556 537 1024 990 790 811 424 571 520 870 533 786 693 524 619 556
1263 1639 1761 1698 1508 1697 1581 1992 1113 1108 1383 1683 1354 1588 1292 1367 1260 1185 989 831 862 1137 1412 1397 1501 1546 1804 1641 1569 1587 1534 1673 1694 1350 1100 1216 1101 973 888 1001 1200 1563 1241 1016 1735 1700 1500 1524 671 1048 1395 1655 1418 1105 930 853 1420 1411 1022 1066 645 865 809 1225 849 1155 1059 790 890 694
1300 1680 1882 1744 1596 1739 1592 2013 1150 1142 1356 1614 1251 1398 1161 1193 1101 1046 873 767 919 1250 1512 1519 1631 1682 1901 1703 1662 1683 1590 1688 1722 1345 1147 1136 1068 973 867 998 1201 1563 1260 1107 1747 1803 1638 1542 739 1184 1487 1709 1470 1115 963 841 1412 1486 1126 1110 697 900 765 1238 835 1115 988 752 822 644
1261 1577 1945 1647 1528 1710 1500 1939 1210 1292 1551 1847 1417 1497 1245 1253 1081 1024 858 776 998 1405 1814 1717 1826 1893 2083 1851 1870 1835 1753 1787 1825 1403 1242 1146 1049 1057 950 1056 1115 1571 1522 1183 1793 1892 1650 1542 803 1254 1426 1730 1592 1249 1120 999 1567 1526 1141 1029 838 1041 787 1119 808 1122 1146 790 782 580
1251 1534 2086 1657 1428 1620 1396 1913 1437 1537 1872 2157 1561 1667 1308 1272 1145 1023 892 803 850 1219 1530 1462 1537 1583 1744 1552 1507 1546 1484 1405 1364 1193 1042 929 903 1039 846 968 1018 1237 1397 1033 1456 1594 1406 1278 797 1087 1217 1418 1321 1050 1035 917 1332 1235 1082 989 787 1038 673 951 727 1040 949 777 824 604
1153 1485 1981 1527 1256 1453 1290 1875 1381 1500 1860 2167 1615 1729 1330 1270 1049 888 704 604 676 1112 1461 1455 1495 1595 1712 1442 1468 1531 1424 1348 1314 1048 893 817 821 946 771 903 884 1125 1358 924 1439 1519 1266 1205 836 1032 1080 1254 1163 974 946 914 1140 1044 919 904 673 984 669 791 657 892 945 809 821 564
1404 1746 2327 1799 1526 1664 1445 2051 1598 1626 1905 2141 1532 1592 1218 1111 981 852 729 695 796 1213 1467 1529 1584 1644 1756 1538 1524 1630 1485 1352 1323 1121 986 783 872 986 764 986 1066 1165 1309 1032 1428 1570 1442 1213 895 1182 1258 1324 1227 1006 945 915 1128 1111 1123 1116 765 977 689 937 754 942 841 857 882 755
1445 1785 2451 1828 1597 1682 1453 1990 1631 1584 1836 2066 1423 1403 1090 1029 947 834 767 814 854 1226 1451 1477 1571 1608 1723 1498 1530 1679 1513 1285 1320 1162 1065 752 900 1060 747 1019 1100 1195 1283 1061 1295 1449 1392 1114 796 1129 1264 1220 1169 954 841 850 1087 1056 1160 1124 791 908 635 922 720 856 769 809 798 836
1431 1744 2339 1845 1634 1695 1466 1919 1539 1455 1643 1818 1218 1252 952 864 854 807 757 793 867 1192 1341 1390 1511 1532 1624 1449 1448 1545 1407 1199 1201 1068 1014 679 853 967 691 954 1131 1186 1193 1072 1238 1457 1427 1069 735 1123 1296 1280 1186 924 799 767 988 1060 1162 1093 759 859 588 977 722 867 653 712 687 804
1434 1730 2339 1864 1657 1691 1461 1831 1525 1386 1543 1713 1114 1150 865 815 845 841 835 913 928 1197 1311 1332 1480 1488 1564 1387 1417 1520 1401 1134 1129 1067 1057 684 892 1039 698 969 1167 1212 1199 1113 1142 1386 1382 1008 702 1082 1305 1213 1148 908 738 732 930 1015 1191 1081 783 861 584 980 707 846 621 695 635 851
1550 1844 2422 2022 1801 1797 1491 1812 1494 1206 1230 1300 795 862 660 627 714 832 887 976 1032 1206 1283 1263 1451 1419 1516 1401 1433 1499 1389 1169 1138 1084 1069 701 864 954 663 868 1205 1182 1135 1144 1057 1296 1446 923 663 1081 1288 1235 1165 906 703 621 956 1117 1267 1098 827 788 582 1032 691 890 505 576 589 874
1517 1703 2202 1984 1835 1834 1582 1747 1485 1209 1215 1241 730 844 632 606 833 965 1093 1215 1245 1312 1316 1289 1474 1385 1480 1477 1397 1401 1363 1161 1118 1155 1211 825 958 1034 748 971 1348 1324 1094 1228 1118 1463 1575 1122 703 1190 1564 1461 1362 1019 843 713 1093 1273 1397 1176 937 887 629 1269 847 1058 579 637 643 958
1578 1742 2117 2010 1966 1973 1875 1927 1617 1310 1313 1305 821 928 698 687 969 1066 1213 1367 1373 1353 1359 1347 1505 1413 1485 1552 1443 1391 1356 1223 1301 1222 1345 960 1075 1117 889 1116 1455 1516 1072 1301 1252 1628 1632 1331 727 1300 1800 1650 1516 1116 961 831 1207 1418 1419 1239 1047 953 749 1497 1054 1171 785 773 741 1115
1238 1439 1645 1662 1587 1550 1511 1505 1193 847 831 832 513 672 532 605 838 952 1077 1211 1186 1141 1118 1092 1270 1205 1276 1238 1230 1221 1173 1052 1110 1015 1128 849 937 943 708 871 1214 1331 881 1090 1042 1314 1363 1143 627 1030 1532 1348 1201 889 716 621 945 1168 1173 1005 803 761 618 1253 823 918 596 579 583 918
1200 1440 1519 1604 1536 1424 1416 1352 1022 715 725 781 576 740 733 886 1101 1191 1266 1379 1320 1308 1198 1185 1420 1371 1470 1304 1364 1453 1379 1206 1254 1203 1283 1041 1170 1132 833 1020 1381 1554 1016 1235 1196 1378 1506 1315 804 1095 1660 1437 1250 979 771 730 1019 1240 1312 1165 845 861 748 1374 917 971 659 680 701 1049
884 1170 1174 1242 1122 1022 1017 978 637 374 445 602 512 699 724 954 1016 1094 1100 1177 1093 1150 1139 1072 1324 1326 1442 1132 1328 1457 1368 1177 1210 1091 1113 976 1071 1024 706 861 1125 1429 1025 1038 1098 1123 1213 1131 692 825 1310 1131 996 851 565 640 855 961 1027 908 625 708 664 1031 665 721 625 565 560 855
775 1128 931 1041 918 801 819 820 359 189 301 542 685 873 1034 1332 1195 1246 1136 1157 1203 1403 1512 1420 1692 1763 1911 1399 1754 1921 1768 1628 1671 1341 1276 1265 1284 1138 882 996 1155 1684 1343 1162 1490 1318 1387 1416 993 976 1352 1284 1146 1094 749 911 1093 1113 1065 992 692 853 909 1037 743 769 925 746 745 900
651 962 752 904 783 695 701 687 237 152 297 566 709 937 1062 1331 1172 1229 1093 1082 1165 1405 1541 1438 1710 1792 1923 1408 1749 1869 1751 1610 1603 1279 1228 1223 1236 1093 862 969 1101 1666 1394 1142 1512 1373 1371 1411 982 960 1306 1316 1182 1121 779 942 1073 1072 1005 902 658 879 879 975 706 765 939 718 670 796
766 1094 802 1014 881 778 774 773 265 165 270 507 738 997 1156 1402 1219 1309 1148 1110 1274 1533 1666 1588 1869 1960 2087 1560 1918 2019 1883 1787 1760 1369 1302 1326 1328 1116 952 1038 1211 1775 1502 1257 1680 1513 1545 1535 1143 1111 1407 1478 1316 1258 903 1058 1167 1211 1110 1022 753 968 1019 1092 827 880 1030 812 782 898
855 1195 903 1149 958 864 834 862 349 168 221 400 637 950 1069 1286 1129 1266 1127 1070 1220 1426 1528 1470 1740 1819 1938 1471 1799 1878 1753 1697 1630 1268 1193 1253 1246 1016 890 938 1190 1646 1403 1202 1572 1411 1491 1417 1108 1065 1325 1411 1238 1191 845 964 1071 1169 1084 1005 726 914 1001 1074 804 890 931 763 781 902
917 1284 1011 1233 1024 961 919 990 407 195 246 415 632 975 1024 1198 1020 1178 1007 910 1054 1256 1385 1340 1607 1700 1811 1391 1707 1742 1618 1604 1551 1132 1042 1117 1126 873 808 841 1119 1541 1332 1107 1484 1317 1370 1246 939 954 1162 1335 1154 1098 737 853 941 1068 938 897 636 793 933 989 743 836 862 673 673 848
998 1379 1107 1345 1098 1044 971 1086 469 228 246 385 607 974 1010 1163 989 1170 1004 890 1059 1254 1375 1348 1604 1691 1808 1412 1704 1732 1608 1632 1546 1132 1020 1124 1112 840 803 813 1138 1505 1316 1114 1500 1333 1419 1250 979 992 1168 1363 1167 1108 760 839 957 1118 978 940 651 804 956 1018 759 887 841 679 722 853
1138 1524 1189 1516 1259 1240 1184 1300 587 354 382 517 748 1189 1161 1282 1116 1311 1107 929 1089 1267 1377 1372 1624 1719 1834 1492 1734 1708 1615 1708 1603 1169 1044 1208 1189 871 904 886 1257 1608 1387 1192 1628 1468 1507 1339 1011 1061 1242 1534 1292 1201 859 910 1023 1228 1016 1007 711 886 1064 1163 893 1050 949 760 801 930
1174 1572 1272 1533 1276 1226 1142 1283 615 337 327 423 680 1074 1111 1236 1059 1262 1081 930 1129 1308 1427 1408 1665 1752 1873 1514 1792 1790 1658 1741 1659 1194 1062 1196 1165 849 890 859 1231 1562 1382 1195 1596 1412 1532 1308 1057 1089 1218 1494 1272 1195 868 903 1052 1251 1054 1034 749 867 1062 1134 876 1015 912 740 821 954
837 1134 887 1140 917 873 798 875 382 170 197 305 507 869 911 1058 933 1100 993 913 1088 1243 1370 1309 1546 1592 1716 1379 1614 1620 1523 1537 1440 1081 993 1076 1011 762 733 745 1040 1394 1215 1014 1402 1273 1363 1236 952 955 1158 1329 1162 1081 782 834 988 1081 945 866 639 768 867 963 709 849 789 620 690 784
1005 1325 1076 1383 1121 1073 986 1072 532 270 264 340 520 929 942 1075 998 1197 1092 981 1116 1231 1280 1252 1493 1533 1652 1352 1547 1552 1474 1512 1372 1085 994 1104 1062 808 778 762 1153 1410 1206 1090 1399 1303 1435 1243 989 997 1218 1389 1178 1079 802 798 972 1156 1042 962 682 827 916 1084 781 962 755 643 752 847
1114 1425 1223 1492 1142 1111 1017 1104 721 344 313 350 540 1006 946 1083 984 1233 1174 1078 1110 1134 1210 1144 1371 1409 1492 1228 1473 1459 1397 1405 1240 996 926 1068 1025 817 789 726 1109 1267 1237 1047 1216 1080 1235 1042 1003 900 1036 1172 1043 1057 757 808 858 1000 977 905 744 835 987 976 775 949 780 700 809 985
1000 1273 1127 1327 1027 964 841 899 604 282 255 303 488 883 896 1036 931 1171 1130 1080 1179 1255 1351 1253 1502 1533 1610 1298 1579 1578 1499 1437 1283 1037 997 1045 1016 840 776 746 1074 1289 1299 1081 1223 1117 1291 1066 1039 947 1067 1184 1091 1093 792 854 907 1007 1019 890 774 853 940 923 731 884 764 668 741 936
941 1178 957 1239 985 939 826 795 467 292 357 511 745 1183 1227 1412 1259 1485 1370 1251 1338 1469 1593 1429 1729 1785 1879 1496 1805 1777 1748 1665 1485 1247 1199 1286 1251 1066 999 955 1229 1599 1627 1281 1485 1357 1446 1292 1150 1035 1186 1436 1332 1320 994 1080 1132 1166 1113 941 895 1069 1098 1051 864 1059 1018 789 791 980
912 1181 1073 1219 958 941 799 778 444 328 481 754 911 1334 1316 1519 1280 1499 1313 1156 1156 1353 1544 1323 1665 1771 1853 1400 1790 1762 1748 1580 1416 1179 1125 1180 1225 1112 984 953 1155 1596 1769 1257 1389 1238 1243 1071 938 838 935 1268 1214 1243 848 1013 994 969 944 768 808 1017 1022 853 733 939 1021 712 593 893
500 665 833 752 526 566 462 498 454 378 606 818 751 1069 966 1118 922 1025 937 844 770 902 1167 870 1120 1190 1238 897 1211 1160 1153 947 858 680 695 665 646 727 603 523 558 916 1310 744 765 720 673 594 556 426 464 730 767 769 610 669 702 544 513 285 554 714 530 356 336 528 666 341 278 467
571 774 890 859 621 649 570 673 538 301 413 479 428 739 634 741 635 751 729 672 647 685 892 686 879 905 971 760 977 924 872 795 754 512 506 502 431 429 392 304 457 674 883 534 609 572 623 501 437 385 460 646 621 568 461 433 575 529 441 286 420 466 395 376 282 445 426 206 278 424
637 978 1189 1003 738 752 670 979 654 314 350 384 213 377 252 335 241 301 309 347 395 496 701 636 743 777 861 631 822 882 725 693 725 405 355 307 251 258 140 135 315 464 499 349 523 505 588 446 326 382 491 448 381 301 196 147 398 467 398 332 195 224 191 291 100 219 175 108 253 264
740 1159 1336 1103 813 820 806 1108 745 421 535 657 504 710 524 608 417 458 350 315 255 402 600 561 711 824 857 533 838 918 740 647 713 340 296 263 346 358 229 236 378 558 679 411 526 435 443 307 278 275 326 346 277 282 108 187 189 276 267 289 168 248 288 231 147 175 263 191 212 396
754 1040 1353 1062 886 945 809 1010 693 424 529 700 448 570 364 460 333 432 425 509 534 687 1026 875 1046 1087 1169 946 1183 1166 1058 909 998 633 627 433 460 497 307 433 518 844 863 555 720 738 653 505 176 443 604 627 662 564 240 362 551 496 439 335 333 298 293 352 198 300 462 237 128 424
483 736 1094 813 622 715 729 948 771 748 1057 1280 919 1111 841 895 717 650 520 430 316 518 774 608 747 867 863 551 778 767 704 532 564 328 373 277 338 543 389 342 294 589 938 490 549 638 431 420 294 286 345 505 468 375 402 368 397 352 265 132 300 547 221 210 174 296 445 199 129 179
582 904 1193 744 595 691 722 1104 832 784 1062 1244 1033 1104 905 905 547 431 256 213 351 679 1159 1026 1111 1268 1277 916 1250 1230 1013 946 1137 480 456 349 327 404 422 413 223 658 1037 460 866 786 563 586 474 510 376 606 617 571 542 612 605 459 217 218 383 481 384 163 267 233 697 375 310 323
509 827 1138 767 607 629 600 874 632 512 753 923 676 782 660 725 530 466 340 292 275 496 759 621 792 886 948 629 891 946 777 632 762 381 347 211 266 345 241 261 262 554 765 374 534 492 458 345 194 251 289 444 402 306 256 269 386 320 223 174 202 272 145 153 107 137 292 87 89 235
535 816 1182 842 680 662 639 874 738 538 710 792 475 558 454 520 466 411 392 417 357 480 621 514 663 702 755 506 690 781 624 450 558 333 352 160 223 353 179 210 289 443 557 363 366 427 486 338 224 283 420 399 341 208 230 163 338 346 350 254 226 269 67 241 109 145 122 47 123 254
532 829 997 900 698 718 827 1088 805 615 804 848 537 736 536 579 612 488 453 420 299 355 372 406 474 501 564 401 424 527 400 368 435 265 258 232 250 302 180 202 365 423 304 282 462 538 535 555 323 337 621 526 333 158 277 149 309 416 362 377 143 303 122 463 250 288 125 158 344 285
442 694 904 739 589 637 583 829 481 400 589 734 469 625 461 493 425 388 322 312 391 602 800 751 881 914 1009 790 878 903 792 713 749 460 426 301 303 303 182 290 393 658 602 390 713 781 708 628 254 434 643 713 603 406 316 293 499 492 386 316 164 284 126 371 171 272 261 126 152 183
563 821 1131 872 636 666 616 883 719 567 765 878 555 747 511 508 451 419 370 357 301 457 583 556 691 729 768 566 682 740 624 451 458 287 287 130 235 304 146 255 376 462 576 342 448 517 502 350 245 310 445 454 389 285 215 245 240 239 325 290 172 270 121 256 158 204 146 144 160 326
523 726 1098 823 648 665 631 790 745 521 675 758 406 536 335 394 398 394 447 533 436 499 653 542 675 679 711 543 680 718 625 411 473 330 403 178 244 388 169 263 343 477 553 365 340 465 450 347 195 297 508 402 401 286 214 223 317 286 367 243 258 282 91 266 134 183 176 116 114 331
446 729 936 722 559 565 518 738 457 364 590 753 553 720 635 714 600 553 440 375 363 558 725 619 809 863 966 681 856 923 792 667 728 452 394 296 334 343 229 281 379 639 694 397 607 577 595 478 231 295 444 589 489 350 281 272 444 402 327 269 174 273 148 291 154 228 234 79 129 244
309 598 739 601 412 470 556 819 521 436 697 844 604 802 613 689 582 452 351 288 215 366 537 490 578 646 723 467 586 658 535 491 564 279 238 248 223 266 167 181 217 458 471 217 535 521 420 517 254 232 430 463 333 212 254 217 344 313 184 189 70 263 108 250 126 179 245 122 225 148
469 711 923 859 696 660 770 827 751 540 702 752 513 710 650 810 823 787 789 763 569 552 571 407 559 610 617 336 537 605 532 396 438 353 456 403 408 605 417 262 372 542 658 543 367 484 525 525 467 329 562 501 379 258 434 227 429 540 488 290 391 588 237 453 260 366 257 136 279 275
627 964 1078 1089 847 800 917 1025 826 555 668 740 594 818 794 1025 968 962 941 902 714 717 743 595 730 822 837 441 727 851 760 672 665 559 618 692 649 835 605 379 515 721 844 738 601 641 704 758 768 507 718 591 446 403 552 343 579 754 685 492 512 805 485 603 370 527 448 340 540 380
585 937 934 985 784 813 881 1005 545 295 400 561 478 722 590 781 647 702 628 609 568 667 872 768 907 1010 1061 713 989 1011 923 906 943 594 602 659 613 628 467 403 523 910 829 632 838 821 701 779 475 484 729 708 589 519 369 361 550 663 479 382 321 533 451 534 302 431 553 322 339 337
738 1092 1165 1141 925 972 941 1173 631 340 410 537 359 571 380 495 445 501 468 491 504 614 795 783 901 939 1054 845 969 1009 901 908 948 625 564 552 524 456 297 384 605 862 600 521 847 849 795 757 317 520 828 768 634 488 256 274 546 653 521 503 226 317 338 592 293 421 391 281 335 392
427 629 759 727 620 677 806 769 617 543 798 1012 843 1097 917 1078 916 926 824 762 630 724 981 732 916 1047 1005 654 982 897 881 727 788 488 632 579 598 770 633 511 445 919 1150 718 715 797 531 654 451 398 560 700 669 600 564 559 557 541 367 159 495 745 458 418 358 449 727 336 190 336
507 839 837 895 687 790 926 1225 720 528 684 737 580 831 642 745 651 561 489 403 399 463 671 625 637 706 800 601 676 683 577 757 826 428 364 553 344 336 352 197 299 563 477 345 785 771 651 846 493 471 683 732 524 356 498 283 651 743 365 351 238 463 324 539 308 467 464 261 513 163
343 627 827 609 328 413 366 713 462 384 648 844 625 840 630 713 529 445 352 301 260 470 727 649 743 800 915 631 779 870 754 667 655 406 294 323 267 296 161 217 240 470 625 226 609 514 448 501 326 256 366 418 373 338 258 321 428 275 234 235 95 274 177 148 77 193 307 197 295 202
339 549 807 592 409 479 396 611 413 305 533 719 462 619 460 586 499 459 450 480 434 577 842 684 817 818 961 745 862 914 835 706 742 533 470 391 321 371 186 284 319 611 632 301 594 574 523 549 198 281 513 527 519 404 269 313 576 392 331 239 177 250 127 245 91 229 320 134 186 221
378 673 804 667 486 546 641 931 605 456 686 785 540 717 534 614 553 408 348 313 236 334 497 469 529 564 675 490 551 634 495 504 620 315 248 274 204 212 138 164 232 430 331 159 530 497 440 557 227 251 498 482 338 188 247 183 408 373 209 252 70 192 98 320 159 200 223 127 301 201
371 681 787 688 457 506 488 735 385 318 550 745 623 870 753 866 659 631 477 357 357 574 801 676 831 933 1017 654 886 929 826 773 758 449 375 430 384 404 315 253 314 644 819 429 717 647 582 578 399 321 404 590 483 410 369 336 490 462 305 226 188 427 269 261 146 298 383 160 231 149
