44980 30669 29488 29512 29619 29818 29775 30241 30477 31043 31581 32034 32459 32707 32513 32513 32684 32989 33356 33449 33456 33360 33921 34663 35239 35550 35708 36037 36370 36694 36920 37083 36746 36451 36609 36827 37112 37333 37445 37420 37444 37664 38044 38598 39319 39891 40702 41479 42020 42562 42701 43370 43745 44052 44354 44392 44565 44769 44696 44475 44460 44765 44850 44898 45255 45840 45878 46208 46639 46311
44421 30405 29290 29295 29483 29484 29744 29993 30470 31045 31587 31797 32288 32269 32177 32267 32673 32883 33002 33146 33080 33413 33896 34471 35034 35322 35479 35759 36189 36605 36711 36784 36344 35943 36200 36504 36537 36724 36881 36779 36949 37244 37667 38560 39173 39806 40588 41298 41787 42246 42596 43186 43523 43615 43724 43819 44232 44205 44341 43973 44195 44368 44376 44567 45113 45405 45743 46126 46212 46077
43959 30113 29096 29154 29203 29513 29461 29833 30259 30907 31334 31635 31898 31974 31858 32142 32519 32483 32689 32704 33062 33148 33447 33973 34601 34927 35100 35553 36020 36347 36316 36379 35854 35368 35668 35761 35689 35937 35931 36125 36349 36688 37411 38181 38775 39377 40215 40887 41294 41968 42229 42877 43282 43194 43395 43746 43900 44087 44074 43759 43862 44034 44043 44392 44728 45274 45718 45647 45899 45913
43367 29728 28953 28888 29072 29188 29385 29859 30224 30726 31096 31246 31458 31501 31766 31997 32089 32163 32289 32685 32913 32752 33062 33682 34174 34502 34741 35161 35551 35881 35747 35828 35177 34566 34730 34755 34781 34954 35210 35411 35737 36373 36932 37693 38302 39010 39763 40311 40891 41531 41880 42479 42517 42641 43095 43223 43531 43541 43506 43362 43543 43605 43901 44065 44685 45197 45338 45443 45649 45833
43110 29600 28776 28878 29213 29465 29492 29640 30034 30390 30891 30932 31148 31467 31783 31669 31865 31874 32383 32542 32523 32409 32759 33192 33944 34382 34807 35339 36158 36888 35563 35545 34880 34112 34289 34177 34179 34538 34829 35097 35756 36271 37012 37979 38443 38825 39538 40283 41173 41762 41869 42087 42301 42662 42808 42998 43251 43277 43162 43026 43046 43608 43621 43915 44486 44947 44937 45113 45630 45671
42466 29302 28661 28802 29084 29357 29254 29734 29920 30371 30385 30505 30938 31465 31967 31342 31468 31805 32092 32188 32222 32131 32396 33061 33683 34259 34570 35436 36272 36495 35097 35132 34438 33626 33612 33554 33676 34108 34445 35058 35523 36113 36898 37433 37868 38423 39252 40287 40760 41229 41177 41596 42036 41993 42260 42476 42768 42650 42522 42498 42916 42978 43343 43692 44225 44426 44702 45076 45323 45571
41713 28788 28351 28506 28771 28797 29172 29277 29546 29688 29894 30175 31044 31498 31507 30906 31095 31407 31562 31795 32032 31677 32084 32586 33372 33862 34509 35271 35578 35847 34379 34313 33663 32927 32892 32971 33220 33578 34272 34828 35319 35910 36247 36818 37414 38034 39056 39676 40018 40300 40290 40895 41182 40985 41286 41504 41967 41775 41838 42194 42236 42785 43190 43608 44024 44417 44828 45589 45967 46307
40844 28297 27922 28009 28189 28593 28728 28787 28822 29072 29365 30073 30802 31157 30914 30366 30550 30700 30905 31455 31497 31212 31391 31960 32833 33644 34197 34437 34793 34836 33554 33436 32911 32368 32413 32442 32624 33253 33954 34570 35013 35133 35552 36233 36904 37612 38193 38708 38822 39167 39407 40027 40058 39985 40301 40660 40958 41167 41381 41607 41834 42440 42943 43282 43772 44306 44792 45352 45855 46139
40123 27899 27580 27613 27992 28172 28381 28313 28405 28625 29456 29819 30397 30832 30356 29852 30055 30197 30639 30841 30995 30718 30978 31705 33048 33660 33526 33826 33990 34136 32934 32786 32314 31845 31892 32041 32525 33205 33917 34462 34419 34657 35161 36023 36715 36991 37426 37671 37924 38556 38775 39082 39135 39186 39656 39891 40464 40801 40910 41334 41791 42406 42787 43485 44203 44977 45177 45881 46564 46898
39409 27479 27210 27349 27634 27787 27953 27785 27893 28608 29045 29380 30074 30643 29744 29226 29437 29787 29925 30266 30382 30190 30533 31819 32743 32826 32946 33167 33413 33581 32431 32302 31912 31552 31688 32202 32805 33480 33871 33914 34021 34329 35018 35835 36061 36219 36493 36879 37421 38010 37950 38283 38443 38661 39003 39469 40151 40305 40632 41108 41516 42142 42846 43695 44370 44621 45413 46349 47140 47109
38633 26994 26802 26962 27174 27346 27404 27304 27791 28252 28544 29071 29844 30355 29149 28596 28928 29067 29333 29675 29655 29680 30619 31296 31816 32118 32141 32405 32601 32622 31658 31509 31229 31033 31443 31875 32364 32739 32959 33225 33450 33975 34600 34919 35055 35052 35385 36009 36445 36866 36802 37287 37683 37865 38519 39050 39672 40022 40298 40884 41198 42107 42989 43538 43781 44534 45465 46211 47009 46650
37337 26243 26164 26106 26397 26550 26593 26979 27220 27511 27781 28361 29285 29125 28272 27800 28036 28078 28400 28682 28928 29345 29712 30086 30747 31198 30905 31038 31255 31152 30500 30436 30325 30535 30768 31027 31168 31391 31850 32218 32674 33095 33253 33450 33529 33566 34099 34617 34885 35271 35501 36403 36663 37127 37854 38357 39102 39452 39783 40562 40887 41839 42516 42873 43413 44315 44933 45752 46199 45778
36271 25657 25555 25529 25831 25906 26000 26277 26484 26826 27427 27937 28146 28183 27511 27211 27440 27411 27694 28090 28748 28626 28873 29541 30285 30656 30125 30254 30352 30314 29883 29858 30077 30327 30121 30148 30206 30674 31162 31685 32170 32111 32214 32460 32522 32768 33191 33518 33963 34546 35069 35799 36207 36686 37357 37930 38626 39108 39705 40256 40912 41667 42188 42746 43469 44248 44791 45347 46006 45230
35749 25355 25310 25415 25538 25621 25755 25966 26131 26595 27332 27288 27455 27492 27000 26728 26919 26984 27417 28214 28897 28069 28460 29129 29866 30251 29575 29736 29841 29787 29569 29828 30200 29990 29557 29595 29842 30462 31067 31614 31522 31491 31582 31776 31903 32101 32573 33089 33656 34488 35012 35628 36110 36699 37503 38241 39141 39754 40429 41203 41848 42790 43457 44138 44893 45831 45717 45867 46096 44896
35062 24984 25038 25028 25186 25283 25458 25564 25807 26484 26626 26501 26814 26737 26408 26234 26419 26605 27459 28444 28768 27548 27894 28578 29371 29476 28923 29062 29135 29107 29375 29895 30325 29588 29002 29121 29485 30164 30852 31174 30789 30802 30900 31137 31324 31573 32160 32829 33586 34416 34866 35568 36079 36794 37753 38610 39649 40373 41069 41997 42705 43757 44546 45290 45229 45558 45063 45314 45491 44401
34153 24447 24515 24439 24638 24699 24781 24979 25465 26059 25535 25487 25805 25727 25567 25486 25849 26423 27317 28288 27780 26813 27136 27887 28638 28482 28143 28256 28363 28832 29386 29944 30336 29160 28437 28637 29097 29772 30248 30402 29932 29921 30076 30446 30661 30957 31620 32497 33305 34098 34546 35419 36203 36840 37927 38854 40007 40690 41314 42237 42959 44018 44459 44490 44444 44634 44236 44492 44845 43811
33338 23961 24023 23907 24158 24111 24224 24676 25139 25148 24663 24663 24979 24885 24881 25067 25690 26503 27386 27438 26942 26181 26614 27321 27846 27609 27440 27558 28112 28902 29521 29902 30133 28790 27949 28242 28756 29203 29558 29533 29189 29237 29519 29848 30124 30513 31304 32144 32924 33699 34244 35348 35976 36976 38400 39735 41350 42377 43239 44170 44360 44948 43659 43631 43600 43771 43385 43825 44057 43284
32148 23216 23196 23069 23301 23326 23614 23971 24108 23934 23621 23601 23918 23981 24269 24739 25440 26430 26206 26288 25989 25433 25830 26288 26601 26521 26542 27066 27945 28715 29083 29677 29491 28333 27465 27658 27937 28176 28386 28361 28224 28336 28592 28945 29397 29895 30583 31432 32167 33029 33746 34796 35778 36884 38445 39866 41567 42476 42940 43385 43509 43949 42501 42479 42518 42694 42380 42843 43038 42541
31133 22538 22380 22268 22573 22741 23016 23182 23011 22835 22688 22728 23132 23454 24027 24608 25395 26377 25157 25220 25089 24729 24880 25094 25483 25637 26073 26922 27746 28241 28779 29223 28779 27812 27015 26984 27109 27193 27393 27457 27564 27696 28012 28472 29032 29436 30114 30863 31668 32636 33316 34545 35647 36913 38516 39894 41472 42296 42082 42469 42471 43022 41359 41296 41423 41478 41341 41771 41831 41754
30019 21754 21529 21440 21832 22063 22335 22186 21955 21850 21848 21942 22590 23175 23917 24597 25462 25307 24107 24193 24197 23994 23864 24156 24609 25141 25840 26591 27175 27856 28255 28252 27985 27223 26616 26453 26407 26471 26718 27011 27129 27277 27692 28237 28761 29198 29706 30482 31407 32255 33072 34261 35470 36653 38133 39480 41008 41590 41011 41260 41493 41803 40122 40231 40296 40470 40425 40734 41086 40957
29098 20976 20796 20798 21121 21369 21565 21319 21182 21147 21200 21511 22313 23127 23819 24553 25426 24204 23141 23228 23271 23218 23102 23432 24190 25014 25586 26215 26945 27773 27481 27490 27337 26783 26320 26114 26075 26226 26655 26959 27067 27270 27651 28153 28597 28940 29503 30302 31131 32077 32829 33950 35171 36314 37814 39163 40370 41031 39913 40107 40376 40733 38981 39076 39353 39471 39672 40028 40367 40529
28221 20237 20194 20164 20421 20671 21056 20706 20624 20622 20800 21385 22314 23125 23913 24703 25071 23091 22259 22420 22564 22561 22470 23027 24031 24708 25070 25821 26676 27102 26562 26611 26511 26207 25916 25793 25866 26218 26650 26926 27034 27180 27472 27871 28252 28657 29249 29992 30811 31733 32444 33515 34774 35951 37432 38536 39798 40395 38785 39076 39402 39778 37867 38152 38478 38719 39114 39399 39949 40095
27474 19463 19475 19480 19715 20034 20215 20047 20003 20093 20662 21384 22262 23138 23828 24110 24227 21894 21357 21519 21770 21762 21889 22703 23672 24155 24692 25647 26082 26055 25636 25658 25624 25522 25420 25562 25880 26272 26687 26947 27098 27212 27405 27731 28102 28543 29104 29795 30602 31442 32144 33118 34422 35624 36838 37957 39209 39364 37621 37914 38304 38737 36733 37038 37457 37905 38234 38694 39392 39659
26815 18750 18868 18848 19153 19208 19420 19395 19439 19829 20612 21274 22185 22995 23406 23222 23296 20796 20426 20619 20878 21062 21442 22254 23091 23780 24554 25416 25137 25105 24816 24889 24868 24888 25157 25569 25924 26315 26761 27038 27210 27352 27528 27793 28083 28488 29085 29747 30513 31327 32039 33043 34297 35288 36484 37581 38868 38313 36492 36846 37262 37784 35651 36024 36515 36976 37466 38028 38880 39386
26300 18132 18268 18363 18632 18467 18706 18709 19089 19746 20726 21427 22394 22665 22639 22380 22494 19784 19595 19789 20224 20598 20972 21656 22788 23703 24453 24975 24326 24281 24087 24143 24231 24635 25194 25704 26113 26560 27027 27332 27574 27755 27935 28187 28442 28857 29476 30088 30806 31534 32167 33047 34149 35120 36275 37394 38648 37447 35582 35915 36442 36408 34716 35095 35603 36281 36748 37523 38669 39148
25841 17539 17826 17875 17991 17749 18015 18337 18943 19747 20808 21411 21795 21883 21844 21529 21547 18849 18746 19067 19679 20002 20264 21257 22633 23530 24158 23957 23483 23442 23368 23525 23930 24562 25447 26262 26923 27542 28186 28684 29158 29520 29795 30089 30272 30645 31276 31982 32781 33513 34078 35018 36141 37143 38322 39454 40525 36724 34784 35200 35198 35133 33890 34286 34920 35598 36266 37301 38414 39140
25420 16947 17266 17290 17465 17028 17418 18010 18758 19874 20983 20782 21188 21007 21017 20677 20700 18013 18063 18469 18992 19296 19930 21343 22754 23387 23353 23118 22739 22713 22680 23107 23618 24553 25442 26397 27303 28218 29167 29931 30639 31213 31652 32045 32334 32821 33552 34211 34904 35479 35968 36761 37611 38325 39221 39216 39420 35994 34044 34451 34007 34060 33170 33636 34255 35077 35955 37047 38502 38990
24948 16279 16635 16676 16867 16371 16873 17458 18482 19630 20341 20021 20314 20169 20068 19746 19777 17148 17358 17724 18171 18561 19599 21010 22247 22482 22366 22203 21991 21999 22265 22827 23598 24482 25580 26691 27979 29388 30828 32041 33208 34240 35097 35829 36460 37280 38384 39208 39912 40544 41105 41704 40683 38466 38659 38325 38569 35424 33470 33831 32821 33091 32496 32935 33575 34843 35519 37049 38184 38787
24298 15500 15825 15940 15954 15755 16132 16755 17731 18520 19089 18939 19239 19234 18894 18654 18721 16125 16384 16804 17295 17728 18701 19920 20957 21188 21103 21087 21139 21467 21850 22712 23403 24526 25836 27170 28612 30169 31678 32984 34313 35498 36489 37379 38124 39034 40246 41191 41982 42720 40993 41159 40076 37948 37957 37529 37708 34852 32840 33152 31583 31875 31729 32096 33106 34434 35243 36618 37728 38511
23797 14951 15274 15292 15342 15316 15673 16273 16844 17514 18039 18076 18444 18734 17998 17830 17958 15437 15773 16216 16700 17022 17897 18937 19883 19991 20078 20241 20614 21102 21778 22519 23379 24572 25910 27440 29055 30697 32224 33649 34960 36157 37370 38499 39413 40435 41756 42589 42834 42894 40453 40567 39595 37614 37522 37041 37203 34550 32487 32824 30805 31203 31219 31909 32988 34269 35083 36351 37608 38044
23212 14407 14612 14660 14849 14897 15192 15443 15916 16519 17104 17234 17820 18145 17143 16993 17184 14812 15202 15602 16004 16170 16933 17908 18691 18916 19168 19619 20132 20951 21561 22458 23348 24356 25784 27313 28834 30483 32117 33359 34733 36158 37394 38402 39275 40306 41398 41771 41883 41987 39714 39855 39078 37255 37179 36705 36758 34328 32161 32423 30142 30544 30903 31631 32610 33778 34653 35902 36986 37553
22612 14005 14124 14320 14453 14733 14629 14895 15283 15902 16364 16720 17264 17660 16501 16385 16573 14436 14807 15139 15380 15484 16288 17106 17821 18139 18555 19035 19914 20745 21626 22482 23160 24175 25622 27153 28671 30484 31890 33145 34717 36109 37141 38164 39117 39926 40474 40720 40843 41127 38948 39140 38580 36908 36867 36439 36418 34148 31920 32189 29835 30329 30986 31588 32438 33484 34565 35543 36650 37369
21659 13472 13560 13795 14056 14255 14066 14327 14760 15340 15733 16134 16647 16979 15876 15815 16000 14044 14389 14623 14779 14895 15696 16466 17065 17416 17735 18379 19277 20428 21197 21850 22573 23555 24999 26565 28254 29883 31288 32699 34218 35377 36395 37495 38392 38669 38924 39213 39429 39762 37769 38001 37696 36154 36164 35813 35775 33632 31431 31691 29620 30099 30756 31289 32088 33108 34124 35081 36234 36637
20728 12970 13104 13399 13602 13736 13545 13843 14300 14838 15245 15590 16090 16494 15341 15321 15447 13693 13952 14138 14294 14399 15182 15821 16400 16629 17098 17751 18978 20030 20602 21303 22038 23066 24560 26309 27831 29425 30980 32362 33601 34708 35790 36813 37458 37214 37486 37871 38137 38509 36623 36925 36801 35430 35449 35164 35140 33132 31028 31338 29458 29914 30519 31021 31830 32810 33783 34795 35607 36092
19690 12366 12539 12862 12968 13053 12929 13244 13688 14307 14660 15007 15559 15856 14740 14745 14831 13247 13423 13609 13744 13863 14534 15158 15604 15932 16407 17323 18436 19259 19817 20502 21273 22378 24069 25661 27189 28916 30441 31535 32705 33898 34911 35706 36181 35616 35916 36381 36663 37078 35304 35695 35665 34503 34523 34307 34296 32470 30516 30833 29217 29558 30123 30583 31428 32288 33339 34040 34939 35300
18713 11755 11982 12307 12266 12335 12279 12596 13106 13690 14131 14491 14935 15013 14121 14136 14188 12780 12896 13025 13164 13285 13913 14406 14971 15296 16048 16841 17718 18484 18972 19664 20493 21813 23366 25007 26712 28387 29610 30636 31875 33011 33783 34642 34469 34015 34362 34854 35194 35624 33982 34423 34455 33525 33598 33410 33422 31803 30027 30359 28960 29261 29729 30218 30997 31868 32630 33446 34230 34948
17788 11206 11449 11808 11604 11711 11643 12011 12520 13160 13668 13900 14136 14247 13508 13533 13527 12294 12301 12461 12634 12793 13246 13822 14445 15070 15711 16268 17101 17764 18235 18981 20054 21317 22931 24704 26369 27690 28835 29934 31067 31936 32769 33450 32849 32482 32837 33430 33777 34118 32716 33230 33342 32559 32643 32464 32487 31113 29539 29899 28690 28926 29425 29838 30670 31283 32098 32871 33989 34699
16858 10617 10902 11272 10922 10958 11010 11403 11970 12714 13175 13106 13369 13395 12877 12919 12872 11758 11727 11905 12112 12181 12709 13346 14257 14751 15155 15648 16368 16984 17474 18454 19481 20834 22580 24339 25687 26908 28123 29134 29992 30922 31567 31819 31241 30953 31348 31934 32196 32595 31395 31960 32009 31466 31594 31400 31447 30353 29015 29391 28366 28620 29016 29493 30118 30715 31511 32638 33763 34515
15802 9937 10249 10513 10104 10216 10232 10634 11347 12072 12406 12208 12457 12556 12130 12168 12104 11065 11024 11300 11427 11554 12115 13013 13861 14138 14510 14892 15572 16186 16897 17843 19006 20532 22224 23584 24835 26069 27201 27967 28827 29533 29748 29813 29468 29252 29639 30191 30512 30948 29925 30518 30562 30294 30400 30222 30280 29495 28442 28833 27945 28127 28585 28851 29492 30119 31162 32374 33551 34108
14758 9240 9445 9756 9324 9432 9431 10038 10727 11343 11510 11353 11600 11679 11381 11387 11389 10395 10470 10601 10776 11029 11879 12747 13337 13550 13802 14102 14769 15572 16207 17256 18538 20008 21327 22653 23946 25123 25997 26732 27409 27726 27763 28057 27736 27597 27898 28489 28847 29149 28468 28978 29116 28996 29091 28941 28968 28541 27761 28079 27459 27657 27899 28135 28847 29652 30864 32111 33089 33243
13866 8649 8908 9125 8697 8792 9005 9585 10105 10592 10940 10629 10924 11033 10790 10833 10824 9940 9959 10125 10380 10794 11633 12300 12767 12884 13053 13397 14259 15028 15806 16983 18179 19214 20513 21921 23109 24071 24922 25493 25824 25982 26253 26327 26209 26170 26588 27184 27434 27699 27304 27868 28048 28017 28091 27964 28009 27826 27298 27646 27135 27172 27354 27720 28512 29588 30831 31832 32403 32373
13000 8032 8250 8465 8025 8292 8467 8879 9288 9942 10208 9896 10223 10411 10147 10205 10170 9401 9406 9627 10054 10533 11139 11660 12083 12121 12368 12929 13743 14628 15525 16618 17393 18411 19759 21065 22075 22991 23678 23917 24078 24464 24502 24752 24678 24759 25175 25643 25883 26210 26054 26679 27027 26976 27029 26976 27254 27135 26857 27079 26751 26637 26893 27337 28434 29495 30483 31074 31521 31519
12065 7275 7483 7666 7334 7612 7649 8013 8506 9009 9216 9050 9410 9739 9342 9386 9360 8795 8812 9123 9581 9988 10447 10933 11219 11331 11754 12248 13204 14211 14986 15581 16244 17277 18643 19920 20902 21692 21987 21985 22346 22510 22680 23018 23081 23145 23451 23955 24269 24778 24742 25502 25891 25835 25887 26201 26309 26543 26286 26526 26310 26254 26583 27348 28465 29152 29884 30310 30984 30659
11196 6562 6752 6902 6694 6870 6852 7327 7705 8155 8304 8351 8823 9034 8624 8658 8695 8294 8426 8730 9106 9354 9831 10208 10501 10754 11099 11727 12799 13691 13974 14452 15104 16165 17531 18832 19700 20122 20176 20358 20539 20863 21145 21571 21706 21653 21979 22514 23017 23555 23727 24434 24796 24727 25126 25282 25734 25878 25726 26077 25874 25931 26699 27333 28049 28533 29133 29742 29920 29772
10086 5774 5946 5952 5863 6020 6013 6396 6840 7237 7487 7589 8019 8228 7867 7900 8069 7767 7953 8245 8468 8636 9114 9506 9874 10019 10493 11198 12195 12645 12891 13382 14100 15119 16412 17556 18041 18214 18458 18445 18747 19113 19477 19946 19971 19992 20332 21064 21630 22366 22482 23320 23575 23893 24168 24686 24982 25145 25266 25736 25461 25850 26499 26870 27327 27746 28487 28574 28817 28804
9011 5109 5162 5225 5052 5236 5235 5757 6229 6535 6869 6759 7150 7403 7170 7246 7584 7309 7465 7614 7829 8107 8625 9028 9251 9537 10042 10690 11292 11760 12122 12696 13423 14405 15551 16331 16560 16913 16912 17002 17296 17653 18021 18370 18444 18449 18985 19755 20540 21202 21471 22218 22815 22974 23619 24019 24280 24704 24982 25125 25462 25677 26173 26340 26687 27276 27539 27623 27975 28338
8307 4681 4824 4865 4578 4766 4884 5493 5854 6220 6387 6311 6717 6740 6809 7086 7086 7101 7196 7296 7554 7994 8493 8759 9061 9473 9928 10263 10883 11441 11885 12459 13141 14056 14936 15509 15873 16006 16071 16161 16471 16804 17022 17392 17420 17707 18360 19309 20035 20724 20934 21794 22143 22636 23114 23461 23969 24483 24627 25085 25473 25691 25941 25977 26613 26878 27162 27362 27929 28073
7772 4321 4424 4578 4264 4476 4629 5029 5335 5657 5939 6022 6208 6391 6670 6719 6876 7030 6927 7069 7469 7859 8099 8469 9145 9548 9684 10055 10720 11268 11591 12115 12697 13375 14041 14655 14794 14970 15075 15217 15544 15816 16104 16476 16751 17127 17976 18916 19634 20309 20614 21199 21881 22219 22625 23123 23842 24185 24576 25140 25482 25664 25595 25861 26221 26510 26793 27353 27707 28019
7533 4137 4254 4359 4141 4345 4644 4896 4992 5381 5765 5758 5986 6450 6479 6643 6799 6837 6768 7130 7567 7588 7751 8412 9096 9251 9458 9957 10543 10971 11239 11751 12210 12758 13511 13832 13983 14191 14420 14667 15009 15381 15676 16190 16524 17101 17946 18778 19379 20122 20272 20989 21496 21791 22334 22987 23732 24198 24661 25236 25425 25383 25530 25595 25996 26168 26879 27174 27790 27715
7250 3993 4084 4032 3983 4382 4585 4628 4856 5123 5373 5460 5865 6160 6274 6371 6610 6528 6714 7079 7190 7295 7717 8270 8753 8992 9283 9715 10197 10621 10939 11307 11661 12291 12813 13128 13292 13636 13934 14119 14467 14783 15168 15752 16240 16749 17551 18334 18952 19603 19937 20559 21067 21530 22224 22965 23753 24255 24681 25289 25107 25419 25231 25280 25597 26301 26642 27182 27353 27626
6808 3720 3689 3648 3974 4118 4111 4221 4288 4500 4895 5042 5541 5750 5988 6154 6301 6219 6462 6558 6751 6863 7199 7655 8256 8636 8911 9306 9862 10363 10582 10920 11343 11811 12277 12526 12766 13124 13407 13665 14024 14464 15039 15781 16409 17089 18024 18875 19600 20188 20672 21282 21755 22315 22998 23819 24445 24564 24676 24728 24978 24917 24940 25069 25693 26157 26495 26775 27164 27350
6469 3556 3530 3818 3784 3927 3851 3899 4168 4422 4767 5098 5319 5755 5884 5876 5878 6135 6202 6398 6554 6800 7123 7556 8132 8481 8688 9164 9755 10181 10455 10852 11253 11692 12095 12475 12871 13489 13950 14409 14988 15657 16319 16843 17114 17329 17964 18797 19333 20100 20337 20886 21622 22121 22987 23629 24026 24203 24283 24462 24477 24542 24704 25011 25755 26264 26891 27333 27587 28141
5816 3168 3279 3390 3369 3485 3464 3680 3916 4234 4635 4858 5237 5472 5484 5517 5588 5806 5965 6201 6487 6705 6982 7410 7915 8157 8349 8709 9211 9647 9839 10163 10513 11026 11715 12198 12708 13246 13741 14188 14778 15372 15775 16190 16519 16918 17654 18421 18965 19577 19762 20428 20973 21567 22170 22555 23081 23254 23424 23698 23803 23949 24368 24698 25546 26244 26792 27091 27616 27821
5516 3088 3216 3209 3251 3289 3308 3578 3910 4338 4818 4907 5070 5367 5281 5326 5595 5777 5934 6167 6538 6830 7131 7730 8377 8698 8935 9206 9417 9533 9718 9998 10340 10958 11566 12183 12646 13285 13788 14221 14782 15159 15468 15965 16345 16822 17531 18213 18746 19314 19624 20225 20862 21318 21752 22197 22677 22860 23038 23299 23475 23900 24216 24671 25540 26172 26584 27024 27527 27801
5411 3035 3104 3176 3201 3140 3216 3546 4047 4526 4748 4742 5025 5156 5090 5367 5598 5775 5956 6222 6525 6736 7215 8059 8555 8742 8864 9017 9162 9454 9576 9853 10247 10727 11466 12073 12705 13437 13948 14322 14670 15026 15436 16008 16400 16966 17625 18145 18675 19328 19603 20235 20769 21132 21619 22000 22502 22617 22780 22953 23451 23917 24196 24662 25437 25949 26482 26866 27596 27540
5272 2932 3017 3069 3095 3049 3191 3530 3857 4134 4463 4666 4896 4881 5047 5216 5419 5650 5894 6184 6442 6619 7123 7523 8180 8464 8557 8724 8994 9228 9344 9721 10079 10634 11284 11887 12490 13106 13609 13933 14309 14738 15193 15698 16151 16578 17225 17892 18444 19069 19418 20088 20661 21117 21578 21946 22418 22491 22586 23044 23360 23897 24090 24490 25187 25829 26207 26862 27282 27538
5037 2840 2913 2910 2904 2992 3236 3394 3605 4042 4451 4506 4683 4989 5174 5510 5732 5923 5903 6223 6523 6607 6771 7384 8023 8194 8250 8465 8737 8988 9217 9580 10045 10632 11405 11973 12407 12946 13409 13787 14233 14699 15149 15722 16144 16658 17385 18083 18666 19318 19669 20261 20709 20936 21344 21702 22171 22333 22581 22970 23383 23752 23996 24430 25117 25685 26285 26650 27289 27414
4923 2728 2800 2787 2782 2966 3083 3243 3623 3959 4354 4309 4695 4961 5220 5373 5639 5696 5943 6114 6308 6371 6686 7242 7765 7909 7994 8266 8538 8889 9099 9492 9923 10605 11352 11933 12526 13231 13810 14306 14907 15447 15916 16449 16812 17285 17970 18515 18940 19384 19570 20011 20447 20741 21139 21560 22021 22258 22539 22873 23326 23731 23891 24272 24960 25661 26133 26632 27208 27486
4802 2587 2713 2662 2776 2801 2848 3131 3298 3645 4010 4198 4590 4910 5055 5260 5491 5642 5755 5832 5935 6007 6307 6799 7310 7522 7697 7987 8397 8758 9002 9375 9807 10413 11177 11924 12600 13346 13998 14567 15233 15885 16535 17275 17856 18450 19282 20178 20953 21766 22200 23005 23649 24214 24895 25482 26181 26575 26931 27451 27780 27955 28158 28294 28740 29306 29803 30161 30446 30508
4524 2533 2523 2628 2636 2746 2702 2889 3253 3723 4140 4392 4737 4987 5108 5286 5535 5585 5597 5651 5828 5966 6416 7098 7863 8308 8644 9126 9681 10207 10565 11046 11551 12154 12924 13636 14350 15209 15960 16612 17307 18024 18781 19670 20439 21215 22210 23160 23947 24852 25383 26222 26880 27063 27269 27114 27195 27060 27121 27385 27511 27729 27770 27863 28518 29113 29539 29722 30248 30449
4253 2461 2568 2505 2618 2728 2621 3031 3503 3809 4242 4508 4982 5430 5238 5273 5407 5352 5419 5646 6026 6482 7155 7894 8615 9143 9612 10148 10791 11395 11841 12356 12915 13667 14451 15286 15899 16397 16874 17324 18234 19138 19629 20428 21142 21783 22732 23533 24413 25337 25752 26257 26557 26666 26662 26584 26741 26801 27026 27173 27294 27465 27436 27766 28587 29038 29264 29757 30381 30703
4035 2325 2361 2421 2512 2641 2460 2884 3134 3567 4302 4751 5304 5533 5010 5004 5216 5166 5405 5766 6133 6685 7243 7818 8700 9447 10113 10428 11082 11539 11768 12261 12742 13247 14119 14906 15359 16037 16524 17259 18239 18748 19430 20311 20812 21491 22415 23394 24336 25132 25283 25773 26102 26149 26126 26251 26544 26730 26941 26910 27184 27160 27524 27784 28432 28688 29439 29734 30477 30920
3611 2022 2080 2208 2151 2168 2291 2528 2826 3718 4556 4652 4828 4860 4678 4661 4848 5048 5441 5633 6069 6440 7005 7800 8977 9355 9516 9973 10464 10903 11260 11685 11950 12483 13301 14007 14677 15401 16163 16966 17558 18241 18960 19634 20190 20815 21837 22831 23611 24248 24333 24890 25236 25296 25547 25872 26320 26604 26518 26854 26892 27129 27447 27659 28165 28667 29186 29834 30426 30815
3089 1772 1800 1851 1774 1982 2055 2144 2830 3786 4087 4055 4245 4293 4384 4376 4747 4964 5130 5728 5968 6042 6720 7800 8483 8682 8967 9271 9805 10410 10694 10967 11341 11949 12703 13409 14035 14921 15821 16312 17012 17734 18338 19082 19699 20381 21434 22408 22959 23497 23734 24435 24718 24872 25228 25688 26256 26251 26484 26902 26799 27315 27516 27909 28243 28938 29442 29997 30316 30505
2672 1536 1451 1447 1736 1670 1685 2254 2893 3231 3708 3478 3763 3950 4030 4292 4595 4624 5162 5438 5577 5771 6561 7190 7853 8244 8432 8893 9564 10025 10134 10545 11033 11636 12354 12926 13690 14641 15293 15992 16756 17412 18127 18925 19579 20321 21333 22051 22506 23135 23543 24101 24415 24628 25118 25588 25965 26444 26425 26563 26844 27221 27624 27663 28298 28840 29151 29596 30052 30518
2083 1248 1126 1267 1268 1371 1613 2068 2402 2809 2903 2976 3343 3616 3936 4045 4323 4755 4958 5158 5277 5618 6247 6781 7395 7637 7947 8451 9060 9446 9771 10222 10622 11186 11888 12738 13582 14373 15091 15658 16253 16897 17605 18435 19162 19861 20748 21457 22054 22799 23054 23706 24120 24458 24900 25362 25951 26041 26272 26627 26857 27274 27450 27788 28521 28875 29319 29944 30238 30591
1528 935 813 901 1027 1392 1503 1651 1863 2219 2516 2791 3238 3603 3776 3995 4285 4527 4755 5019 5291 5495 5835 6372 6934 7345 7718 8144 8565 9030 9261 9678 10185 10758 11587 12341 13008 13797 14479 15088 15724 16388 17108 18005 18734 19336 20030 20828 21439 22148 22372 23075 23593 23892 24442 24909 25451 25787 26085 26442 26724 27018 27386 27836 28402 28843 29434 29786 30277 30459
1132 733 712 840 1045 1287 1375 1692 2040 2631 3127 3478 3989 4056 4220 4366 4649 4767 5103 5417 5574 5669 6146 6847 7392 7574 7532 7834 8350 8763 9066 9511 9982 10634 11493 12325 13060 13939 14708 15377 16080 16729 17372 18094 18642 19164 19861 20573 21182 21802 22107 22724 23179 23596 24173 24690 25285 25658 25967 26369 26684 27094 27401 27779 28312 28963 29436 29923 30448 30688
737 546 678 881 1018 1140 1258 1617 2095 2754 3298 3393 3678 3958 4168 4405 4625 4858 5084 5224 5373 5532 6067 6668 7088 7132 7281 7723 8230 8715 9066 9569 10088 10731 11563 12376 13255 14313 15262 16090 16938 17771 18605 19545 20338 21145 22171 23131 23909 24806 25313 26107 26700 27197 27788 28307 28968 29315 29694 30129 30540 31079 31435 31927 32738 33435 33992 34575 35159 35415
424 563 726 934 1177 1512 1670 2065 2422 2777 3059 3274 3705 4071 4189 4340 4572 4762 4922 5128 5329 5501 5818 6197 6635 6938 7270 7807 8568 9263 9785 10438 11148 11968 12943 13883 14681 15516 16255 16941 17711 18520 19402 20435 21298 22121 23198 24416 25516 26684 27411 28610 29596 30400 31336 32148 32982 33499 33875 34346 34608 34883 35303 35670 36343 36822 37400 37821 38336 38559
