59808 45466 38768 38654 38650 38804 39072 38989 35104 29422 29261 28950 29146 29251 29475 29833 29905 29911 30254 30274 30545 31264 31948 32706 33481 34209 34969 35727 36555 37406 38135 38793 39468 39989 40245 36404 32073 32253 30763 31006 31158 31371 27515 26370 20604 18698 18791 18899 18286 18311 18801 18576 18256 18273 18297 18463 18868 19050 18990 19097 19393 19572 19516 19374 19609 19798 20017 19964 20289 20579
59184 45165 38491 38341 38301 38620 38608 38942 34831 29255 29103 28848 29100 29280 29456 29549 29683 29929 30007 30088 30528 31386 32101 32868 33648 34387 35160 35873 36629 37367 38031 38665 39336 39873 39579 35746 31403 31622 29900 30135 30296 30475 26673 25563 20155 18390 18445 18569 17949 18189 18536 18213 17992 17895 17955 18268 18728 18809 18709 18962 19261 19254 19240 19134 19469 19804 19846 20145 20321 20682
58511 44820 38152 38026 38025 38125 38451 38663 34487 28934 28809 28658 28860 29104 29202 29160 29591 29645 29708 29901 30532 31342 32105 32911 33772 34526 35321 36068 36905 37744 38500 39203 39957 40646 39054 35200 30800 30851 29090 29248 29404 29420 25717 24554 19448 17814 17878 18073 17460 17649 17935 17564 17433 17339 17393 17904 18357 18239 18355 18703 18865 18821 18770 18844 19225 19463 19889 19941 20323 20518
58006 44470 37758 37687 37719 38113 38203 38216 34160 28554 28570 28439 28726 28996 28865 29111 29274 29387 29586 29984 30426 31262 32044 32941 33880 34802 35751 36678 37623 38556 39379 40138 40911 40800 38297 34385 29850 29622 27943 28209 28172 28219 24604 23475 18698 17240 17138 17181 16909 17004 17116 17010 16912 16977 17244 17661 17779 17998 18204 18406 18542 18482 18533 18710 19043 19443 19714 19899 20177 20477
57385 44279 37545 37556 37727 37889 37989 37984 34000 28370 28333 28404 28778 28728 28878 29016 29229 29393 29702 29757 30348 31207 32063 33031 34007 34911 35854 36766 37749 38734 39632 40489 41369 40219 37781 33948 29464 29088 27391 27630 27331 27355 23871 22744 18202 16858 16759 16926 16573 16539 16818 16662 16692 16874 17077 17285 17757 17932 17941 18148 18309 18239 18531 18879 19448 19865 20203 20422 20956 21304
56781 43964 37262 37263 37391 37573 37504 37588 33640 28092 28250 28531 28655 28508 28587 28715 29046 29267 29472 30073 31030 31940 32531 33589 34700 35521 36420 37521 38735 39933 41054 42224 43235 39481 37061 33198 28603 27940 26262 26483 26081 26090 22857 21782 17598 16464 16195 16429 16064 16117 16458 16258 16512 16619 16625 16999 17497 17563 17599 17724 17866 18197 18548 18889 19375 19771 20362 20732 21341 21892
55983 43489 36782 36653 36912 36947 36931 37110 33199 27927 28205 28265 28479 28226 28402 28587 28894 28874 29593 30179 30643 31280 32264 33373 34299 35145 36271 37377 38544 39738 40906 41854 42334 38308 35948 32123 27630 26869 25190 25500 25008 24983 22019 20976 17212 16197 15851 15977 15684 15690 15886 16026 16295 16235 16389 16809 17060 17272 17278 17394 17768 18091 18641 18774 19460 20031 20465 20739 21393 21929
55070 42769 36262 35957 36134 36163 36219 36337 32604 27643 27798 27880 28003 27862 27959 28228 28400 28729 29326 29587 29943 30970 31979 32890 33767 34876 35998 37140 38335 39556 40463 40916 41505 37159 34942 31155 26772 25884 24165 24363 23878 23837 21163 20158 16798 15894 15565 15645 15321 15386 15644 15954 15789 15814 16100 16258 16619 16958 16857 17146 17495 17854 18209 18498 19243 19746 20132 20499 21132 21738
54413 42154 35846 35417 35596 35765 35682 35642 32144 27393 27545 27553 27780 27621 27706 27959 28537 28761 28973 29208 30143 31367 31777 32616 33798 34944 36132 37322 38514 39309 39732 40283 41292 36138 33959 30222 25927 24964 23312 23555 22979 22945 20501 19545 16496 15704 15310 15369 15075 15217 15613 15594 15498 15696 15836 16092 16592 16641 16880 17313 17594 17750 18167 18591 19356 19984 20470 20930 21478 21837
53522 41477 35380 34905 35062 35015 34985 35218 31583 27148 27219 27188 27425 27299 27296 27979 28348 28327 28474 29382 30117 30539 31253 32392 33561 34731 35927 37082 37884 38402 38969 39964 40488 35067 33015 29358 25172 24138 22551 22700 22112 22085 19889 18949 16178 15488 15021 15160 14849 15167 15127 15135 15481 15296 15410 15886 16176 16518 16792 17039 17297 17622 18342 18954 19672 20414 20809 20706 21150 21831
52580 40537 34776 34289 34523 34293 34362 34890 30940 26659 26696 26658 26880 26708 27264 27638 27720 27714 28420 28968 29100 29902 30988 32151 33344 34542 35736 36544 37107 37731 38728 39217 39225 33994 32012 28382 24244 23088 21628 21881 21201 21198 19104 18207 15657 15005 14556 14774 14563 14648 14574 14950 14916 14844 15116 15466 15877 16373 16489 16662 17084 17642 18359 18604 19466 20053 20041 20173 20914 21335
51499 39332 33907 33332 33372 33384 33580 33611 29971 25865 25867 25853 25903 26295 26592 26654 26817 27246 27864 27860 28389 29562 30645 31854 33061 34278 35127 35724 36411 37442 38579 37909 37942 32861 30959 27276 23056 21631 20230 20517 19721 19816 17823 17046 14822 14312 13853 14103 13928 13877 14248 14295 14218 14287 14571 14900 15446 15854 15945 16203 16763 17302 17590 17892 18671 18970 19219 19591 20047 20883
50425 38617 33270 32522 32600 32768 32775 32577 29279 25392 25360 25347 25694 25954 26041 26240 26621 26996 27140 27438 28329 29528 30682 31942 33237 33909 34521 35213 36266 37499 37559 36750 36751 31885 30045 26405 22250 20725 19253 19459 18552 18575 16793 16129 14261 13881 13505 13696 13419 13577 13851 13915 13910 14003 14339 14884 15327 15563 15811 16265 16685 16954 17219 17522 18039 18577 19022 19336 19882 20452
49710 38199 32891 32242 32348 32383 32488 32153 28904 25071 25084 25216 25552 25747 25858 26327 26660 26784 26899 27585 28505 29810 30820 32107 32651 33243 33963 34992 36257 37542 36437 35726 35723 31045 29281 25718 21579 19909 18521 18802 17650 17698 16037 15441 13769 13531 13079 13247 13075 13260 13528 13673 13816 14051 14395 14877 15377 15671 15926 16380 16860 17259 17683 18097 18737 19339 19883 20283 20990 21716
48889 37613 32382 31816 31881 31976 32088 31687 28472 24804 24873 24966 25406 25527 25819 26201 26388 26409 27010 27552 28505 29589 30774 31302 31925 32636 33680 34936 36289 36976 35274 34640 34640 30186 28531 25037 20938 19098 17742 18041 16684 16729 15265 14788 13386 13271 12764 12831 12862 13051 13378 13845 14047 14451 14990 15560 16147 16586 16946 17435 17985 18544 19171 19753 20670 21466 22033 22601 23431 24376
47872 36771 31712 31154 31219 31331 31552 30947 27819 24394 24440 24643 25028 25324 25428 25773 25864 26275 26662 27474 28218 29493 29924 30515 31217 32269 33519 34883 35667 35601 33999 33394 33422 29184 27643 24231 20229 18296 16958 17169 15675 15733 14445 14068 12943 12920 12420 12587 12615 12903 13443 13894 14203 14598 15145 15767 16306 16791 17171 17640 18256 18830 19496 20118 21197 22138 22815 23432 24264 25298
46703 35905 31068 30466 30568 30769 30967 30121 27189 23981 24144 24372 24741 24888 25093 25316 25685 25914 26553 27108 28076 28624 29134 29829 30856 32111 33490 34326 34303 34278 32746 32148 32187 28163 26716 23412 19558 17598 16284 16580 14901 14989 13769 13480 12561 12559 12168 12347 12445 12918 13575 14139 14689 15312 16101 16999 17836 18665 19293 19979 20898 21783 22804 23735 25161 26399 27386 28277 29409 30735
45132 34777 30203 29428 29585 29773 29871 28921 26267 23458 23642 23878 24122 24251 24380 24845 25059 25375 25886 26641 26874 27525 28136 29175 30392 31773 32635 32648 32666 32733 31170 30532 30569 26820 25533 22327 18679 16709 15314 15465 13829 13918 12839 12635 12053 12103 11854 12034 12427 12951 13647 14209 14795 15480 16327 17247 18095 18904 19586 20343 21349 22281 23372 24297 25753 27037 28074 29016 30178 31554
43464 33632 29334 28404 28621 28677 29059 27796 25413 22962 23162 23316 23513 23583 23919 24302 24570 24779 25358 25413 25770 26498 27436 28662 29988 30850 30874 30940 31041 31167 29531 28856 28911 25452 24326 21290 17923 16010 14551 14458 13016 13077 12145 12020 11658 11695 11634 12006 12496 12946 13800 14360 14967 15724 16611 17490 18411 19204 19929 20699 21767 22760 23809 24707 26148 27284 28307 29206 30371 31744
41689 32512 28414 27248 27444 27755 27866 26642 24522 22559 22619 22836 22977 23130 23379 23864 23972 24337 24214 24372 24772 25756 26824 28160 29008 28997 29044 29131 29313 29241 27667 26943 27022 23853 22868 20045 17019 15240 13715 13417 12247 12204 11577 11543 11420 11501 11719 12213 12649 13256 14310 15111 15879 16699 17627 18650 19613 20355 21118 21966 23070 23935 24759 25523 26839 27834 28746 29557 30698 31950
39899 31355 27531 26232 26534 26605 26643 25626 23611 22132 22214 22327 22505 22644 22917 23294 23475 23517 23263 23403 24038 25074 26228 27065 27080 27065 27139 27251 27500 27150 25665 24941 25018 22102 21189 18618 15936 14391 13012 12726 11835 11761 11330 11318 11250 11465 11816 12369 12823 13448 14461 15264 16130 16974 17888 18916 19978 20756 21517 22392 23493 24320 25142 25853 27099 28014 28922 29698 30903 32010
38329 30206 26713 25296 25512 25473 25513 24664 22749 21705 21735 21845 22134 22208 22330 22742 23065 22716 22350 22769 23468 24542 25435 25192 25222 25246 25339 25493 25521 25100 23705 22971 23029 20349 19480 17113 14702 13314 12134 11888 11320 11264 11042 11047 11213 11581 12007 12566 13033 13843 14965 15944 16873 17726 18693 19817 20852 21552 22311 23316 24555 25419 26311 27027 28303 29265 30263 31155 32455 33682
36555 28872 25752 24340 24301 24281 24434 23772 21844 21154 21137 21309 21538 21601 21638 22303 22886 21842 21481 22016 22751 23805 23576 23159 23200 23251 23378 23545 23338 22885 21612 20906 20894 18525 17700 15615 13547 12397 11483 11344 11039 11012 10909 10977 11250 11631 12082 12660 13017 13895 14981 15929 16724 17644 18647 19742 20742 21419 22266 23317 24500 25373 26246 27002 28217 29274 30233 31141 32417 33547
34845 27586 24785 23490 23227 23315 23430 23016 20993 20561 20604 20671 20900 20972 21217 22183 22533 21009 20737 21308 22017 23039 21727 21128 21180 21276 21411 21585 21166 20704 19587 18960 18909 16847 16082 14301 12549 11607 10971 10914 10786 10781 10876 10986 11276 11694 12095 12541 13017 13907 14971 15939 16722 17692 18755 19896 20898 21589 22458 23515 24675 25563 26510 27240 28419 29464 30347 31197 32258 33396
33143 26390 23885 22689 22253 22334 22452 22298 20223 20003 20010 20080 20264 20604 21144 21920 21883 20269 20045 20645 21370 22339 20032 19281 19343 19453 19598 19785 19170 18702 17732 17169 17083 15346 14661 13200 11798 11083 10659 10632 10610 10787 10919 11072 11447 11914 12383 12891 13452 14466 15604 16641 17394 18380 19491 20637 21639 22121 22916 23913 24864 25599 26506 27217 28376 29481 30293 31113 32165 33185
31536 25247 22973 21926 21353 21436 21755 21605 19475 19387 19411 19427 19849 20547 20898 21339 21242 19563 19427 20069 20759 20995 18431 17537 17603 17729 17889 18074 17281 16819 16010 15532 15433 14004 13397 12254 11160 10638 10435 10415 10601 10818 11053 11297 11763 12364 12826 13280 13891 14911 16028 17024 17701 18664 19704 20677 21453 22036 22838 23743 24701 25549 26480 27173 28356 29447 30194 31075 31948 33177
29963 24150 22059 21107 20524 20819 21178 20874 18807 18691 18727 19088 19701 20353 20433 20758 20787 18912 18842 19555 19523 19764 17005 16020 16076 16229 16363 16459 15595 15119 14443 14009 13871 12717 12116 11309 10581 10319 10273 10460 10796 11208 11615 12070 12693 13427 13970 14500 15238 16474 17830 18990 19723 20869 22128 23381 24391 25169 26162 27295 28406 29478 30643 31509 32793 34076 34954 35991 36881 37859
28200 23070 21001 20193 19724 20107 20299 20100 18057 17975 18305 18795 19339 19798 19810 20156 20216 18192 18232 18977 18143 18409 15502 14470 14528 14654 14747 14738 13936 13487 12961 12606 12461 11624 11125 10649 10280 10226 10447 11076 11921 12882 13727 14608 15491 16404 17088 17718 18592 19934 21302 22463 23198 24412 25775 27229 28461 29421 30540 31716 32693 33692 34911 35770 36869 38198 38385 38510 36491 36929
26367 21991 19794 19201 18859 19127 19330 19295 17210 17374 17839 18143 18656 19064 19114 19345 19460 17406 17418 18000 16451 16640 13726 12672 12695 12787 12888 12796 12101 11724 11377 11144 11050 10591 10350 10168 10121 10338 10673 11407 12406 13506 14551 15617 16636 17614 18373 19085 19985 21289 22503 23511 24152 25168 26330 27544 28576 29402 30332 31455 32420 33465 34717 35608 36753 38070 37271 37380 35432 35841
25043 21180 18853 18452 18246 18512 18575 18646 16602 16975 17378 17664 18040 18489 18547 18730 19065 16824 16794 17268 15170 15180 12462 11430 11406 11520 11564 11457 10877 10576 10368 10230 10181 9989 9905 10007 10256 10748 11327 12263 13516 14855 16227 17605 18977 20273 21346 22380 23508 25035 26333 27502 28319 29422 30724 32041 32857 33646 34533 35512 35869 35883 36198 36240 36738 37575 36367 36429 34651 35028
23777 20277 17907 17731 17659 17737 17764 18122 15906 16367 16841 16929 17266 17721 17779 18158 18396 16095 16104 16426 13980 13879 11381 10392 10337 10414 10425 10357 9932 9735 9640 9590 9589 9579 9776 10002 10409 11176 11992 13124 14526 15989 17463 18900 20246 21427 22493 23562 24646 25987 27093 28067 28747 29624 30690 31719 32674 33479 34289 34832 34762 34858 35170 35332 35935 36778 35369 35336 33781 34060
22975 19571 17192 17170 17233 17185 17280 17861 15365 15973 16300 16385 16739 17059 17374 17609 18015 15529 15653 15648 13227 13040 10725 9770 9696 9744 9744 9717 9413 9297 9279 9312 9387 9562 9910 10411 11271 12649 14090 15845 17784 19758 21722 23548 25166 26525 27788 29114 30403 31789 32882 33803 34528 35233 36360 36161 36258 36320 35351 33918 33969 34102 34440 34638 35361 36136 34605 34513 33099 33248
22308 18750 16438 16482 16620 16618 16706 17319 14714 15231 15656 15809 16026 16407 16691 17023 17171 14822 14994 14943 12633 12420 10286 9379 9323 9369 9385 9373 9172 9109 9106 9184 9335 9529 9874 10376 11222 12580 14041 15799 17712 19687 21615 23474 25062 26415 27702 29021 30382 31722 32811 33621 34246 35242 35734 35156 35299 35332 34450 33012 33091 33246 33556 33786 34558 35296 33694 33645 32284 32415
21634 17997 15746 15844 16001 15995 16156 16844 14082 14671 15166 15209 15482 15748 16128 16198 16406 14168 14395 14354 12170 11940 9963 9091 9056 9107 9127 9131 9007 8983 9005 9150 9365 9653 10152 10826 11839 13364 15021 16962 18956 20785 22588 24437 25885 27193 28307 29462 30559 31616 32626 33312 34205 34554 34765 34115 34277 34316 33528 32111 32217 32361 32737 32970 33775 34501 32854 32833 31531 31650
20879 17124 14970 15090 15249 15327 15525 16202 13369 13993 14448 14577 14710 15061 15188 15327 15484 13423 13651 13759 11660 11451 9645 8833 8821 8879 8903 8926 8861 8858 8903 9093 9349 9723 10323 11081 12123 13610 15212 16870 18634 20460 22369 24117 25635 26869 28048 29044 30170 31343 32209 33089 33347 33458 33659 32975 33102 33189 32478 31124 31208 31379 31806 32048 32863 33517 31918 31942 30708 30864
20155 16249 14205 14370 14589 14738 14888 15490 12686 13233 13805 13832 14006 14172 14364 14473 14625 12712 13026 13158 11149 10970 9346 8614 8623 8683 8715 8765 8721 8735 8806 9019 9384 9835 10496 11288 12284 13642 15027 16637 18407 20293 22078 23878 25286 26619 27685 28689 29894 30936 31966 32216 32245 32387 32566 31881 32009 32089 31468 30207 30286 30484 30955 31199 31964 32576 31052 31111 29968 30091
19485 15440 13547 13744 14009 14139 14258 14767 12070 12623 13124 13201 13255 13469 13566 13719 13833 12108 12425 12680 10649 10485 9029 8362 8370 8437 8475 8519 8494 8533 8606 8924 9366 9850 10525 11287 12263 13510 14852 16499 18332 20132 21962 23696 25184 26433 27573 28592 29727 30932 31851 31250 31304 31434 31516 30928 31035 31145 30593 29423 29522 29733 30245 30477 31204 31632 30321 30390 29307 29460
18762 14570 12859 13118 13375 13497 13483 14008 11436 11901 12602 12458 12516 12660 12814 12950 13120 11478 11890 12062 10108 9961 8681 8089 8106 8177 8200 8229 8241 8270 8427 8803 9274 9727 10375 11191 12115 13336 14765 16497 18247 20060 21815 23612 24976 26330 27492 28434 29714 30908 30794 30259 30320 30383 30466 29985 30076 30204 29716 28668 28770 29012 29526 29684 30266 30849 29580 29681 28647 28791
17910 13624 12120 12371 12536 12549 12582 13114 10688 11253 11867 11626 11637 11814 11942 12126 12147 10769 11144 11139 9432 9307 8213 7700 7709 7765 7775 7876 7844 7943 8132 8534 9007 9478 10179 10991 11915 13170 14626 16289 18047 19814 21606 23349 24811 26236 27372 28401 29726 29758 29753 29218 29193 29244 29361 28926 29010 29197 28762 27847 27965 28164 28651 28671 29408 29949 28780 28857 27913 28078
17063 12657 11362 11538 11644 11687 11708 12212 9969 10483 11006 10772 10762 10952 11140 11208 11268 10052 10313 10202 8760 8664 7762 7335 7330 7374 7440 7460 7514 7641 7849 8238 8698 9165 9871 10690 11667 12965 14408 16084 17789 19557 21320 23131 24640 26060 27280 28367 28536 28692 28824 28188 28054 28185 28256 27940 28047 28057 27821 27057 27144 27333 27656 27843 28540 29170 27976 28018 27207 27419
16304 11876 10660 10845 10921 10947 11020 11542 9384 9920 10563 10093 10029 10291 10397 10435 10553 9454 9701 9504 8267 8161 7458 7127 7133 7221 7233 7325 7424 7598 7843 8230 8683 9175 9969 10847 11836 13080 14444 15999 17690 19445 21267 23105 24675 26168 27409 27257 27442 27634 27737 27183 27039 27128 27227 26974 26997 27108 26936 26293 26360 26476 26927 27099 27895 28416 27272 27363 26656 26915
15458 11014 9928 10100 10114 10212 10262 10826 8740 9372 10036 9348 9247 9498 9577 9700 9768 8795 9008 8693 7668 7576 7078 6850 6882 6919 7004 7155 7306 7508 7744 8118 8603 9190 10074 11087 12215 13652 15160 16812 18607 20438 22367 24326 25990 27289 26917 26148 26317 26548 26524 26087 25943 26035 26233 25932 26006 26121 26011 25502 25487 25690 26148 26370 27042 27525 26535 26679 26073 26303
14778 10143 9120 9275 9399 9546 9519 10018 8055 8711 9239 8508 8403 8680 8825 9009 8885 8121 8289 7898 7123 7040 6722 6612 6634 6737 6856 7010 7150 7352 7573 7968 8485 9072 9979 10966 12149 13590 15093 16717 18515 20359 22285 24234 25648 25864 25439 24859 25059 25200 25147 24827 24751 25012 25303 24908 25010 25121 25061 24705 24721 24963 25472 25633 26306 26797 25868 25989 25548 25795
14065 9313 8323 8579 8775 8853 8778 9315 7419 8001 8406 7730 7633 7950 8158 8150 8049 7476 7727 7192 6679 6614 6460 6454 6540 6673 6791 6931 7066 7262 7514 7940 8453 9040 9936 10978 12244 13834 15556 17463 19383 20964 22467 23935 24921 24264 23979 23562 23820 23686 23710 23563 23685 24045 24281 23880 24029 24171 24075 23872 23962 24301 24734 24877 25573 26171 25210 25336 25053 25301
13247 8463 7512 7810 8053 7899 7829 8362 6626 7100 7348 6923 6842 7084 7144 7165 7037 6702 7004 6562 6307 6295 6369 6444 6554 6704 6839 7020 7212 7478 7792 8280 8841 9449 10340 11359 12599 14137 15766 17310 18826 20309 21751 23065 23273 22582 22431 22150 22451 22165 22216 22391 22620 22844 23076 22707 22904 22954 22975 22951 23151 23444 23804 23896 24750 25079 24498 24668 24490 24661
12581 7737 6889 7119 7153 7046 6952 7251 5882 6172 6471 6265 6205 6419 6183 6188 6137 6043 6251 6120 6153 6300 6423 6591 6798 6985 7197 7452 7791 8224 8649 9175 9782 10381 11213 12090 13080 14264 15502 16887 18332 19830 21128 21659 21774 21189 21087 20945 21146 20935 21212 21529 21641 21779 22017 21730 21898 22031 22200 22286 22478 22732 22985 23202 23831 24067 24000 24079 23986 24123
12078 7440 6542 6674 6581 6477 6396 6658 5488 5835 6184 5988 5970 6159 5682 5681 5709 5739 6009 6078 6345 6718 6982 7228 7509 7773 8056 8378 8756 9213 9652 10181 10794 11379 12166 12965 13785 14758 15821 17061 18374 19760 20277 20805 20711 20333 20179 20067 20206 20100 20729 20932 20973 21271 21178 21076 21433 21612 21800 21932 22171 22459 22767 22947 23464 23812 23834 23985 23833 24026
11595 7160 6197 6168 6179 6011 5993 6264 5242 5565 5967 5702 5723 5701 5340 5394 5509 5609 5793 6268 6767 7452 7762 8289 8755 9325 9901 10511 11144 11820 12431 13067 13768 14384 15133 15811 16425 17095 17511 17925 18425 18965 19491 19931 19719 19469 19390 19349 19336 19796 20299 20405 20592 20610 20551 20834 21132 21353 21550 21786 22013 22274 22620 22801 23326 23637 23811 23758 23757 24092
11175 6790 5872 5832 5987 5848 5879 6302 5170 5539 5704 5466 5587 5374 5213 5395 5608 5650 5908 6361 6783 7184 7716 8156 8797 9415 10029 10693 11380 12115 12784 13487 14229 14901 15692 16082 16388 16846 17167 17663 18167 18719 19224 19216 19153 18945 18949 18869 19179 19668 20047 20363 20265 20231 20584 20921 21265 21489 21595 21899 22097 22234 22624 22795 23216 23516 23512 23522 23705 23847
10949 6416 5666 5615 5673 5731 5891 5945 5038 5103 5214 5225 5310 5094 5029 5349 5549 5648 5952 6376 6625 7269 7580 8304 9108 9861 10538 11257 11956 12776 13413 14057 14581 14963 15320 15608 15891 16289 16664 17154 17730 18297 18327 18436 18542 18343 18353 18643 19099 19606 19967 19979 19868 20212 20642 20867 21243 21371 21639 21846 22028 22460 22728 22728 23076 23305 23285 23370 23591 24092
10404 6028 5224 5173 5393 5579 5553 5626 4830 4827 4970 4935 4996 4876 4965 5311 5582 5697 5864 6118 6516 6892 7550 8317 9065 9738 10404 11088 11873 12625 13278 13798 14364 14725 15119 15488 15770 16103 16304 16840 17346 17595 17778 18110 18190 18041 18344 18762 19148 19375 19622 19744 19777 20177 20549 20772 21143 21406 21488 21716 22047 22214 22449 22512 22864 23007 23050 23231 23565 23815
9847 5818 5082 4916 5216 5136 5162 5204 4601 4630 5014 4847 4913 4740 5033 5350 5582 5541 5896 6093 6291 6902 7519 8208 8912 9539 10201 10913 11610 12342 12850 13378 13917 14299 14754 15090 15336 15568 15952 16521 16767 17159 17472 17829 17763 17975 18343 18626 18963 18971 19325 19331 19777 20029 20204 20512 21095 21142 21266 21578 21917 22114 22331 22339 22609 22828 23265 23262 23643 23602
9270 5415 4751 4446 4606 4640 4727 4952 4321 4492 4809 4564 4670 4738 4867 5172 5320 5357 5597 5689 6065 6637 7201 7867 8581 9201 9846 10430 11060 11646 12121 12603 13137 13536 13909 14208 14265 14601 14957 15408 15771 16405 16839 17178 17533 17803 18104 18350 18632 18752 19050 19261 19517 19771 20055 20368 20723 20863 21056 21344 21692 21851 22064 22177 22549 22863 23016 23084 23333 23513
8799 5189 4655 4295 4361 4441 4654 4752 4225 4478 4659 4497 4623 4886 4983 5165 5264 5373 5401 5674 6185 6838 7346 7964 8503 9130 9670 10258 10792 11339 11798 12284 12814 13114 13481 13580 13792 14153 14456 14882 15483 16077 16473 17053 17421 17727 17993 18236 18479 18673 19241 19498 19791 20101 20447 20877 21226 21365 21615 22001 22379 22568 22812 22939 23320 23726 23948 24098 24327 24603
8246 4947 4482 4187 4220 4487 4550 4746 4164 4357 4407 4404 4713 4946 4925 5152 5392 5326 5306 5752 6142 6695 7246 7739 8370 8892 9460 9978 10503 11060 11579 12070 12504 12809 13025 13302 13576 13935 14259 14838 15399 15855 16467 16917 17280 17578 17803 18065 18164 18759 19153 19574 19917 20127 20580 21311 21730 22102 22409 22924 23287 23565 24014 24285 24786 25406 25843 26130 26445 26750
7600 4591 4230 4052 4114 4258 4450 4498 4000 4025 4214 4279 4506 4702 4851 5056 5276 5094 5184 5353 5713 6371 6855 7457 7985 8537 9096 9634 10223 10832 11375 11781 12240 12476 12820 13125 13327 13698 14110 14644 15086 15715 16145 16637 16978 17276 17513 17776 18081 18519 19101 19439 19731 20163 20635 21173 21720 22041 22361 22786 23269 23645 24111 24370 24974 25497 25802 26041 26368 26769
6889 4262 3977 3785 3847 4050 4179 4184 3869 4009 4186 4265 4570 4690 4745 5047 5183 4972 4941 5204 5650 6219 6773 7287 7831 8372 8911 9495 10097 10721 11125 11547 11977 12327 12724 13013 13279 13665 13994 14467 15037 15602 16107 16652 17120 17548 18012 18398 18785 19394 20082 20636 21079 21612 22158 22794 23398 23702 24085 24603 25090 25390 25761 25931 26398 26820 27018 27225 27528 27794
6281 3905 3744 3617 3658 3836 3996 3945 3720 3886 4150 4268 4446 4609 4650 4930 5025 4835 4804 5187 5564 6141 6597 7088 7640 8154 8720 9283 9877 10382 10824 11211 11705 12046 12441 12778 13098 13527 13911 14478 15140 15834 16428 17028 17536 17947 18404 18856 19328 20032 20831 21354 21653 22138 22653 23222 23774 24008 24364 24884 25293 25630 25947 26047 26445 26848 27081 27312 27551 27889
5722 3658 3426 3472 3546 3752 3772 3793 3612 3900 4121 4133 4330 4564 4757 4950 4827 4743 4841 5065 5422 5932 6375 6876 7405 7947 8500 9069 9560 10135 10590 11072 11569 11948 12405 12838 13345 14024 14713 15553 16378 17253 18038 18792 19344 19826 20238 20633 21037 21423 21895 22213 22521 22859 23250 23690 24102 24344 24605 24930 25342 25574 25868 26073 26613 27098 27268 27380 27591 27835
5159 3397 3309 3321 3416 3524 3434 3491 3586 3818 4076 4141 4402 4610 4788 4623 4670 4597 4791 5102 5509 6195 6626 7145 7685 8164 8536 8982 9535 10042 10496 10939 11436 11809 12288 12806 13359 14133 14903 15874 16777 17729 18559 19373 19922 20359 20798 21289 21654 22105 22623 22927 23287 23584 23924 24240 24606 24849 24981 25369 25762 25989 26160 26353 26806 27249 27542 27696 28001 28223
4703 3174 3194 3190 3258 3224 3178 3475 3595 4020 4566 4384 4421 4717 4836 4385 4461 4564 4799 5009 5497 5999 6479 7001 7512 7862 8332 8860 9367 9890 10342 10802 11304 11764 12310 12819 13373 14147 14924 15850 16903 17970 18925 19968 20669 21242 21516 21945 22588 22894 23452 23287 23556 23583 23713 24090 24538 24732 25164 25549 25786 25838 26243 26559 27193 27905 28288 28334 28231 28395
4223 3013 2988 3032 3187 2957 2953 3727 3426 4003 4232 4176 4152 4699 4505 4177 4319 4686 4687 4966 5386 5943 6441 6913 7261 7715 8268 8782 9305 9814 10296 10764 11300 11793 12354 12801 13418 14250 15080 15875 16881 17838 18871 19699 20420 20767 21095 21744 22026 22557 22706 22969 23148 23146 23406 24000 24338 24890 25026 25325 25504 25812 26278 26650 27391 28006 28121 28023 28053 28374
3809 2637 2620 2697 2816 2711 2864 3351 3099 3402 3780 3753 3907 4084 3943 3870 4316 4261 4516 4774 5292 5867 6335 6660 7131 7682 8224 8757 9264 9768 10228 10716 11210 11607 12033 12496 13070 13960 14692 15589 16543 17510 18359 19182 19703 20092 20547 20910 21417 21633 22224 22317 22606 22726 23273 23719 24311 24502 24775 24990 25348 25666 26140 26414 27026 27502 27502 27640 27817 28250
3485 2294 2253 2260 2436 2601 2622 2863 2841 3116 3388 3483 3628 3616 3540 3914 4070 4048 4301 4971 5231 5805 6122 6571 7130 7732 8294 8886 9367 9869 10373 10918 11545 12001 12433 12818 13175 13723 14311 15191 16122 17101 17974 18795 19396 19902 20180 20621 20851 21513 21855 22141 22270 22698 23195 23689 23990 24400 24564 24973 25164 25426 25949 26161 26691 26993 27169 27387 27713 27885
2917 1797 1826 1972 2253 2298 2328 2596 2722 2895 3242 3123 3181 3256 3627 3698 3842 3910 4420 4525 4893 5358 5813 6351 6942 7518 8116 8640 9165 9747 10296 10921 11540 12028 12503 13007 13629 14575 15542 16671 17560 18212 18735 19437 19753 19776 20184 20406 21229 21276 21734 21985 22268 22784 23286 23476 24153 24253 24682 24794 24949 25264 25741 25908 26248 26680 26908 27248 27231 27385
2522 1683 1559 1677 1809 1960 1885 2410 2406 2594 2964 2854 2907 3193 3296 3324 3704 3916 4278 4553 4992 5537 5944 6447 6999 7519 8040 8536 9084 9695 10318 10948 11619 12168 12684 13260 13725 14439 15174 15972 16577 17370 18061 18769 19098 19447 19645 20223 20540 20846 21415 21696 22188 22520 22742 23254 23671 24132 24164 24405 24698 25070 25472 25531 26008 26530 26882 26902 27062 27423
1939 1322 1202 1273 1533 1535 1752 2159 2226 2435 2527 2529 2748 2938 3147 3414 3629 3753 3945 4134 4474 5037 5557 6117 6685 7189 7720 8255 8866 9516 10110 10724 11413 11932 12494 12983 13481 14111 14637 15328 16055 16876 17636 18367 18820 19160 19571 20003 20289 20783 21440 21870 22224 22398 22721 23156 23627 23870 24035 24314 24677 24892 25149 25343 25907 26269 26503 26622 26927 27179
1492 960 996 1193 1228 1457 1756 2042 2141 2313 2432 2523 2746 2958 3112 3349 3557 3708 3897 4140 4519 5154 5690 6263 6840 7387 7954 8518 9119 9731 10258 10765 11312 11737 12219 12667 13128 13757 14383 15206 16020 16905 17641 18320 18754 19073 19428 19894 20261 20757 21451 21807 21989 22342 22712 23101 23550 23783 24008 24306 24639 24950 25232 25458 25999 26394 26615 26751 26970 27340
936 689 897 966 1158 1465 1713 1986 2106 2343 2606 2734 3087 3365 3533 3748 4033 4205 4444 4883 5554 6465 7214 7562 7957 8323 8718 9081 9498 9930 10350 10807 11411 11917 12451 12974 13506 14261 15033 16042 17011 18027 18929 19788 20357 20837 21271 21772 22072 22526 23009 23264 23554 23803 24064 24559 25000 25289 25503 25882 26244 26468 26793 27006 27403 27842 28205 28394 28728 29026
415 680 805 1105 1528 1850 2176 2777 2951 3336 3736 3835 3963 4205 4501 4782 5047 5227 5590 5784 6045 6426 6763 7149 7549 7927 8322 8728 9178 9675 10163 10731 11376 11952 12672 13412 14205 15179 16155 17243 18263 19311 20260 21183 21830 22357 22856 23418 23988 24446 25042 25406 25884 26267 26697 27125 27619 27987 28262 28522 28899 29175 29531 29780 30483 31000 31234 31381 31617 31855
