623 301 276 312 349 502 464 380 272 167 157 102 298 151 224 377 356 227 343 267 457 736 683 758 774 727 760 757 828 850 768 761 803 653 666 657 669 850 863 1105 1023 1074 841 806 449 308 401 453 336 361 611 363 263 378 401 507 600 321 280 387 431 317 276 239 474 328 219 117 325 290
672 344 339 315 276 595 482 490 343 320 293 189 441 419 351 389 523 338 361 379 626 858 758 766 780 738 773 712 756 737 664 633 670 537 525 545 603 822 809 1044 1047 1071 955 1009 706 575 630 691 488 728 886 649 559 556 616 874 824 570 469 606 558 433 470 364 624 578 383 298 379 361
505 349 394 338 337 405 338 460 327 380 254 219 421 378 337 294 479 371 321 315 631 916 843 866 861 753 795 746 837 838 756 702 754 689 756 814 949 1229 1146 1304 1232 1248 1112 1079 750 574 740 934 551 740 930 553 520 426 416 660 696 459 357 498 459 338 288 311 515 420 445 226 423 340
620 190 212 141 163 394 313 232 159 184 236 105 322 269 136 246 257 158 198 397 668 913 837 897 938 921 949 926 945 932 822 759 772 581 516 437 386 533 552 817 841 888 733 731 496 382 378 421 335 465 576 348 250 284 369 583 494 241 272 465 393 243 293 178 333 400 271 184 277 299
603 315 282 293 463 497 485 480 359 277 240 153 374 220 370 428 514 346 435 284 591 858 855 968 975 904 942 911 983 985 897 856 880 737 720 749 860 1148 1128 1368 1249 1273 1013 961 603 393 564 731 509 474 701 404 434 361 457 659 758 434 378 549 585 372 333 347 569 490 432 218 534 348
798 474 480 610 738 661 572 656 441 164 322 326 389 281 360 312 458 392 598 600 957 1297 1250 1325 1327 1221 1274 1250 1357 1388 1316 1317 1380 1172 1113 1075 972 1071 1071 1292 1073 1107 838 806 385 267 343 578 379 432 767 372 486 384 390 609 688 502 326 446 472 428 457 341 601 396 590 370 609 550
913 719 519 696 955 813 767 890 595 283 561 467 598 363 539 628 665 474 864 853 1055 1337 1293 1393 1409 1378 1394 1378 1404 1402 1350 1391 1417 1149 1005 967 857 984 1025 1335 1129 1145 855 817 414 302 286 411 363 369 499 381 506 446 574 708 802 653 421 536 622 596 786 564 961 787 719 606 894 796
657 614 416 539 717 567 536 695 459 250 404 335 449 241 338 522 440 329 596 614 734 1027 1009 1113 1151 1109 1121 1141 1195 1220 1153 1184 1221 1021 983 933 845 919 853 1051 898 892 662 612 302 190 254 334 245 310 427 359 290 316 404 422 526 366 215 289 348 358 459 331 745 503 386 366 633 606
890 677 465 511 691 750 697 657 560 245 397 364 591 321 409 662 577 434 646 733 935 1250 1238 1362 1406 1382 1401 1394 1432 1424 1330 1314 1328 1071 943 864 754 825 760 1003 867 859 612 596 317 216 289 348 226 367 485 467 363 399 540 682 706 465 361 521 554 452 544 424 764 627 486 460 771 687
941 940 604 616 773 721 691 856 642 488 559 530 767 590 588 714 710 612 760 962 1148 1438 1351 1403 1410 1386 1385 1345 1340 1295 1238 1235 1271 1073 1003 975 927 1050 923 1072 911 886 785 741 521 482 464 604 286 604 552 560 565 452 566 770 709 640 418 550 634 537 720 611 1068 947 767 665 976 916
1081 1204 868 956 1190 921 977 1309 969 794 830 805 1027 805 969 1046 1065 896 1173 1108 1240 1513 1425 1505 1489 1481 1458 1417 1382 1320 1285 1307 1316 1132 1053 1105 1188 1457 1397 1651 1479 1477 1280 1160 835 693 702 920 635 771 697 701 697 625 828 894 977 927 634 717 881 878 1057 1013 1573 1381 1071 954 1322 1288
1073 715 637 810 850 783 812 1034 691 473 507 505 555 601 637 613 576 625 867 719 950 1233 1117 1208 1206 1217 1218 1202 1197 1175 1136 1159 1191 976 913 870 805 905 976 1264 1168 1263 1029 917 561 431 348 598 508 457 671 444 308 377 568 560 561 527 382 392 560 616 636 673 1149 930 641 569 711 1001
714 417 379 279 358 420 391 423 375 320 289 263 478 402 294 382 380 375 356 539 891 1198 1154 1260 1295 1258 1278 1250 1274 1242 1121 1023 1028 839 764 687 670 815 732 937 902 925 756 688 491 349 425 616 344 502 591 386 236 187 335 545 449 236 247 454 420 268 265 303 516 538 444 313 546 570
820 585 508 426 531 502 511 465 431 266 279 342 585 340 331 507 459 395 489 686 952 1304 1231 1333 1348 1318 1326 1312 1321 1285 1162 1086 1082 858 750 680 641 810 779 1060 966 1013 771 652 383 260 314 482 244 397 477 294 142 235 343 481 499 293 255 454 479 399 424 414 640 601 544 400 706 725
1017 842 670 661 726 757 756 739 653 410 479 526 762 499 495 773 614 544 735 889 1030 1371 1280 1377 1409 1418 1410 1417 1406 1375 1274 1245 1246 1001 888 806 708 801 783 1083 1008 1054 819 720 442 350 344 411 275 436 475 466 201 404 539 569 587 438 360 488 550 558 626 582 917 795 567 568 829 945
1169 866 644 688 753 762 782 826 629 412 458 498 655 582 539 679 547 590 747 921 1109 1416 1300 1381 1388 1413 1407 1393 1363 1322 1253 1245 1273 1021 926 818 671 698 673 884 774 832 676 587 382 361 252 418 267 458 540 450 308 395 546 622 538 485 380 468 616 573 665 622 1079 940 676 617 831 1034
1570 1127 864 1037 1140 1184 1194 1199 921 523 686 729 863 765 841 936 840 855 1177 1221 1435 1749 1608 1692 1680 1718 1716 1691 1655 1611 1575 1616 1654 1342 1183 1085 878 889 969 1265 1071 1159 929 844 507 506 313 493 410 491 656 564 550 622 789 897 836 829 627 686 919 884 1020 931 1425 1238 986 891 1131 1326
1668 1144 869 1023 1180 1152 1194 1124 854 496 680 715 806 737 796 925 756 805 1107 1282 1460 1754 1637 1739 1730 1784 1784 1773 1725 1691 1639 1675 1712 1368 1206 1036 756 699 763 1006 812 902 693 614 395 445 220 399 421 523 700 562 585 685 846 920 848 808 682 756 1005 932 1091 924 1455 1284 1036 942 1162 1375
1775 1120 919 1156 1372 1232 1304 1153 891 402 603 696 676 605 788 922 705 807 1143 1198 1397 1725 1679 1838 1828 1852 1877 1896 1910 1925 1863 1912 1967 1598 1458 1245 903 769 835 1041 769 872 567 477 237 274 132 371 490 450 854 559 607 757 886 878 921 793 724 770 1067 993 1048 898 1440 1136 1023 899 1165 1373
1789 1156 883 1016 1211 1220 1261 1016 910 427 486 622 650 625 734 946 677 862 950 1108 1369 1718 1749 1931 1942 1932 1978 1992 2061 2090 2001 2002 2080 1751 1679 1427 1082 848 703 691 412 443 246 224 170 251 253 494 436 606 1054 801 767 819 927 1023 963 741 762 848 1104 865 823 763 1315 995 912 810 1141 1251
1570 1148 817 936 1238 1131 1169 961 861 426 508 592 660 509 709 964 732 800 913 1053 1268 1606 1685 1873 1887 1843 1892 1911 2006 2050 1960 1969 2046 1752 1709 1505 1233 1077 877 837 515 496 288 275 203 252 351 552 453 625 1012 802 865 844 914 1027 1062 777 761 875 1100 826 822 710 1246 914 907 776 1204 1106
1774 1334 960 955 1211 1192 1232 891 905 551 597 707 825 670 728 1104 761 874 868 1287 1451 1790 1859 2033 2063 2045 2088 2115 2183 2214 2092 2064 2134 1824 1779 1498 1155 916 651 544 280 251 133 137 235 367 426 558 466 826 1121 979 944 1001 1049 1170 1109 809 892 1050 1238 919 937 781 1301 1048 998 921 1313 1264
1710 1286 966 850 1073 1054 1118 756 851 593 576 704 867 701 665 1086 703 833 744 1279 1443 1788 1848 2030 2071 2071 2102 2133 2171 2181 2025 1946 1985 1677 1618 1313 998 789 511 430 252 231 128 101 273 381 450 578 475 878 1086 957 794 921 1003 1095 1000 676 847 1050 1182 873 872 756 1214 1057 959 907 1276 1288
1701 1195 900 800 973 1062 1096 717 770 557 600 660 819 707 612 1038 649 739 691 1263 1371 1668 1695 1846 1898 1932 1957 1987 1996 2001 1854 1791 1825 1500 1421 1101 751 524 311 281 175 170 94 110 289 417 400 446 475 889 1064 967 783 969 1063 1140 1002 691 868 1056 1160 887 946 734 1201 1087 882 903 1145 1231
1606 1143 911 762 900 980 1016 692 747 616 623 669 837 755 596 1022 641 706 617 1217 1301 1579 1601 1744 1806 1850 1868 1896 1889 1883 1722 1636 1650 1341 1264 945 637 444 224 216 194 186 131 153 374 466 469 507 560 1014 1137 1037 753 985 1111 1145 1001 667 880 1075 1120 897 957 737 1203 1125 846 918 1090 1236
1573 1097 913 819 829 911 936 731 668 696 720 700 761 846 544 905 483 651 585 1227 1236 1471 1425 1517 1583 1652 1659 1711 1685 1699 1566 1522 1561 1287 1280 945 579 319 161 142 185 217 234 243 465 601 462 454 610 1019 1116 996 676 962 1039 973 776 582 801 905 957 847 930 692 1183 1090 747 880 873 1228
1763 1080 1058 913 799 1094 1070 774 749 715 752 782 906 1014 635 948 631 720 650 1322 1380 1621 1502 1549 1606 1701 1709 1720 1659 1631 1482 1403 1410 1092 990 659 300 93 47 187 335 412 406 455 623 733 543 529 737 1235 1356 1159 733 1145 1259 1253 1010 777 993 1133 1110 1071 1165 865 1284 1282 878 1037 889 1367
1832 1078 1206 992 865 1248 1171 805 846 764 930 956 1195 1141 745 1041 870 785 826 1559 1691 1958 1776 1797 1856 1959 1960 1941 1835 1763 1584 1461 1410 1032 775 481 158 104 220 629 845 961 844 881 882 913 683 630 874 1341 1368 1160 735 1214 1362 1454 1231 959 1137 1383 1237 1271 1446 1053 1260 1445 1113 1238 1058 1496
1323 810 941 748 612 881 817 719 608 772 863 765 991 1023 624 798 729 582 624 1206 1280 1469 1264 1242 1288 1381 1368 1339 1223 1148 1008 914 869 602 444 262 114 216 335 733 998 1100 1044 1065 1019 978 759 712 899 1303 1213 1007 641 1015 1162 1214 1031 825 930 1122 965 1044 1251 891 1144 1332 904 1012 781 1190
1266 903 946 720 586 852 838 882 695 1068 1010 823 1111 1223 825 950 907 728 698 1164 1190 1300 1080 1037 1069 1183 1150 1099 944 840 728 640 591 409 326 230 253 492 578 935 1253 1339 1371 1377 1372 1295 1073 1034 1127 1527 1298 1168 817 1102 1302 1351 1138 972 1054 1222 1107 1121 1339 1070 1406 1639 997 1093 869 1247
802 705 714 560 489 551 579 842 541 1002 867 629 881 982 719 783 787 566 575 778 753 839 655 621 640 717 680 640 519 438 360 310 277 191 213 226 406 766 816 1131 1402 1463 1474 1436 1345 1181 1065 1069 1083 1341 1106 973 680 877 1065 1029 955 804 810 913 843 888 1067 892 1296 1416 764 823 682 960
666 821 754 731 750 567 662 1155 651 1259 1069 728 929 1033 966 917 991 706 830 704 593 619 439 391 373 421 375 344 241 187 173 206 203 227 381 537 894 1426 1510 1803 1984 2045 2034 1933 1692 1463 1372 1411 1382 1406 1159 991 906 986 1126 1005 1101 1020 901 906 957 1011 1193 1081 1574 1578 911 867 814 963
674 752 692 736 775 622 710 1163 631 1148 985 643 817 925 943 895 973 654 826 588 463 480 323 287 266 312 277 246 164 126 122 179 185 193 344 502 845 1357 1461 1758 1912 1974 1927 1859 1587 1353 1286 1318 1360 1340 1195 995 934 1036 1179 1041 1184 1054 921 900 979 1029 1195 1049 1587 1521 840 811 753 884
755 872 775 874 911 746 829 1318 713 1301 1172 760 905 1037 1067 1009 1079 744 971 703 510 489 317 258 234 285 248 227 145 124 146 246 271 303 498 674 1012 1524 1657 1941 2085 2151 2128 2067 1768 1557 1438 1413 1514 1446 1283 1102 1115 1207 1307 1139 1301 1214 1050 987 1092 1152 1358 1164 1727 1637 935 915 823 942
724 875 764 884 878 737 786 1314 683 1307 1215 771 877 1055 1015 962 1011 711 939 733 510 481 299 218 207 256 219 211 140 136 167 286 330 374 599 757 1042 1487 1601 1843 1996 2053 2075 2038 1757 1582 1428 1358 1481 1448 1272 1123 1130 1212 1271 1094 1220 1180 1009 916 1001 1093 1321 1092 1664 1553 866 890 739 895
669 808 658 823 844 729 748 1232 616 1162 1182 708 805 916 895 906 905 604 918 732 500 485 316 252 260 312 277 290 227 241 273 413 459 468 661 791 997 1379 1517 1785 1907 1961 1945 1915 1590 1434 1252 1115 1302 1209 1034 965 995 1082 1132 952 1080 1054 875 784 863 962 1222 954 1486 1371 730 789 660 783
722 869 688 885 890 764 775 1284 634 1187 1222 742 797 953 906 905 883 629 947 790 540 523 348 272 281 331 297 318 264 291 335 496 562 576 797 911 1071 1394 1516 1733 1834 1885 1902 1880 1572 1456 1242 1100 1292 1217 1056 991 1045 1113 1133 943 1050 1069 876 754 853 962 1233 951 1520 1366 741 810 660 813
852 946 738 998 1003 961 933 1425 748 1213 1348 831 889 1022 999 1008 994 708 1120 922 675 654 467 389 406 468 434 454 396 425 484 671 740 720 897 1011 1124 1420 1594 1870 1957 2013 2001 2005 1627 1519 1255 1062 1313 1194 1040 1040 1126 1189 1222 1058 1149 1193 953 821 923 1047 1361 1033 1594 1440 799 900 734 878
846 967 757 1009 997 905 895 1405 718 1283 1384 853 875 1052 989 986 939 716 1091 936 672 643 451 364 379 435 401 436 384 428 490 684 768 779 1014 1119 1225 1502 1661 1880 1962 2024 2048 2028 1680 1596 1312 1120 1359 1222 1061 1029 1139 1190 1175 986 1070 1150 940 789 907 1020 1318 1015 1565 1409 804 881 705 870
758 780 702 878 799 766 761 1191 585 1099 1086 679 732 922 849 810 832 598 859 698 493 502 303 208 202 240 218 227 189 216 251 394 467 481 706 819 976 1298 1443 1676 1790 1866 1875 1863 1534 1419 1220 1109 1279 1249 1190 1005 1014 1145 1127 965 1072 1059 884 764 850 972 1180 916 1441 1274 704 746 550 763
846 862 731 916 821 832 808 1279 643 1179 1191 745 781 1043 898 857 852 659 906 810 598 585 379 276 283 339 313 320 268 292 335 486 565 571 794 878 988 1244 1363 1555 1691 1754 1822 1838 1569 1493 1240 1109 1294 1317 1212 1096 1095 1185 1191 1042 1064 1101 925 791 872 989 1236 950 1524 1373 736 827 583 842
680 870 808 979 839 812 743 1306 684 1316 1324 839 844 1095 897 875 883 673 887 795 545 535 356 238 269 285 266 298 295 357 392 544 634 705 1001 1108 1248 1503 1569 1719 1889 1923 2008 2040 1756 1640 1478 1288 1458 1488 1377 1259 1192 1284 1221 1024 1098 1111 949 796 782 969 1185 898 1409 1219 667 811 524 754
712 830 796 951 820 770 740 1240 635 1291 1237 778 769 1046 874 858 836 645 813 706 443 426 261 157 179 197 183 219 218 285 311 454 545 618 939 1030 1182 1440 1502 1624 1797 1844 1925 1948 1712 1600 1459 1296 1497 1514 1460 1264 1188 1326 1258 1027 1129 1091 986 832 848 1000 1170 898 1428 1223 657 778 494 741
818 849 811 1067 965 953 949 1486 793 1375 1305 806 791 1107 1073 1005 1011 774 1025 629 372 318 165 85 95 133 118 140 134 195 251 426 513 586 896 1041 1266 1590 1721 1907 2073 2138 2157 2184 1855 1681 1547 1411 1669 1521 1544 1347 1294 1424 1436 1173 1322 1267 1120 921 1010 1150 1290 1073 1676 1421 712 838 563 811
665 726 622 920 933 853 877 1409 743 1218 1175 657 636 879 961 981 899 658 960 441 186 142 73 74 110 150 135 180 192 266 313 488 560 607 891 1018 1240 1537 1628 1807 1938 1976 1921 1937 1614 1393 1344 1205 1506 1229 1280 1179 1091 1203 1296 976 1173 1055 943 751 864 965 1071 911 1547 1247 498 668 503 674
503 296 347 577 572 568 555 855 393 683 636 277 234 448 501 506 456 333 511 111 74 147 123 168 206 186 212 255 338 433 424 526 606 599 832 876 989 1183 1238 1384 1445 1497 1367 1382 1063 856 907 877 1078 835 1111 800 708 806 839 654 822 597 587 485 545 561 525 435 884 602 188 245 153 290
482 280 345 505 412 466 403 664 246 593 619 285 268 458 342 341 315 230 399 285 267 372 263 245 281 264 282 321 377 457 439 528 612 585 786 798 819 973 1062 1240 1313 1386 1311 1314 991 863 788 717 869 763 932 633 568 678 627 524 599 479 447 381 385 445 492 326 663 485 197 227 75 269
419 369 325 335 346 162 144 384 71 394 428 236 257 326 126 180 114 100 183 475 499 684 578 572 599 570 576 609 632 675 611 635 700 616 749 677 613 707 665 757 761 797 771 715 566 524 445 480 467 617 631 358 327 378 319 283 298 220 197 235 227 261 386 180 530 420 298 245 234 387
226 373 205 217 371 174 148 422 131 500 600 251 361 280 184 366 259 101 260 452 421 558 531 575 641 617 614 663 686 734 669 702 741 672 790 762 780 955 878 999 1013 989 926 889 717 602 606 515 535 568 440 395 397 362 372 336 397 246 223 304 250 206 390 171 488 439 227 236 335 255
544 388 442 442 500 337 338 392 208 276 387 290 374 217 152 383 238 99 304 512 507 752 688 754 803 796 799 852 868 902 788 778 783 599 594 488 402 518 561 850 889 951 731 658 431 301 312 299 455 507 592 356 124 434 465 318 470 227 268 358 311 432 513 278 564 440 278 319 359 526
557 210 141 257 477 443 416 463 228 225 339 88 149 136 224 345 271 155 323 253 423 600 657 798 856 826 865 887 960 1014 936 948 986 808 820 733 679 767 735 888 825 827 619 637 427 277 369 419 521 412 650 419 446 400 519 567 630 311 345 449 468 296 334 180 525 397 222 180 334 249
576 402 331 469 769 529 522 477 279 309 522 282 348 69 295 483 410 220 538 496 602 837 881 1007 1044 958 1000 1067 1179 1281 1203 1256 1313 1162 1218 1181 1127 1302 1350 1564 1359 1388 1067 989 584 441 539 522 613 339 572 281 515 511 433 456 727 419 403 522 572 422 480 274 432 278 436 246 559 268
471 226 95 151 311 278 285 297 96 267 331 67 173 114 129 305 154 93 239 288 391 572 563 666 713 697 715 760 802 853 782 804 853 722 795 727 685 808 803 951 888 921 762 704 480 382 376 356 396 272 377 211 255 253 284 312 355 140 192 288 347 159 212 112 372 313 152 68 249 179
553 241 173 107 173 221 213 201 60 313 301 92 219 263 96 240 111 108 95 368 511 695 651 718 764 759 777 798 814 836 738 704 743 609 672 555 490 576 520 623 644 677 617 585 503 447 414 433 414 509 568 345 292 309 346 430 349 138 250 386 378 188 243 127 381 405 222 149 229 275
645 356 252 135 167 373 292 295 163 356 381 189 433 440 222 301 335 232 211 568 789 982 874 883 913 906 922 882 868 836 747 695 723 569 548 482 451 608 561 728 755 769 752 772 642 600 526 552 387 677 633 472 478 396 453 731 556 382 368 563 500 296 449 270 501 620 436 328 403 382
711 328 252 266 328 410 399 319 131 156 205 93 241 196 160 311 228 121 243 412 509 720 636 683 698 705 723 723 728 734 654 655 692 499 492 400 314 418 444 649 619 678 542 529 341 297 236 263 305 437 581 337 291 431 472 538 546 320 320 425 482 376 465 259 603 523 304 239 326 401
607 356 233 168 230 392 342 238 148 289 299 114 305 244 135 397 252 136 136 399 463 654 632 689 743 732 757 774 813 843 742 723 765 621 678 571 501 567 466 555 570 565 505 544 467 427 463 386 386 608 688 553 443 533 545 635 603 304 382 518 486 300 370 170 467 421 198 206 303 266
559 246 317 190 185 290 244 173 107 273 263 146 313 278 86 279 198 91 60 382 499 719 665 712 764 748 772 782 808 822 689 620 633 477 492 373 319 429 383 567 661 694 593 600 507 411 457 451 472 703 799 522 299 484 514 568 552 234 355 520 409 337 372 179 397 403 232 231 238 337
563 261 117 163 224 335 338 359 120 314 303 56 197 233 193 327 203 146 244 273 356 510 443 500 529 542 553 568 577 599 548 576 629 511 595 550 538 679 689 839 825 874 784 753 552 481 412 394 404 386 471 317 307 338 390 439 412 241 261 325 412 232 293 204 540 485 169 111 210 244
455 223 135 130 225 300 255 313 110 231 258 64 260 208 177 237 284 135 227 310 500 698 627 666 683 652 673 650 674 674 606 596 634 505 523 517 552 774 769 970 926 951 830 813 549 437 438 491 364 451 517 303 360 296 341 526 516 311 249 387 392 226 322 192 453 443 293 153 305 221
480 160 206 202 225 267 225 522 169 594 562 208 268 564 330 208 284 245 234 322 530 613 535 560 599 601 616 591 585 585 527 505 539 463 545 508 571 773 777 926 1052 1088 1087 1096 969 821 748 850 843 868 894 581 586 436 567 684 538 393 432 522 460 333 431 315 634 711 383 310 207 342
414 376 367 412 489 245 241 863 326 904 830 423 399 791 561 306 449 424 425 450 611 650 574 577 601 584 586 558 547 550 527 536 584 582 746 768 921 1180 1120 1183 1291 1295 1361 1340 1238 1063 1002 1197 1115 1139 1073 745 831 539 679 726 618 579 524 550 513 463 612 509 977 980 619 521 412 556
323 342 366 444 555 275 263 728 257 560 664 365 424 468 403 330 445 213 468 473 517 636 529 537 559 552 541 532 507 503 459 488 494 397 426 462 573 890 968 1277 1351 1387 1258 1207 908 696 644 730 796 781 710 461 464 456 574 523 622 511 375 426 375 501 713 465 864 811 508 471 429 537
567 497 456 434 463 347 323 535 245 394 493 360 505 435 283 373 371 205 390 669 705 912 763 758 778 789 776 769 727 703 625 621 627 461 431 385 357 548 587 879 930 978 873 820 600 506 404 441 445 662 579 407 285 429 497 493 514 409 311 408 369 477 684 420 782 744 489 479 481 654
394 113 267 413 576 488 442 710 315 488 647 268 326 349 433 402 518 206 509 247 367 465 454 538 590 575 597 599 629 663 601 624 619 487 475 504 621 946 1103 1496 1587 1635 1364 1375 983 678 737 760 1005 736 888 569 572 595 765 733 898 581 549 630 543 566 670 436 716 672 377 366 328 322
583 360 357 474 536 426 350 658 246 368 529 327 377 445 358 177 379 286 524 608 858 1063 907 889 881 834 851 815 828 828 801 837 895 755 751 766 742 957 1063 1335 1249 1315 1185 1133 731 627 485 651 536 556 632 280 492 331 343 533 515 504 294 370 383 393 579 381 665 622 612 398 439 496
447 361 241 276 340 306 294 407 183 293 213 96 224 192 209 301 280 196 236 236 340 563 520 560 567 504 531 534 611 650 593 613 688 619 757 764 814 982 880 944 849 855 760 730 500 405 497 575 395 521 682 430 417 409 378 444 526 320 251 305 370 252 257 193 564 362 233 119 304 252
555 270 307 296 261 299 299 329 155 206 118 91 222 212 153 236 207 151 189 242 379 634 536 572 577 546 566 564 601 611 527 506 547 424 482 447 461 628 626 823 814 884 736 678 433 319 354 465 367 496 694 355 182 352 369 389 448 233 224 297 333 311 281 226 540 395 220 136 219 370
521 274 217 161 191 307 247 273 120 236 263 128 353 277 167 214 285 171 239 438 671 910 787 798 807 773 790 759 770 752 674 644 679 541 533 522 532 754 772 1009 969 1015 902 859 568 480 434 501 299 453 483 254 289 248 260 495 440 289 214 378 362 224 325 212 396 438 363 189 333 297
415 264 125 300 422 321 326 601 173 385 399 99 127 241 295 281 265 179 363 193 260 381 336 385 400 378 394 406 449 497 487 568 645 576 719 740 792 974 976 1087 1019 1047 948 922 647 526 499 561 569 457 596 364 477 383 430 427 493 368 274 260 376 275 355 249 703 517 233 147 235 238
