57473 57682 58113 58191 58444 58689 58845 59532 54746 48372 48721 49286 49502 49851 46577 46658 44830 42210 39225 37348 35027 35208 35565 35595 35939 36280 36780 37185 37773 38123 38570 38972 39501 39634 39867 40105 40363 40743 40783 41124 41315 41909 42331 42246 42909 43353 43738 44135 44284 44522 44938 45484 45910 46051 46170 46603 47134 47296 47428 47481 47663 47948 48141 48368 48545 48827 49295 49357 49600 49876
57111 57294 57618 58059 58175 58355 58783 59327 54211 47841 48161 48669 48811 49402 45800 45874 44125 41622 38735 36916 34700 34746 34925 35153 35455 35826 36433 36926 37254 37769 38277 38748 39142 39461 39722 40032 40387 40516 40764 40998 41281 41588 41975 42241 42747 43301 43589 44100 44407 44609 44923 45366 45610 45821 46184 46561 46976 47221 47285 47516 47643 48072 48284 48597 48546 48877 49124 49421 49767 49903
56757 56974 57396 57754 57809 58142 58487 59225 53571 47239 47587 48026 48280 48752 44999 45137 43261 40890 38060 36335 34333 34401 34681 34921 35278 35790 36407 36768 37274 37867 38316 38706 39098 39398 39612 40034 40110 40471 40679 40886 41049 41454 41993 42156 42681 43129 43435 44063 44395 44332 44757 45129 45465 45771 46181 46501 46848 46986 47217 47461 47641 48048 48158 48245 48443 48739 49203 49345 49641 49592
56483 56703 57234 57549 57754 57991 58434 59190 52874 46608 46872 47425 47671 47997 44190 44260 42428 40260 37457 35764 33992 34033 34393 34735 35217 35721 36292 36727 37217 37739 38188 38536 38990 39274 39581 39803 40032 40390 40610 40851 41142 41597 42067 42333 42715 43181 43551 43977 44108 44309 44773 45236 45612 45816 46092 46292 46670 47000 47244 47437 47627 47922 47999 48325 48512 48766 49007 49118 49306 49556
56028 56266 56783 57139 57305 57674 58242 58811 52089 45957 46394 47017 47165 47367 43605 43732 41775 39722 36943 35271 33686 33905 34352 34826 35367 35983 36629 37116 37947 38530 38735 39246 40051 40447 40852 40979 41327 41811 42054 42087 42178 42841 43536 43723 44410 45090 45513 46216 46585 46878 47358 47911 48428 48866 49355 49894 50533 50770 50839 50829 50397 50655 50441 50429 50098 50152 50698 50786 50901 50414
55745 56011 56651 56970 57215 57694 57983 58641 51445 45228 45554 46034 46087 46334 42566 42616 40814 38996 36358 34756 33339 33475 34105 34564 35086 35640 36448 37147 37621 37919 38559 39302 39923 40376 40496 40891 41221 41661 41626 41896 42157 42678 43371 43672 44481 45298 45806 46603 47045 47475 48043 48532 48980 49167 49648 49978 50388 50846 50607 50608 50138 50413 50168 50226 49852 50068 50424 50525 50714 50154
55192 55589 56069 56578 56817 57033 57272 57919 50452 44276 44577 45143 45017 45295 41668 41714 40034 38387 35837 34335 33023 33288 33846 34412 34891 35603 36474 36908 37233 37991 38571 39141 39914 40123 40350 40918 41214 41208 41569 41998 42471 43113 43768 44329 45448 46276 46665 47415 47346 47520 47859 48397 48712 49058 49510 49640 50228 50587 50316 50685 49838 50162 49824 49960 49543 49748 50106 50137 50197 49965
54321 54712 55289 55803 55775 55972 56200 57085 49489 43340 43621 44270 43802 44079 40587 40665 39126 37582 35257 33921 32631 32854 33415 33858 34436 35191 35865 36126 36903 37553 37993 38731 39381 39754 40155 40534 40557 40969 41384 41803 42072 42795 43698 44176 45035 45783 46361 47021 46862 47001 47336 47842 48358 48906 49053 49406 49743 49833 50125 50539 49505 49717 49253 49256 49032 49251 49553 49597 49593 49841
53471 53822 54544 54902 54841 55150 55612 56334 48608 42586 42935 43519 42794 43057 39721 39765 38408 36895 34741 33527 32357 32573 33073 33564 34216 34752 35243 35903 36532 37037 37767 38418 39113 39685 39953 40008 40415 41018 41324 41507 41953 42867 43717 44092 44934 45753 46424 46996 46614 46798 47144 47738 48425 48734 48993 49143 49310 49774 50191 50694 49289 49518 48828 48961 48742 48917 49189 49173 49504 49458
52578 53035 53616 53829 53940 54430 54758 55491 47577 41606 41880 42464 41582 41865 38702 38779 37500 36092 34116 33030 32039 32263 32778 33349 33797 34158 34997 35594 36067 36848 37528 38195 39017 39462 39426 39807 40377 40839 40903 41279 42085 42812 43562 43958 44803 45797 46245 46596 46351 46465 46921 47718 48161 48579 48651 48670 49215 49889 50505 50903 49013 49308 48397 48637 48324 48519 48675 49029 49188 48983
51586 52085 52376 52828 53154 53483 53714 54321 46562 40707 41028 41744 40469 40721 37687 37878 36544 35264 33473 32526 31655 31989 32455 32871 33150 33801 34616 35106 35752 36536 37101 37935 38642 38844 39021 39638 40180 40396 40664 41285 41826 42839 43391 43599 44699 45319 45542 46147 45828 45978 46756 47428 47982 48262 48185 48460 49098 49913 50114 50432 48764 49111 47843 47983 47805 48020 48556 48410 48452 48449
50422 50732 51236 51848 52013 52266 52434 52949 45597 39774 40065 40723 39004 39228 36266 36469 35186 34018 32490 31687 30893 31061 31446 31629 32152 32728 33598 34130 34763 35432 36190 36878 37458 37920 38303 38909 39250 39735 40210 40640 41189 42054 42593 42903 43734 44217 44606 45128 45020 45446 46038 46796 47184 47421 47554 47860 48725 49187 49353 49660 48226 48416 46888 47115 47010 47371 47552 47439 47717 47654
49498 49791 50519 50876 50965 51248 51507 52154 44743 38976 39307 39836 37892 38017 35161 35311 34006 32868 31463 30766 30105 30176 30561 30930 31465 32102 32860 33423 34069 34833 35518 36073 36761 37322 37830 38305 38771 39435 39845 40292 40734 41378 42055 42457 43003 43557 43991 44566 44784 45048 45608 46099 46535 46846 47193 47505 48104 48570 48964 49336 47665 47809 46263 46456 46489 46632 46886 47101 47266 47134
48832 49165 49857 50142 50319 50531 50898 51568 43713 38078 38385 38931 36911 36994 34338 34355 33090 32121 30758 30076 29724 29910 30417 30868 31541 32512 33548 34482 35504 36634 37640 38568 39660 40445 41102 41707 42280 42920 43339 43913 44477 45368 46141 46276 46803 47229 47565 48349 47086 47293 47917 48518 49183 49698 49382 48578 48909 49071 49274 49721 47362 47448 46031 46217 46244 46427 46791 46861 46876 46743
48090 48458 49099 49444 49532 49917 50239 51088 42809 37282 37557 38117 35939 36131 33552 33437 32296 31476 30192 29499 29286 29481 30027 30612 31544 32400 33610 34666 35958 37257 38499 39689 41010 42039 42882 43717 44559 45354 44321 44532 44811 45415 45813 45916 46404 46902 47654 48564 46853 47180 47802 48619 49438 50136 49009 48132 48468 48818 49221 49570 47066 47125 45710 45916 46003 46184 46504 46451 46431 46288
46982 47356 47969 48289 48521 48977 49473 50172 41800 36422 36663 37210 34849 35033 32607 32373 31355 30571 29410 28766 28698 28942 29598 30385 31207 32196 33417 34656 35889 37207 38450 39707 40996 42051 42898 43776 44606 45391 43736 43876 44184 44785 45211 45230 45830 46731 47652 48402 46590 46892 47610 48500 49354 49570 48569 47545 48031 48565 48902 48838 46652 46799 45158 45507 45479 45731 45946 45878 45972 45580
45926 46302 46804 47260 47582 48209 48526 49166 40832 35563 35838 36353 33843 34076 31684 31340 30398 29669 28629 28060 28092 28518 29346 30046 31007 31996 33801 35442 36922 38412 39892 41249 42779 43891 44647 45271 45478 45784 43145 43257 43588 44261 44482 44591 45530 46548 47326 47962 46183 46561 47352 48366 48813 48891 48013 47007 47574 48135 48111 48026 46227 46447 44637 45054 44945 45252 45436 45353 45561 45023
44663 45042 45561 46073 46512 46944 47173 47594 39718 34455 34669 35186 32488 32635 30391 29972 29138 28484 27639 27229 27381 27934 28649 29506 30449 32003 33818 35353 36825 38357 39575 41085 42540 43546 44055 44377 44810 45188 42256 42388 42697 43240 43575 43795 44848 45825 46438 47023 45512 45956 46711 47395 47786 47829 47082 46153 46724 47365 47089 46960 45582 45785 43828 44301 44096 44376 44562 44671 44741 44329
43362 43678 44328 44916 45204 45626 45581 46019 38568 33312 33571 34202 31236 31316 29230 28778 28036 27437 26766 26461 26683 27136 27987 28818 30320 31917 33649 35162 36674 37985 39397 40818 42201 42907 43240 43742 44214 44584 41389 41496 41677 42314 42687 43100 44022 44799 45480 46050 44772 45223 45685 46315 46713 46856 46119 45311 45879 46252 45962 45849 44884 45087 43063 43395 43260 43574 44025 43918 44166 43685
42101 42383 43268 43676 43915 44281 44080 44597 37358 32019 32354 32999 29819 29925 27984 27524 26954 26413 25908 25684 25731 26173 27100 28494 30024 31566 33310 34803 36149 37643 39030 40375 41504 41998 42595 43164 43526 44148 40439 40561 40743 41165 41917 42229 42906 43829 44508 44950 43968 44259 44585 45121 45607 45833 44999 44311 44726 44855 44820 44821 44046 44296 42276 42554 42451 42879 43127 43383 43470 43104
40849 41182 42019 42487 42660 42857 42683 43268 35921 30482 30842 31429 28257 28371 26676 26252 25808 25390 25015 24881 24953 25569 27031 28487 29982 31578 33251 34642 36097 37546 38970 40139 40804 41553 42235 42623 43109 43801 39592 39725 39927 40520 41196 41449 42235 43101 43671 44147 43171 43367 43702 44285 44782 45006 43964 43394 43619 43737 43831 44020 43258 43569 41602 41724 41838 42178 42606 42646 42769 42499
39696 40038 40959 41410 41404 41722 41392 41998 34539 28982 29261 29748 26642 26682 25345 24981 24759 24501 24310 24277 24457 25599 27066 28572 29994 31538 33199 34628 36014 37563 38791 39489 40505 41341 41805 42287 42901 42854 38821 39043 39395 39837 40525 40796 41581 42404 42941 43272 42334 42621 43030 43619 44031 44385 43017 42479 42692 42912 43115 43480 42585 42798 40933 41180 41285 41661 41836 41948 42012 41934
38291 38632 39610 39878 40057 40220 39947 40483 32941 27356 27607 28025 25109 25089 24127 23870 23778 23648 23581 23661 24385 25611 27042 28409 29894 31442 33089 34489 35933 37305 38137 39182 40219 40818 41504 42028 42303 41867 38056 38328 38672 39216 39763 40152 40834 41499 42058 42149 41439 41771 42294 42804 43378 43671 42071 41564 41800 41991 42363 42850 41820 41889 40243 40531 40719 40995 41090 41129 41178 41265
36846 37159 38049 38459 38537 38654 38493 38946 31309 25771 25959 26290 23686 23720 23037 22840 22830 22813 22846 23531 24398 25590 26932 28322 29834 31366 32990 34402 35626 36624 37896 38898 39656 40439 41276 41403 41577 40807 37309 37572 38021 38480 39091 39538 40050 40666 41040 41035 40642 41030 41584 42209 42717 43284 41229 40713 40934 41203 41726 42374 41028 40981 39608 39998 40138 40459 40320 40379 40429 40556
35414 35710 36614 36903 36958 37129 37027 37397 29770 24315 24472 24660 22468 22503 22084 21975 22005 22089 22737 23650 24578 25775 27087 28419 29899 31388 32952 34178 35078 36489 37699 38454 39370 40262 41195 40723 40931 39839 36618 36889 37293 37898 38466 38811 39209 39612 39965 40247 39907 40287 40928 41530 42359 42938 40430 39946 40143 40564 41281 41877 40269 40121 39020 39416 39592 40030 39667 39741 39752 39984
33980 34274 35038 35301 35438 35624 35565 35886 28244 22928 22946 23016 21353 21420 21219 21159 21247 21901 22789 23765 24797 26004 27287 28550 30002 31421 32791 33661 34969 36297 37320 38241 39195 40137 41090 40039 40202 38799 35919 36125 36685 37266 37697 38067 38225 38582 39238 39630 39204 39622 40316 41211 42029 42068 39692 39213 39548 40089 40795 41286 39485 39260 38436 38885 39184 39710 39045 39116 39132 39418
32429 32616 33278 33636 33826 34163 34074 34167 26750 21722 21715 21733 20558 20671 20558 20532 21069 22034 23128 24343 25589 26901 28090 29211 30501 31274 32259 33535 34797 35931 37072 38056 39053 40021 40649 39337 39471 37845 35256 35480 36084 36562 36922 37168 37285 37792 38706 38900 38541 39028 39975 40863 41506 41161 38988 38591 38971 39528 40188 40552 38657 38471 37853 38492 38819 39222 38540 38569 38543 38858
30912 31075 31651 31991 32329 32704 32491 32420 25264 20512 20500 20492 19827 19934 19926 20235 21123 22059 23159 24390 25607 26774 27921 29027 29889 30779 32057 33400 34529 35708 36894 37934 38865 39438 39571 38512 38627 36811 34508 34735 35237 35828 35939 36167 36328 37130 37777 38131 37837 38410 39401 40143 40592 40141 38145 37878 38255 38790 39376 39801 37720 37583 37223 37972 38163 38592 37961 37932 37900 38297
29333 29534 29980 30362 30730 30781 30616 30492 23646 19202 19186 19197 19005 19227 19548 20154 20992 21945 23023 24234 25420 26562 27680 28384 29366 30571 31848 33086 34316 35538 36711 37564 38215 38524 38225 37552 37640 35693 33619 33781 34311 34944 34866 35075 35502 36144 36799 37269 37110 37601 38493 39076 39402 39025 37183 37047 37371 37957 38561 38917 36672 36630 36474 37108 37420 37679 37175 37158 37182 37697
28095 28335 28700 29142 29256 29230 29104 28987 22453 18354 18365 18492 18555 19015 19708 20511 21613 22787 23958 25171 25976 26713 27291 28095 29403 30677 32103 33380 34573 35709 36512 37105 37509 37568 37097 36702 36831 34750 32910 33096 33613 34059 33985 34459 34830 35435 36125 36482 36570 36960 37727 38201 38263 38136 36467 36426 36789 37387 37911 38135 35869 35885 35855 36597 36761 36815 36578 36599 36779 37127
26894 27180 27538 27719 27829 27806 27687 27634 21430 17639 17710 17979 18275 18975 19625 20580 21596 22691 23791 24656 25405 26093 26910 27982 29306 30633 32076 33209 34256 35133 35898 36254 36520 36364 35813 35661 35756 33617 32076 32231 32504 32968 33224 33633 34057 34619 35166 35765 35865 36067 36764 37012 37156 37247 35695 35770 36147 36598 36969 37030 35023 35106 35223 35867 35843 35940 35918 36161 36078 36373
26010 26364 26477 26706 26784 26831 26669 26656 20792 17265 17376 17763 18280 18900 19750 20838 21799 22756 23478 24311 24943 25770 26948 28215 29640 31118 32494 32927 33676 34530 35077 35309 35637 35273 34700 34684 34704 32593 31369 31378 31538 32198 32595 32958 33495 33952 34634 35172 35241 35453 35881 36160 36395 36706 35130 35291 35637 35942 36122 36247 34397 34559 34835 35178 35219 35292 35608 35595 35517 35673
25235 25546 25665 25865 26030 26163 25850 25835 20433 17075 17220 17595 18027 18715 19506 20603 21509 22342 23154 23739 24366 25436 26795 27948 29355 30582 31527 31921 32608 33308 33681 33965 34292 33931 33423 33419 33456 31455 30487 30382 30514 31252 31796 32004 32634 33246 33756 34248 34477 34529 34875 35248 35612 35695 34380 34543 34829 35056 35254 35317 33705 33926 34140 34475 34523 34683 35024 34848 34772 34897
24584 24912 24960 25246 25468 25504 25149 25147 20195 16923 17028 17318 17778 18444 19272 20337 21113 22060 22657 23201 24030 25253 26509 27644 28790 29604 30513 30858 31439 31929 32355 32688 33005 32652 32195 32219 32281 30362 29625 29413 29585 30401 30861 31121 31873 32384 32836 33495 33601 33569 33932 34430 34574 34745 33600 33755 33983 34249 34415 34538 33046 33261 33500 33816 33917 34084 34432 34130 34101 34234
23818 24157 24232 24586 24731 24725 24374 24402 19930 16758 16811 17040 17447 18115 18934 19894 20751 21509 22091 22756 23719 24843 26056 26920 27643 28425 29298 29521 29910 30472 30901 31245 31520 31282 30892 30952 31020 29245 28672 28374 28626 29359 29864 30193 30871 31291 31959 32481 32457 32525 32951 33258 33487 33667 32697 32816 33038 33304 33516 33615 32292 32480 32723 33090 33203 33402 33699 33318 33335 33457
22962 23329 23437 23772 23861 23879 23540 23611 19581 16589 16639 16809 17164 17865 18607 19622 20242 20963 21686 22499 23416 24527 25449 25902 26606 27359 28049 28110 28594 29147 29547 29890 30197 30014 29699 29773 29886 28229 27782 27435 27713 28460 28990 29299 29880 30467 31063 31348 31459 31625 31846 32248 32475 32647 31851 31967 32134 32431 32610 32830 31566 31722 32016 32399 32511 32767 32968 32555 32554 32772
22045 22426 22538 22837 22918 22940 22620 22735 19173 16393 16393 16532 16890 17583 18424 19221 19785 20678 21588 22361 23271 24064 24562 24998 25659 26238 26719 26886 27405 27928 28285 28645 28944 28881 28656 28760 29042 27355 26974 26594 26919 27658 28191 28395 29150 29692 30102 30520 30671 30684 30912 31321 31549 31735 31113 31193 31362 31671 31933 32037 30929 31082 31410 31767 31931 32105 32236 31881 31924 32096
21046 21431 21492 21819 21896 21935 21649 21764 18703 16165 16146 16282 16608 17413 18057 18795 19507 20584 21471 22212 22809 23186 23650 24054 24547 24911 25474 25700 26196 26677 27012 27397 27812 27748 27635 27929 28333 26514 26170 25781 26152 26875 27280 27649 28359 28682 29269 29794 29691 29744 29957 30381 30627 30770 30353 30405 30553 30954 31097 31207 30278 30454 30749 31172 31218 31394 31645 31202 31243 31453
19907 20305 20302 20636 20694 20702 20464 20605 18115 15811 15764 15860 16224 16896 17513 18390 19273 20363 21282 21720 21919 22272 22682 22922 23192 23639 24208 24462 24968 25397 25689 26209 26579 26591 26721 27161 27143 25642 25266 24895 25266 25892 26457 26731 27213 27762 28455 28680 28682 28714 28846 29334 29569 29632 29494 29530 29726 30080 30200 30342 29567 29685 30008 30325 30344 30695 30732 30441 30522 30726
18732 19029 19103 19417 19568 19476 19321 19399 17500 15473 15436 15544 15822 16401 17154 18213 19100 20201 21144 20790 20964 21254 21514 21526 21887 22334 22947 23176 23607 24031 24468 24920 25396 25659 25965 26138 25978 24792 24376 24035 24330 25074 25535 25617 26349 26922 27371 27752 27625 27628 27840 28296 28437 28629 28626 28674 28828 29145 29307 29394 28818 28946 29191 29467 29680 29820 29987 29701 29771 29974
17895 18215 18277 18655 18651 18603 18523 18661 17117 15303 15239 15315 15532 16243 17186 18167 19124 20151 20654 19876 20011 20143 20217 20340 20742 21230 21796 21992 22411 22945 23382 23956 24577 24971 25062 25172 24966 24030 23643 23289 23680 24320 24602 24947 25648 26007 26516 26966 26673 26681 26967 27274 27547 27850 27843 27839 28064 28361 28527 28736 28178 28323 28504 28985 28970 29247 29197 29080 29189 29613
16889 17200 17271 17631 17529 17537 17589 17677 16584 15032 14975 15011 15314 16268 17091 18126 18954 19715 19562 18894 18912 18936 19088 19248 19697 20143 20640 20864 21392 21907 22443 23204 23886 24166 24067 24111 23904 23221 22864 22527 22909 23396 23856 24248 24704 25080 25748 25723 25683 25749 25885 26369 26771 27144 27041 27092 27204 27485 27846 27773 27495 27587 27900 28189 28284 28459 28442 28436 28766 29005
15775 16047 16139 16386 16425 16626 16572 16752 15863 14687 14661 14773 15262 16145 17042 17969 18481 18959 18387 17815 17801 17877 18104 18326 18734 19148 19635 19919 20448 21046 21799 22645 23191 23170 23140 23042 22878 22404 22075 21800 22128 22618 23200 23488 23999 24512 24796 24680 24884 24848 25197 25727 26087 26356 26284 26346 26484 26868 27046 26867 26751 26912 27212 27755 27509 27662 27736 27957 28019 28214
14774 15012 15059 15398 15661 15730 15904 15853 15258 14405 14470 14777 15512 16431 16932 17550 17787 18014 17256 16735 16621 16753 17072 17232 17614 18025 18621 18869 19468 20300 21207 21907 22132 22204 22143 21997 21862 21563 21299 21054 21329 21901 22406 22776 23394 23505 23614 23844 23901 24129 24542 24995 25262 25590 25491 25577 25861 26026 26130 25977 26058 26272 26831 27084 26777 26971 27289 27457 27277 27466
13833 14102 14159 14675 14791 15147 15077 15057 14791 14112 14266 14767 15247 15705 16138 16762 16528 16738 15886 15483 15283 15479 15803 15885 16239 16741 17372 17662 18522 19459 20241 20646 20957 21054 20944 20710 20610 20497 20299 20099 20301 20778 21494 21909 22147 22167 22552 22750 23093 23356 23559 23930 24269 24630 24496 24729 24859 25016 25035 25163 25203 25733 26235 26032 25912 26270 26743 26667 26485 26785
12920 13085 13456 13832 14205 14285 14278 14347 14434 13784 14012 14336 14371 14821 15242 15668 15248 15238 14572 14327 14126 14259 14561 14573 14970 15519 16261 16732 17697 18493 19066 19541 19881 19875 19818 19530 19384 19462 19314 19146 19181 19724 20651 20757 20929 21308 21678 22155 22517 22623 22662 23055 23387 23648 23715 23865 24047 24090 24412 24395 24716 25212 25227 25178 25331 25722 26123 25955 25891 26261
12420 12623 13080 13679 13719 13816 13848 13979 14143 13406 13518 13619 13751 14276 14549 14909 14326 14213 13634 13482 13356 13393 13703 13849 14328 15023 15834 16485 17333 17912 18593 19023 19195 19229 19123 18865 18738 18735 18711 18623 18807 19340 20013 20163 20587 21005 21561 21961 22198 22197 22325 22620 22878 23104 23195 23344 23546 23899 24109 24161 24498 24696 24822 24995 25193 25457 25658 25613 25794 26194
11849 12190 12820 13097 13166 13278 13305 13659 13604 13104 13140 13323 13537 13914 14167 14397 13690 13461 12905 12810 12708 12810 13162 13449 14117 14863 15724 16356 16988 17721 18227 18440 18831 18717 18616 18362 18306 18396 18318 18350 18666 19130 19629 19978 20432 20937 21459 21761 21811 21864 21973 22256 22535 22733 22911 22970 23369 23668 23875 24077 24230 24427 24619 24910 25011 25231 25407 25515 25769 26033
11211 11630 12094 12427 12526 12635 12679 13001 12950 12789 12938 13340 13668 14122 14062 14146 13448 13160 12596 12463 12313 12461 12812 13374 14085 14910 15767 16166 16838 17502 17747 18105 18517 18312 18261 18054 18138 18178 18215 18362 18675 19214 19847 19908 20435 20871 21315 21622 21485 21481 21808 22154 22432 22715 22823 23011 23200 23477 23745 24034 24202 24451 24740 24971 25119 25294 25558 25749 25962 26358
10471 10757 11323 11712 11814 11873 11893 12204 12368 12402 12682 13163 13412 13596 13537 13634 13030 12702 12245 12147 12058 12212 12890 13514 14293 14987 15632 15999 16584 17006 17457 17804 18146 17971 17964 17791 17819 17986 18126 18297 18655 19167 19497 20052 20772 21015 21569 21526 21206 21649 22150 22463 22776 23146 23198 23560 24112 24437 24582 24423 24421 24685 24979 25331 25292 25394 25853 25933 26024 26376
9717 9970 10649 10975 10927 11083 11193 11674 11978 12153 12462 12963 13025 13348 13173 13227 12696 12269 11819 11638 11524 11864 12638 13247 13899 14463 15052 15400 15840 16399 16894 17147 17457 17337 17382 17358 17488 17819 17863 18137 18323 18633 19572 20062 20277 20915 21020 21030 21321 21546 21836 22113 22582 22957 23341 23585 23940 24142 24190 24087 24387 24935 25041 25129 25093 25390 25696 25895 25952 26024
9233 9555 10161 10305 10367 10464 10726 11206 11430 11405 11683 12106 12236 12432 12332 12332 11978 11619 11299 11207 11345 11887 12705 13152 13596 14189 14848 15062 15631 16190 16614 16893 17309 17009 17081 17150 17275 17474 17795 18028 18044 18691 19624 19728 20301 20588 20610 21026 21260 21490 21607 22126 22583 22938 23217 23543 23790 23924 23955 24173 24519 24819 24995 24919 25177 25250 25851 25822 25845 25947
8650 8968 9561 9853 9772 10003 10102 10598 10723 10620 10861 11203 11328 11433 11426 11575 11431 11188 11042 10994 11207 11546 12126 12484 12921 13571 14146 14381 14959 15600 15946 16172 16529 16624 16800 16948 17069 17372 17614 17821 18032 18587 19268 19435 19802 20046 20439 20785 20980 21231 21520 21965 22367 22674 22930 23184 23465 23737 23961 24135 24337 24610 24755 24909 25016 25154 25446 25534 25624 25859
8141 8422 9085 9165 9373 9501 9723 10091 10215 10108 10280 10677 10651 10766 10850 10915 10900 10721 10702 10931 11050 11366 11862 12129 12684 13197 13752 14067 14653 15169 15540 15766 16242 16453 16737 16803 17027 17380 17560 17770 18059 18502 19060 19268 19554 19981 20467 20806 21031 21314 21735 22134 22476 22685 22915 23078 23417 23764 24114 24368 24594 24864 24932 25174 25283 25429 25551 25599 25722 25977
7606 7903 8322 8693 8839 9083 9216 9477 9656 9569 9885 10176 10208 10409 10395 10438 10433 10309 10514 10693 10885 11241 11614 12020 12495 12996 13561 13963 14388 14915 15316 15684 16119 16385 16643 16875 17126 17428 17608 17811 18177 18600 18905 19187 19650 20189 20725 21280 21603 21941 22562 23088 23422 23581 23858 24007 24317 24733 25096 25473 25617 25920 26041 26503 26600 26638 26734 26892 27124 27217
7073 7325 7792 8140 8365 8413 8388 8851 8953 9081 9328 9671 9673 9868 9859 9889 9821 10060 10273 10586 10977 11557 12213 12747 13435 14159 14935 15435 15989 16673 17235 17624 17916 17899 18113 18275 18374 18480 18636 18890 19242 19874 20204 20519 21162 21662 21806 22177 22102 22524 22993 23496 23841 24034 24229 24422 24873 25107 25240 25496 25635 25919 26040 26406 26349 26609 26790 26780 26932 27115
6631 6888 7400 7798 7775 7805 8021 8472 8680 8738 8937 9203 9243 9507 9398 9395 9672 9950 10296 10654 10955 11413 11996 12553 13244 13925 14644 15111 15770 16442 16911 17167 17438 17686 17974 18071 18176 18453 18599 18849 19216 19602 20129 20448 20880 21098 21549 21847 22090 22350 22783 23237 23627 23913 24128 24374 24614 24854 25180 25470 25643 25913 26035 26178 26336 26528 26653 26798 26959 27241
6067 6269 6926 7145 7139 7405 7588 7960 8267 8171 8325 8687 8759 8921 8887 9221 9531 9925 10373 10907 11306 11645 12209 12632 13196 13876 14545 15088 15701 16286 16715 16980 17399 17729 18071 17941 18149 18538 18593 18839 19139 19552 20105 20432 20581 21046 21497 21844 22040 22338 22846 23249 23651 23937 24151 24375 24692 24978 25346 25589 25825 25944 25922 26188 26323 26507 26683 26800 26914 27246
5543 5827 6321 6491 6739 6957 7169 7522 7742 7650 7929 8353 8384 8551 8826 9132 9707 10243 10583 10869 11145 11555 12090 12521 13201 13833 14583 15021 15567 16090 16568 16926 17475 17668 17763 17905 18191 18424 18576 18795 19074 19552 20066 20240 20668 21174 21713 22017 22248 22544 22986 23562 23926 24120 24264 24509 24899 25202 25439 25566 25662 25831 25970 26221 26334 26536 26721 26800 26930 27174
5097 5385 5769 6180 6392 6651 6783 7346 7285 7338 7600 7908 7831 8191 8417 9107 9689 10142 10493 10781 10997 11364 11901 12391 12970 13616 14339 14711 15166 15775 16258 16747 17216 17369 17608 17856 18080 18346 18514 18695 18913 19371 19843 20061 20597 21118 21538 22056 22310 22542 22973 23436 23770 23982 24237 24454 24799 25112 25297 25487 25557 25821 25930 26180 26307 26486 26731 26854 27079 27228
4787 5029 5578 5979 6180 6227 6527 6763 7272 6902 7063 7226 7388 7803 8421 9160 9845 10323 10681 11134 11329 11573 12047 12455 13014 13625 14243 14580 15117 15722 16255 16651 17090 17443 17900 18303 18712 19317 19735 19998 20371 20913 21572 22115 22368 22548 23074 23600 24015 24108 24340 24499 24878 25136 25570 25633 25835 26182 26670 26961 27147 27487 27322 27538 27697 27991 28229 28158 28380 28576
4318 4655 5120 5484 5567 5756 5936 6520 6599 6361 6474 6874 7093 7770 8350 9021 9536 9891 10371 10759 11020 11475 12104 12700 13431 14254 14916 15357 16085 16936 17600 18272 18854 19414 19632 20179 20379 20651 20582 20625 20761 21174 21929 22000 22064 22706 23269 23547 24039 23778 23998 24590 24991 25201 25623 25405 25642 26194 26784 26756 26899 27192 27084 27437 27625 27972 28022 28101 28301 28361
3691 4042 4394 4720 4956 5019 5495 5773 6056 5806 6134 6499 6952 7556 7996 8567 8929 9429 9856 10306 10757 11361 12180 12726 13435 14079 14977 15513 16243 16839 17722 18189 18899 19013 19487 19729 19815 19977 20249 20245 20452 21085 21261 21462 22190 22565 22789 23569 23271 23279 24009 24544 24797 25074 25071 25062 25439 26099 26264 26577 26387 26598 26834 27255 27445 27573 27930 27760 27981 27991
3105 3459 3734 4172 4205 4614 4767 5539 5510 5733 5937 6474 6834 7405 7785 8281 8726 9228 9697 10189 10694 11308 11957 12528 13068 13915 14799 15254 15827 16798 17282 17956 18419 18884 19070 19202 19348 19782 19841 19929 20175 20431 20829 21351 21743 22087 22808 22874 22795 23316 23835 24207 24554 24791 24701 24888 25435 25784 26194 26342 26065 26382 26720 27313 27142 27377 27438 27641 27654 27712
2367 2569 3031 3280 3641 3826 4365 4879 5392 5526 6052 6806 7287 8112 8683 9333 9684 10143 10355 10636 10769 11162 11744 12166 12976 13744 14409 14858 15788 16380 17048 17470 18259 18505 18649 18823 19325 19576 19544 19636 19569 20229 20965 20896 21237 22013 22116 22477 22914 23007 23438 23920 24303 24444 24614 25089 25131 25673 26040 25839 26334 26760 26754 26849 26955 27046 27560 27360 27319 27655
1939 2271 2552 3021 3148 3559 4109 4774 4983 5254 5793 6443 7015 7766 8255 8768 9217 9530 9874 10139 10437 10762 11433 12059 12697 13403 14204 14806 15482 16166 16743 17500 18060 18017 18244 18727 18805 18911 19159 19124 19309 19814 20177 20522 21215 21585 21823 22462 22608 22878 23219 23633 23844 24049 24529 24573 25225 25783 25680 25893 26014 26295 26431 26789 26597 26833 27024 27129 27578 27523
1431 1715 2125 2461 2768 3182 3549 4262 4725 5109 5705 6434 6934 7613 8022 8566 8969 9384 9736 10038 10298 10768 11496 12146 12889 13689 14549 14971 15579 16277 16764 17233 17588 17879 18173 18461 18574 18807 18926 19010 19251 19699 20325 20430 20813 21171 21616 22115 22407 22535 22901 23319 23693 24031 24290 24611 25039 25315 25541 25776 25832 26106 26249 26288 26366 26559 26867 27065 27360 27521
1088 1298 1851 2440 2849 3329 3726 4338 4751 5057 5590 6309 6772 7392 7853 8439 8938 9398 9848 10328 10763 11340 12160 12500 13102 13633 14340 14799 15406 16010 16566 16932 17473 17884 18137 18307 18510 18765 18792 19029 19228 19752 20203 20203 20656 21167 21613 22080 22278 22559 23073 23592 24066 24290 24344 24635 25081 25306 25618 25736 25913 26071 26140 26356 26447 26676 26997 27132 27318 27539
749 1044 1848 2507 2993 3532 4134 4913 5322 5559 6108 6757 7257 7975 8510 9124 9677 10085 10433 10747 10984 11318 11815 12285 12814 13378 14054 14544 15095 15730 16225 16730 17350 17666 17915 18189 18393 18606 18745 18909 19141 19571 19902 20062 20593 21090 21531 22088 22316 22567 23065 23547 23886 24075 24322 24505 24913 25287 25496 25749 25820 26012 26111 26431 26591 26792 27015 27142 27444 27645
371 1052 1839 2528 2985 3492 3981 4717 5102 5421 5971 6717 7341 8211 8964 9831 10490 11122 11600 11957 12315 12889 13691 14367 15198 16131 17149 17803 18690 19619 20446 21219 21978 22427 22803 23233 23618 24022 24338 24591 24906 25551 26370 26800 27517 28164 28746 29325 29725 30047 30451 31042 31525 31936 32306 32642 33133 33596 33902 34128 34316 34744 35013 35275 35421 35720 36103 36264 36496 36645
