588 273 251 167 336 479 452 241 244 259 275 119 404 149 238 511 458 194 264 315 479 708 732 849 896 859 894 896 950 966 837 778 776 607 577 536 589 836 818 1076 1060 1073 829 828 587 409 578 545 525 556 703 501 424 531 600 738 847 393 478 701 647 410 415 278 425 435 303 214 460 241
757 344 262 414 652 595 628 559 299 223 287 127 244 126 393 460 465 279 528 311 478 682 675 786 777 739 778 776 836 873 821 864 913 738 751 748 772 1003 1084 1323 1150 1211 926 880 509 368 419 528 564 380 692 337 529 533 582 668 852 544 482 575 733 526 548 416 749 582 475 262 528 370
637 494 386 439 497 354 367 481 196 229 273 222 319 247 224 308 266 187 364 527 585 832 709 724 716 697 702 706 714 722 665 695 747 590 625 580 519 652 660 848 757 814 684 608 357 314 243 343 280 438 531 272 256 374 364 367 445 341 225 276 371 394 511 326 737 559 418 314 437 553
503 162 278 312 366 266 225 362 68 228 314 153 196 256 159 85 192 91 227 373 572 774 672 689 697 654 683 671 701 720 643 635 673 525 539 488 456 641 720 967 956 1029 877 841 562 442 393 530 544 584 752 296 362 376 381 474 514 333 294 400 368 359 454 233 484 442 413 252 249 344
608 461 270 372 559 414 427 503 200 287 359 186 308 195 310 364 372 236 452 478 584 791 718 757 742 697 716 718 755 784 748 806 877 750 818 826 827 1037 1054 1212 1029 1067 912 841 518 459 418 497 400 391 504 247 484 414 375 486 597 456 318 395 535 382 508 338 686 547 494 271 520 381
518 374 343 248 238 235 163 191 88 250 262 198 337 276 64 154 155 150 126 532 727 1013 910 910 930 855 883 889 949 975 875 838 904 790 862 784 699 788 698 789 722 746 691 644 458 436 435 504 272 555 627 328 315 310 200 377 337 194 174 320 265 179 242 103 280 238 343 184 310 318
661 368 233 301 369 359 351 369 122 171 217 104 196 185 156 237 169 151 284 426 552 781 687 724 726 705 725 733 762 787 734 767 838 682 735 667 569 650 651 784 669 724 612 562 327 312 228 302 240 326 481 222 287 312 291 378 382 261 200 265 376 263 344 201 555 420 311 175 317 368
526 365 345 527 696 405 392 714 236 399 616 344 353 343 386 274 391 229 603 582 707 873 753 772 769 742 748 750 752 775 752 825 869 723 730 748 742 998 1163 1487 1394 1472 1266 1174 742 601 460 574 643 472 535 202 449 374 401 434 555 506 322 369 429 476 688 435 757 673 604 418 486 510
651 392 416 526 521 379 410 688 252 453 423 288 330 458 422 259 371 321 505 445 590 775 591 572 533 517 520 495 483 476 458 502 559 465 543 584 651 927 1063 1326 1280 1397 1269 1154 783 666 521 722 641 604 731 303 392 411 428 456 513 493 342 347 475 508 591 505 884 766 574 364 386 590
443 238 195 263 335 257 224 561 169 404 480 203 268 412 273 188 252 187 341 409 589 734 628 656 683 685 686 668 650 641 598 609 640 514 531 508 520 712 754 978 1009 1052 972 934 692 559 447 564 536 541 536 311 346 232 362 445 370 308 223 293 291 264 423 283 646 644 371 291 286 416
584 263 239 390 453 358 372 654 227 333 355 154 155 339 313 243 244 208 387 285 413 564 480 535 547 557 566 559 560 570 537 576 620 479 521 485 481 625 679 882 883 950 823 785 544 412 333 491 553 501 669 362 333 341 483 451 459 349 280 280 373 376 451 340 826 669 321 272 262 482
518 484 265 299 446 313 367 611 285 467 384 205 380 363 408 439 438 324 432 392 497 670 592 640 632 621 616 594 583 564 529 548 588 502 577 620 748 1027 979 1123 1049 1068 980 896 668 545 537 671 478 537 520 366 421 331 433 502 535 421 299 368 496 359 462 424 876 777 460 312 532 497
378 397 397 424 523 251 284 469 214 316 339 254 370 181 231 361 330 147 360 389 410 658 580 629 640 598 598 626 654 677 595 605 623 509 559 568 632 896 923 1199 1160 1212 986 868 538 361 425 498 471 481 545 279 171 358 367 264 491 290 213 283 302 397 463 321 639 467 342 264 420 466
575 253 370 559 648 385 373 566 182 217 381 231 131 185 199 179 163 109 389 378 474 688 631 694 716 674 704 747 812 886 824 877 933 764 810 723 605 680 781 1017 958 1043 806 749 426 298 267 389 587 455 757 296 305 437 436 319 489 315 277 281 317 434 489 254 613 374 336 267 254 445
972 696 842 827 694 562 540 496 352 348 282 448 414 428 265 354 284 359 328 683 754 1099 984 968 955 863 910 945 1056 1131 1022 1014 1111 981 1125 985 804 759 679 717 631 709 608 558 406 427 475 629 555 917 1300 712 515 837 624 556 692 487 502 523 543 667 593 400 741 402 557 456 456 746
674 417 418 496 485 332 328 442 133 272 271 213 186 281 182 164 142 185 269 455 554 794 677 672 659 603 632 652 714 770 716 756 852 742 879 804 697 751 742 815 711 785 705 643 426 420 351 492 441 574 818 357 402 480 363 366 429 332 277 287 377 382 419 249 624 398 406 248 282 457
462 394 498 481 478 168 230 481 165 464 312 258 267 352 265 249 253 196 203 307 329 533 440 444 430 377 391 406 446 480 400 394 444 396 568 549 632 851 807 915 934 996 911 818 662 533 595 776 725 875 1033 531 405 578 534 403 571 375 373 393 419 506 500 372 791 576 432 319 321 529
1146 540 914 772 573 587 586 458 404 352 192 453 503 590 355 318 381 443 316 658 929 1294 1131 1130 1100 1043 1087 1059 1106 1099 945 828 855 664 656 512 413 498 530 763 806 950 782 706 545 468 507 814 707 1073 1483 731 402 783 732 764 807 527 620 747 703 816 679 578 808 667 735 569 498 935
1102 561 844 843 671 535 545 622 375 431 274 443 328 616 381 210 265 462 352 608 856 1167 1019 1006 968 894 944 934 1012 1049 952 909 997 863 980 838 700 693 675 737 703 832 751 680 550 530 510 870 765 1046 1510 714 556 760 659 649 666 520 560 575 625 726 601 516 893 629 716 521 416 883
889 705 870 725 611 380 437 480 364 425 175 432 492 503 338 364 368 417 266 608 735 1089 956 945 903 820 847 838 897 903 775 696 748 643 758 672 660 781 659 728 692 770 683 571 481 430 541 844 592 1050 1323 700 420 724 617 569 697 474 488 565 590 700 597 524 909 645 687 516 582 894
640 328 355 463 449 319 352 666 260 409 290 183 130 427 325 214 202 279 302 246 390 564 486 531 532 519 537 530 560 580 537 553 618 520 641 583 584 671 631 706 717 778 718 678 542 433 413 655 626 696 943 522 398 425 527 462 451 338 315 286 383 401 381 345 888 655 336 281 237 558
622 190 259 419 508 403 420 629 252 287 247 112 99 276 350 188 291 272 398 163 428 623 572 648 635 588 626 604 665 693 654 674 735 614 678 676 723 917 970 1153 1069 1147 952 900 578 405 433 700 652 521 870 368 444 374 465 523 596 408 342 369 481 400 362 338 737 545 400 205 288 397
1087 449 349 543 616 813 791 778 513 269 312 227 303 403 495 464 453 503 677 467 803 1053 991 1102 1103 1097 1134 1106 1150 1156 1122 1150 1216 996 952 893 793 848 914 1124 973 1057 836 809 460 373 310 510 430 320 690 405 451 384 532 707 637 496 412 463 649 457 428 459 845 678 472 322 502 604
963 470 390 480 546 642 698 780 541 485 316 248 366 504 580 525 511 588 612 345 679 914 863 983 972 960 984 950 981 966 920 904 954 819 853 848 918 1101 1098 1258 1160 1238 1058 967 689 534 561 837 618 510 804 486 446 364 544 671 623 459 436 496 689 461 348 540 935 801 508 315 542 648
806 446 345 291 287 418 467 416 319 416 217 178 373 392 338 430 330 409 345 374 618 882 793 869 865 847 863 855 877 869 791 751 803 697 778 746 786 958 913 1035 967 1042 929 814 605 522 525 680 411 460 621 361 263 289 338 465 405 247 289 395 530 295 204 352 619 564 367 178 413 489
928 620 518 417 359 565 601 443 474 528 301 313 533 469 382 640 411 516 396 488 669 974 918 1013 1039 1016 1033 1060 1112 1128 1022 966 1019 917 1025 954 951 1043 934 1015 974 1034 915 806 645 573 651 714 459 564 743 566 285 447 460 513 477 257 379 483 579 366 207 388 614 512 318 231 480 575
792 716 479 503 517 474 566 668 469 672 481 373 504 498 472 666 409 518 539 518 563 794 717 793 805 802 794 842 864 893 846 874 948 897 1083 1065 1101 1232 1148 1196 1116 1173 1094 937 743 679 660 717 522 491 553 455 312 396 408 333 353 288 307 308 506 363 304 458 844 665 358 275 519 631
894 937 706 774 807 515 659 935 630 807 564 554 606 638 656 724 531 699 738 663 725 991 892 958 933 903 890 929 957 981 952 993 1080 1050 1267 1280 1350 1508 1404 1418 1265 1332 1245 1024 801 730 721 939 640 619 713 498 403 446 443 316 403 424 354 306 574 522 449 653 1144 854 623 456 742 921
1076 964 783 846 899 574 720 859 582 576 342 492 524 532 608 627 510 665 685 697 811 1132 1025 1078 1014 959 968 979 1026 1043 1001 1028 1125 1034 1203 1178 1180 1295 1185 1180 944 1022 908 714 513 500 511 837 518 651 903 495 475 559 505 446 573 529 426 405 706 651 567 676 1215 852 775 518 827 1003
1089 1047 899 873 950 545 672 812 576 566 336 557 616 583 607 599 574 675 628 835 979 1326 1217 1243 1169 1086 1102 1087 1135 1134 1064 1051 1136 1031 1165 1125 1125 1254 1081 1049 810 858 778 610 484 489 547 930 532 880 1094 609 615 669 589 604 729 642 517 560 787 749 713 722 1261 926 965 665 976 1105
811 971 866 973 1172 492 603 986 556 684 595 632 566 540 663 562 621 610 734 790 853 1124 1064 1089 1028 911 931 944 1028 1081 1042 1094 1191 1137 1331 1347 1397 1594 1465 1448 1190 1212 1090 932 704 634 724 1073 828 962 1165 630 821 767 649 569 846 760 567 557 742 797 842 721 1278 881 1003 702 969 980
621 1079 1034 1213 1503 603 668 1255 715 1039 1116 942 813 688 860 757 876 709 1005 981 937 1151 1132 1146 1121 962 981 1040 1162 1274 1247 1350 1446 1459 1713 1796 1911 2207 2130 2177 1937 1928 1751 1590 1223 1056 1198 1413 1308 1225 1331 829 1142 1028 836 663 1103 1005 770 741 811 976 1108 860 1305 913 1160 891 1124 968
450 968 1034 1142 1335 486 486 1178 646 1081 1187 976 851 783 773 625 815 634 881 1002 981 1185 1129 1100 1098 937 951 1001 1109 1208 1164 1233 1312 1341 1576 1653 1771 2076 2000 2091 1966 1950 1826 1694 1346 1154 1277 1462 1350 1371 1376 882 1093 979 793 645 1009 940 714 710 637 900 1074 779 1146 849 1100 896 986 917
463 956 1044 1180 1317 495 461 1195 652 1101 1237 1004 804 826 722 575 712 626 851 1024 1005 1211 1163 1136 1158 996 1015 1086 1215 1340 1296 1373 1469 1500 1764 1792 1827 2016 1912 1945 1844 1823 1735 1623 1316 1151 1254 1415 1346 1370 1407 924 1074 959 757 573 881 852 664 624 522 824 980 691 1061 734 1001 864 877 902
510 847 949 1143 1259 490 443 1170 610 940 1108 900 632 749 621 454 549 556 787 934 963 1180 1147 1147 1180 1034 1059 1134 1269 1400 1358 1439 1541 1527 1759 1730 1673 1744 1639 1654 1552 1539 1442 1353 1078 932 1009 1207 1196 1200 1333 841 936 826 676 476 722 711 545 479 396 712 839 570 997 625 855 770 736 873
576 754 941 1035 1084 460 393 961 478 888 1079 862 649 769 521 397 485 449 637 990 999 1196 1116 1083 1122 1010 1033 1098 1191 1299 1227 1272 1350 1298 1477 1398 1297 1369 1328 1416 1414 1431 1363 1302 1091 981 977 1101 1194 1297 1377 853 896 904 743 578 759 702 619 611 458 767 939 561 896 665 860 800 651 853
637 784 992 1069 1086 528 453 978 498 943 1146 904 711 832 556 471 541 456 651 1041 990 1160 1066 1015 1060 969 988 1054 1128 1232 1157 1204 1272 1213 1385 1297 1190 1266 1254 1373 1426 1450 1397 1362 1173 1071 1040 1100 1277 1414 1468 963 961 1047 888 697 874 791 730 722 545 876 1074 631 970 764 882 874 657 894
608 701 965 922 917 404 333 787 416 873 1042 860 747 822 469 380 486 410 531 1058 1099 1307 1183 1132 1173 1087 1100 1145 1189 1253 1144 1127 1164 1082 1186 1087 998 1126 1126 1309 1400 1440 1379 1310 1136 1021 982 1085 1169 1374 1360 835 787 881 750 642 758 665 643 720 492 795 988 587 812 740 905 843 651 897
621 666 904 904 847 421 345 856 420 894 1046 819 677 871 474 377 440 399 516 984 985 1150 1017 961 1012 961 967 1011 1037 1098 1008 1011 1053 973 1093 982 879 956 957 1119 1265 1307 1294 1258 1131 1027 940 1017 1167 1375 1358 895 771 882 807 651 703 647 633 656 447 770 968 577 899 804 790 820 535 894
895 852 1144 1108 914 568 504 950 538 1089 1154 985 813 1103 593 500 502 562 588 1150 1112 1283 1098 1004 1044 1006 1011 1066 1085 1151 1058 1058 1119 1061 1240 1096 952 969 978 1095 1285 1365 1415 1368 1299 1255 1107 1173 1335 1618 1640 1103 885 1115 974 769 778 762 807 791 603 958 1103 738 1060 948 911 958 576 1099
1021 1020 1335 1209 876 657 565 922 644 1120 1077 1070 957 1203 607 571 564 681 572 1244 1225 1480 1260 1131 1162 1097 1108 1155 1200 1260 1147 1114 1189 1152 1359 1214 1058 1034 965 1029 1216 1293 1383 1336 1289 1284 1191 1265 1252 1752 1807 1262 886 1208 989 821 805 788 832 822 608 993 1056 766 1049 888 928 984 619 1198
721 1015 1181 1145 952 543 470 998 594 1112 1119 1004 886 1044 604 589 593 590 607 1122 991 1196 1023 903 935 855 856 916 973 1053 977 1005 1089 1098 1354 1285 1215 1267 1160 1191 1311 1334 1415 1371 1272 1232 1191 1221 1215 1631 1598 1177 933 1151 933 707 810 805 741 689 515 907 1049 710 1102 854 849 916 647 1047
864 882 1050 999 718 542 490 939 526 1086 1049 895 819 1117 592 540 506 571 564 1060 970 1131 888 762 787 784 769 806 787 819 755 771 838 812 1016 927 846 902 901 1015 1224 1309 1423 1370 1292 1275 1072 1093 1148 1507 1437 1057 759 1017 900 709 654 715 706 652 533 862 1008 736 1127 1013 775 861 496 1062
564 514 642 529 353 288 246 491 213 780 693 498 546 717 325 334 327 302 240 651 636 792 610 523 544 517 520 543 550 582 502 490 551 539 741 694 706 872 858 970 1125 1191 1257 1210 1100 1048 947 938 911 1188 1148 766 603 769 638 589 567 484 526 564 454 556 651 434 690 669 510 478 283 568
481 434 706 643 567 424 320 527 284 710 743 547 581 598 368 340 491 309 344 617 687 884 774 713 739 632 670 692 782 855 755 741 797 775 939 936 982 1224 1244 1435 1515 1561 1476 1463 1183 1032 1098 1105 1100 1262 1380 848 809 926 738 754 906 664 662 754 551 670 734 437 551 484 611 503 381 441
614 246 416 403 278 291 257 453 192 541 411 249 200 530 233 161 135 262 141 302 480 658 579 595 629 588 623 641 706 761 679 651 726 673 853 752 713 759 701 736 832 896 893 877 790 698 695 833 808 918 1158 669 496 545 528 518 442 279 398 422 374 352 283 234 542 436 283 233 90 400
463 141 106 116 165 256 232 300 55 355 349 55 165 269 157 223 169 97 146 227 345 475 417 462 500 498 517 528 547 576 510 515 562 463 556 505 513 675 686 834 878 922 852 845 672 571 525 520 557 548 636 388 389 382 425 497 455 248 307 396 399 231 294 164 442 444 182 115 133 170
715 256 253 375 415 410 394 557 228 455 456 182 89 413 258 255 113 246 263 307 461 593 592 684 740 734 769 809 871 945 888 912 993 875 1013 863 733 680 625 629 650 691 645 659 594 530 487 578 709 645 917 573 524 482 555 524 433 263 385 388 433 305 291 203 621 476 221 218 154 372
703 307 345 382 380 380 306 443 150 407 555 293 258 468 174 197 113 164 246 602 733 891 806 834 895 899 921 950 965 1010 930 934 989 820 863 688 483 442 454 580 647 699 668 682 593 572 418 437 593 689 792 489 449 472 495 525 394 282 357 428 364 344 479 214 518 505 351 357 218 463
436 264 324 290 409 180 162 291 92 296 397 224 254 230 83 198 123 57 147 460 567 781 761 835 892 853 874 914 954 999 880 845 866 709 740 607 514 598 554 714 739 762 624 579 459 346 380 442 522 605 688 365 279 361 383 352 409 167 247 379 285 291 381 146 407 355 311 272 307 390
503 474 331 281 341 195 189 310 123 319 267 188 289 266 131 236 168 181 159 478 586 836 769 791 803 741 760 775 829 861 782 773 849 759 888 818 768 850 694 693 598 599 576 517 409 395 417 517 299 567 624 368 365 339 265 344 345 215 185 276 308 208 272 157 505 368 346 211 380 389
530 307 195 166 375 288 307 239 110 276 282 101 270 128 188 326 280 165 236 361 531 749 742 831 846 789 820 835 891 927 837 822 870 747 814 773 790 999 958 1083 959 981 817 748 528 433 497 557 450 436 558 270 425 365 339 483 567 287 318 486 538 272 315 203 406 380 385 158 440 228
542 225 270 311 488 310 317 358 165 373 379 170 175 202 219 246 212 210 255 293 519 728 763 874 906 821 871 911 1020 1104 1012 1001 1068 970 1095 1019 999 1130 1087 1160 1058 1092 912 848 633 498 604 733 710 563 844 386 515 428 391 456 556 268 366 481 498 295 248 176 371 274 366 153 331 231
516 235 231 278 479 263 258 401 110 343 404 163 175 250 227 176 222 169 253 374 590 762 756 830 849 785 824 832 895 944 870 868 926 805 883 814 790 943 915 1008 921 945 820 784 601 494 516 672 653 615 794 361 569 411 417 533 574 350 365 487 499 325 400 221 506 451 472 257 379 300
548 246 221 159 347 321 278 272 114 295 371 152 322 262 212 255 330 165 221 455 696 886 859 921 946 897 932 912 944 952 851 806 831 674 662 602 601 813 792 972 927 939 809 804 618 509 538 621 548 642 720 395 551 431 464 698 689 401 416 630 575 346 466 247 437 509 498 297 453 286
542 183 180 94 149 339 284 231 133 279 264 72 280 273 157 295 273 138 120 290 480 668 635 700 748 734 762 747 773 774 665 607 623 475 478 405 411 574 533 715 774 792 688 716 579 457 510 523 483 633 732 504 397 427 515 673 614 295 374 550 476 286 327 188 417 458 235 186 257 238
416 248 292 252 336 188 190 448 151 429 360 172 250 380 258 221 285 173 164 286 427 579 534 574 594 564 582 561 578 579 494 455 477 383 453 415 496 712 642 771 836 849 790 780 681 525 584 744 694 856 930 562 496 470 569 608 619 380 389 493 443 393 464 305 702 646 402 322 324 414
805 355 515 303 173 416 332 254 231 445 284 265 442 582 254 246 339 346 94 501 811 1065 957 946 959 900 947 899 948 938 805 687 730 620 674 575 558 679 578 665 743 786 789 815 758 700 751 902 659 1081 1263 779 620 654 623 886 732 453 557 752 624 463 422 327 490 546 522 369 342 473
559 504 764 409 346 366 268 391 439 798 644 585 838 798 422 470 635 487 216 705 998 1268 1207 1214 1266 1170 1200 1162 1210 1186 1000 811 790 726 751 706 841 1128 961 1135 1320 1303 1262 1252 1189 974 1202 1332 1016 1470 1430 1027 725 751 769 981 925 563 684 971 636 597 591 489 523 682 716 616 625 640
499 271 493 323 302 358 223 380 294 578 556 395 543 605 311 225 444 360 228 539 918 1163 1102 1116 1161 1054 1101 1065 1144 1154 1021 904 928 849 880 844 902 1129 1051 1224 1299 1305 1229 1234 1030 843 971 1121 861 1088 1180 731 677 532 526 813 728 460 502 731 482 384 399 295 326 442 572 394 406 377
677 228 284 298 341 521 423 501 248 343 488 255 449 460 356 268 461 281 461 553 866 1055 910 919 932 921 942 884 867 831 767 743 755 570 471 471 480 753 913 1299 1314 1392 1224 1213 826 679 555 641 577 591 649 355 470 378 478 764 673 524 422 597 542 433 594 408 555 688 562 383 413 420
744 261 94 222 338 605 561 674 323 594 614 174 313 531 516 439 480 421 530 350 611 678 620 682 707 722 746 715 722 730 725 770 838 742 813 831 891 1107 1177 1337 1310 1354 1291 1310 1028 916 787 817 779 578 682 510 756 467 600 857 694 566 535 613 717 356 448 416 712 784 428 265 352 258
630 280 63 119 309 512 475 535 278 592 606 151 326 442 435 487 453 357 410 340 550 621 630 723 773 773 800 791 817 842 805 826 884 797 887 875 937 1134 1105 1194 1170 1165 1114 1145 962 850 819 790 750 611 659 557 768 484 601 837 708 489 527 652 705 293 385 323 597 681 361 233 390 176
325 181 94 164 356 261 234 596 209 643 662 198 254 449 380 299 352 265 337 265 461 525 534 612 665 636 656 655 689 724 686 701 749 706 830 839 953 1192 1147 1240 1265 1252 1203 1199 1014 827 839 909 878 722 730 517 686 375 502 621 562 394 398 486 463 240 348 266 585 620 355 242 307 198
442 179 187 252 404 266 283 413 164 318 265 85 146 176 247 211 256 208 275 158 401 609 604 697 705 628 667 672 758 806 740 738 798 717 826 828 907 1135 1114 1240 1134 1174 989 915 623 450 554 734 608 477 726 308 423 310 329 422 523 280 277 369 431 251 207 203 466 347 325 96 300 212
459 196 179 250 344 318 284 419 156 232 228 74 176 194 224 171 276 188 286 220 470 690 634 684 684 615 652 631 700 725 671 678 739 635 698 714 765 984 983 1152 1049 1087 927 889 559 417 467 624 461 453 665 301 409 298 314 476 527 333 244 336 379 243 262 199 479 366 325 120 283 223
691 333 271 164 228 333 342 155 149 218 111 74 281 188 140 321 227 210 137 343 562 837 802 883 897 851 886 888 944 959 844 783 829 689 741 657 634 764 678 778 701 741 610 553 405 344 422 512 322 475 662 358 301 358 343 505 500 206 296 471 512 255 201 182 382 344 302 123 365 308
523 146 59 83 288 368 347 355 152 430 484 94 234 273 268 353 303 194 277 279 486 600 622 735 791 777 808 821 857 894 821 815 851 731 785 733 758 952 957 1111 1101 1118 986 982 786 643 653 644 686 513 609 403 551 389 484 645 604 322 417 573 575 249 314 210 408 488 289 159 305 133
466 345 210 278 445 371 335 406 180 471 518 191 243 237 234 376 271 207 281 350 431 586 620 696 749 679 719 774 881 980 920 963 1054 997 1185 1134 1108 1204 1104 1102 1006 991 905 901 717 640 712 665 659 591 740 511 659 542 461 521 591 346 392 466 483 253 295 149 408 287 258 151 317 127
493 229 172 132 188 259 247 204 76 222 163 28 196 152 107 247 186 108 114 232 374 593 546 602 623 586 613 620 669 695 607 587 636 525 606 560 569 730 679 803 767 800 687 656 467 379 429 468 365 467 611 344 302 350 343 444 468 210 247 368 391 213 216 133 390 323 191 74 227 194
