45114 34798 32254 32351 31403 29422 27773 26100 22081 22160 21984 22012 21693 21615 22132 23275 24064 24490 25093 25671 26081 26543 26995 27450 27856 27987 28241 28709 24899 22165 22223 20915 20875 20870 20896 20866 20874 17503 15783 14809 15030 14369 14476 14546 14378 14146 14416 14238 14356 14590 14554 14478 14831 14930 14759 15145 15133 15164 15373 15531 15576 15799 15583 16058 16136 16256 16302 16607 16751 16856
44912 34631 32102 32215 30990 28990 27336 25609 21629 21682 21597 21550 21177 21311 22087 22814 23271 23893 24505 24985 25502 25993 26375 26832 27179 27432 27707 27837 24163 21525 21526 20240 20371 20410 20519 20486 20553 17174 15492 14511 14634 13972 14042 14192 13993 13846 14154 13994 14022 14252 14128 14264 14588 14413 14560 14859 14821 15037 15066 15123 15423 15405 15473 15944 16047 16028 16261 16539 16677 16730
44485 34334 31956 31926 30683 28684 27047 25291 21329 21311 21226 21262 20826 21021 21436 21962 22538 23175 23716 24264 24810 25288 25698 26199 26646 27011 27133 27072 23602 21036 21071 19723 19804 19959 20041 20089 20068 16758 15287 14300 14409 13665 13985 13920 13698 13883 13789 13744 13767 13807 14057 13994 14154 14394 14544 14592 14987 14948 14843 14903 15005 15127 15374 15632 15690 15854 16011 16187 16440 16704
44011 34089 31653 31836 30333 28511 26912 25209 21177 21310 21037 21263 20683 20743 21212 21832 22396 22896 23514 24076 24597 25083 25524 25979 26399 26727 26616 26563 23232 20728 20900 19498 19570 19593 19613 19611 19697 16470 15123 14236 14255 13566 13660 13785 13608 13601 13612 13625 13593 13769 13881 13862 14071 14368 14417 14656 14678 14619 14764 14858 15115 15198 15237 15434 15654 15769 15906 16109 16403 16627
43571 33753 31392 31572 29985 28171 26669 25062 21023 21009 20879 20917 20573 20712 21175 21782 22277 22971 23585 24101 24652 25112 25466 25937 26392 26310 26137 25974 22787 20248 20300 18873 18971 19018 19048 19223 19142 16112 14831 13990 14122 13389 13552 13531 13354 13398 13541 13499 13483 13632 13667 13791 14151 14182 14319 14413 14490 14612 14830 14846 15014 15031 15236 15515 15616 15684 15924 16226 16410 16421
43112 33498 31244 31327 29720 28035 26590 24948 20834 20824 20701 21055 20396 20325 20731 21342 21905 22479 23079 23634 24163 24671 25137 25671 25783 25677 25636 25526 22445 19876 20026 18466 18457 18431 18617 18633 18521 15664 14591 13902 13877 13174 13400 13359 13191 13470 13354 13324 13256 13350 13624 13810 13986 14318 14250 14280 14344 14615 14671 14736 14832 14987 15075 15245 15433 15556 15792 15988 16160 16267
42786 33262 31023 30961 29482 27799 26428 24819 20676 20630 20691 20817 20194 20316 20993 21766 22380 22709 23358 23997 24399 24876 25180 25304 25231 25166 25140 24974 21990 19429 19459 17949 17969 18132 18136 18045 18016 15393 14271 13731 13641 12991 13214 13053 12978 13197 13155 13136 13142 13346 13539 13727 13889 14069 13957 14031 14277 14428 14569 14659 14828 14984 15167 15423 15646 15792 15991 16201 16509 16701
42358 33070 30827 30702 29190 27623 26367 24757 20551 20660 20597 20701 20046 20377 20947 21589 21868 22508 23223 23643 24157 24516 24563 24564 24513 24567 24553 24384 21512 19015 19129 17644 17782 17786 17762 17653 17726 15172 14122 13687 13506 12917 12991 12898 12955 12958 13061 13012 13279 13622 13768 13660 13872 13883 13840 14036 14196 14394 14597 14683 14859 15026 15289 15690 15979 16124 16324 16489 16875 17188
41597 32529 30409 30093 28647 27305 26113 24575 20304 20319 20350 20412 19902 20122 20658 21049 21541 22193 22708 23232 23686 24010 23885 23936 24041 24224 24048 23890 21124 18496 18525 17012 17060 17000 17031 16937 16907 14578 13779 13414 13138 12607 12738 12612 12762 12951 12840 12981 13157 13361 13487 13450 13565 13561 13705 13806 14113 14355 14520 14513 14801 14912 15349 15570 15813 15896 16033 16329 16700 16903
40798 31950 29937 29520 28096 26860 25791 24400 20074 20076 20035 20323 19754 19960 20327 20804 21339 21776 22359 22843 23214 23221 23165 23329 23543 23727 23428 23355 20734 18122 18222 16660 16598 16516 16520 16422 16332 14165 13572 13171 12955 12399 12437 12547 12647 12697 12836 12932 13103 13214 13397 13304 13317 13553 13653 13941 14259 14370 14402 14489 14652 14863 15121 15373 15572 15687 15833 16058 16450 16842
40056 31577 29529 28925 27450 26410 25536 24198 19854 19823 19906 20143 19577 19609 20015 20522 20879 21402 21992 22437 22532 22524 22616 22809 22998 23323 22721 22648 20171 17505 17520 16125 16130 16091 16213 16036 15892 13858 13337 12969 12685 12238 12320 12496 12462 12505 12837 12795 12896 13138 13257 13126 13245 13413 13571 13853 14136 14234 14372 14497 14776 15046 15404 15758 16013 16193 16311 16582 17024 17409
39331 31216 29120 28477 26870 25986 25249 23953 19673 19614 19806 19919 19398 19232 19667 20002 20484 21053 21591 21749 21801 21912 22005 22211 22574 22921 22019 21903 19587 16952 16950 15731 15736 15886 15870 15766 15572 13628 13186 12798 12500 12154 12294 12396 12328 12567 12766 12646 12915 13092 13168 12958 13160 13424 13544 13701 14032 14336 14513 14733 14924 15141 15451 16002 16273 16162 16371 16840 17322 17523
38706 30958 28854 28077 26373 25652 25027 23723 19426 19515 19709 19640 19146 18742 18973 19434 19851 20306 20560 20684 20882 21088 21268 21626 22045 22310 21346 21421 19199 16589 16597 15487 15616 15569 15466 15401 15155 13288 13047 12715 12288 11968 12220 12252 12448 12517 12474 12551 12751 12879 13057 12876 13360 13817 13969 14115 14507 14656 14657 14932 15121 15250 15510 16068 15979 16186 16430 16842 17130 17434
38293 30638 28544 27863 26007 25438 24690 23431 19223 19396 19466 19489 18952 18402 18723 19157 19517 19710 19872 20099 20386 20654 20992 21471 21877 22215 20986 21184 18942 16346 16327 15190 15344 15149 15014 14966 14635 12956 12885 12558 12024 11754 11891 12233 12380 12280 12539 12703 12593 12761 12791 13064 13608 13768 13862 14077 14312 14467 14643 14813 15225 15320 15541 15780 16069 16333 16634 16927 17237 17446
37747 30202 28161 27517 25641 25159 24370 23151 19089 19200 19226 19321 18816 18151 18415 18881 19074 19269 19553 19846 20165 20530 20933 21451 21901 22158 20590 20789 18449 15819 15711 14579 14759 14476 14423 14554 14043 12584 12580 12280 11751 11582 11997 12139 12060 12592 12525 12776 12477 12581 12842 13085 13389 13597 13658 13829 14236 14443 14615 14743 15070 15209 15467 15780 16083 16399 16677 16884 17135 17386
37304 29688 27635 27154 25390 24791 23910 22770 18828 18864 18843 18903 18484 17996 18320 18642 18934 19331 19742 20123 20511 20852 21054 21412 21704 22006 20108 20159 17843 15317 15093 13971 14091 13711 13654 13694 13300 12134 12016 11852 11411 11309 11546 11645 11812 12191 12321 12513 12350 12456 12575 12737 12916 13167 13349 13557 13883 14132 14340 14463 14794 14983 15288 15553 15902 16151 16451 16737 17108 17312
36824 29336 27337 26822 25163 24586 23759 22652 18747 18742 18714 18660 18406 17878 18077 18473 18845 19260 19693 20071 20427 20669 20956 21290 21604 21863 19723 19756 17453 14924 14604 13530 13681 13135 13065 13047 12705 11784 11696 11680 11270 11215 11446 11719 11899 12257 12441 12449 12298 12396 12501 12609 12985 13328 13509 13730 14117 14342 14520 14789 15195 15358 15737 16222 16231 16376 16585 16979 17362 17648
36382 28973 27006 26528 24854 24253 23390 22336 18608 18488 18433 18700 18314 17770 18080 18518 19059 19348 19671 20064 20347 20743 21273 21961 22597 21583 19472 19418 17212 14656 14224 13107 13245 12554 12414 12466 12057 11361 11428 11640 11068 11076 11466 11819 11968 12292 12287 12306 12179 12304 12573 12933 13566 13885 14121 14395 14487 14519 14856 15093 15295 15630 15716 15940 16140 16623 16958 17228 17533 17890
35877 28342 26361 25996 24379 23455 22617 21871 18187 17888 17905 18195 17822 17513 17883 18326 18801 19203 19556 19911 20225 20606 21101 21763 22344 20845 18632 18361 16411 14153 13586 12496 12670 11932 11790 11826 11537 10972 11032 11040 10683 10706 11126 11535 11445 11815 11816 11974 12012 12102 12398 12912 13063 13566 13825 13825 14083 14426 14759 14712 15110 15148 15450 15672 16241 16522 16754 16978 17426 17482
35203 27671 25740 25402 23992 22776 22012 21484 17931 17474 17535 17726 17493 17354 17732 18236 18769 19238 19682 20142 20548 20996 21494 22102 21723 20235 17971 17548 15713 13621 12912 11851 11864 11203 11079 11039 10896 10528 10515 10497 10429 10573 11066 11046 11014 11605 11462 11872 11902 12087 12448 12469 12949 13373 13374 13447 14059 14401 14434 14479 14648 14833 15305 15834 16041 16300 16481 16781 17033 17411
34805 27239 25279 25071 23740 22295 21465 21127 17685 17110 17245 17351 17171 17243 17695 18310 19057 19801 20541 21208 21801 22364 21586 21711 21111 19687 17494 16975 15311 13415 12591 11511 11330 10648 10433 10301 10298 10122 10124 10195 10315 10365 10522 10729 10847 11179 11509 11745 11950 12073 12166 12367 12688 12990 13160 13452 13953 14087 14119 14198 14515 14835 15256 15611 15911 16114 16249 16566 17037 17401
34079 26851 24838 24626 23232 21807 21105 20816 17547 16928 16985 17176 16984 17030 17580 18498 19299 19945 20619 21403 22133 22245 20989 21081 20384 18969 16842 16262 14731 12898 12045 11130 10928 10307 10092 9993 10003 9919 9976 10211 10364 10527 10665 10834 11061 11283 11539 11759 11929 12156 12271 12472 12920 13177 13305 13563 13870 13984 14044 14156 14616 15005 15384 15728 16091 16331 16592 17046 17546 17836
33450 26427 24553 24174 22867 21355 20738 20524 17395 16646 16780 17111 16755 16738 17436 18278 18917 19604 20441 21239 21446 21384 20143 20303 19559 18251 16193 15545 14204 12432 11543 10651 10347 9859 9722 9691 9672 9831 9966 10264 10551 10758 11086 11387 11680 12061 12547 12960 13208 13453 13614 13967 14405 14795 14897 15204 15565 15815 15871 15988 16473 17120 17490 17751 18208 18464 18671 18975 19636 20073
32588 25911 24058 23581 22218 20723 20289 20143 16993 16279 16464 16602 16175 16053 16680 17283 17999 18856 19725 20019 20003 19952 18682 18822 18024 16870 14930 14261 13174 11650 10861 10197 9928 9574 9539 9532 9655 9861 9960 10299 10457 10730 11016 11334 11632 11997 12532 12785 13089 13294 13466 13820 14323 14581 14727 15030 15396 15575 15753 16056 16555 16998 17311 17709 18062 18248 18442 19021 19598 19929
31713 25367 23577 23008 21544 19954 19688 19624 16565 15893 15991 16199 15566 15389 15792 16362 17204 18069 18420 18523 18665 18502 17189 17230 16462 15492 13733 13105 12285 11028 10362 9852 9617 9403 9449 9589 9750 9914 10003 10217 10383 10647 11074 11316 11523 11999 12364 12618 12929 13196 13418 13724 14104 14487 14646 14913 15202 15534 15730 16018 16368 16748 17117 17591 17876 18110 18317 18823 19386 19735
31128 24993 23242 22647 21044 19387 19268 19260 16224 15661 15782 16015 15108 14958 15350 16000 16829 17158 17302 17532 17571 17397 16052 15976 15228 14423 12791 12215 11593 10577 9998 9620 9450 9318 9457 9637 9829 10019 10247 10606 10937 11337 11977 12473 12847 13499 13918 14181 14540 14907 15243 15738 16196 16770 16933 17321 17674 18264 18642 19146 19646 20142 20480 21146 21495 21866 22179 22772 23340 23740
30514 24526 22740 22292 20416 18706 18646 18634 15712 15285 15502 15659 14421 14513 14935 15536 15875 16009 16255 16379 16370 16219 14795 14581 13829 13230 11701 11088 10665 9939 9499 9277 9221 9370 9617 9890 10272 10597 10816 11066 11320 11647 12209 12539 12797 13343 13783 14098 14564 14928 15218 15592 16116 16581 16806 17143 17667 18243 18592 19096 19599 20009 20559 21293 21698 22073 22390 23061 23765 24292
29694 24009 22204 21919 19735 18173 18169 18096 15292 15062 15369 15416 13916 14090 14565 15250 14737 14917 15107 15142 15201 15072 13660 13373 12626 12173 10825 10303 9976 9402 9135 9060 9212 9486 9862 10299 10848 11318 11577 11889 12108 12498 13167 13530 13825 14497 14876 15298 15811 16052 16321 16686 17343 17914 18121 18323 18866 19437 19683 20175 20627 21019 21695 22480 22970 23470 23926 24866 25794 26469
28691 23325 21554 21436 19070 17595 17601 17532 14890 14811 15096 15274 13402 13545 14171 14999 13563 13673 13772 13881 14052 13830 12454 12119 11409 11096 10029 9679 9433 9017 8920 8996 9272 9667 10162 10733 11289 11758 11998 12241 12375 12682 13369 13699 13914 14573 14853 15337 15694 15970 16323 16643 17347 17859 18083 18188 18785 19321 19649 20035 20560 20975 21627 22384 23011 23510 24004 24886 25746 26369
27919 22786 21070 21064 18697 17156 17166 17167 14607 14609 14951 15300 12979 13092 13862 14657 12438 12521 12677 12890 13048 12689 11345 10946 10303 10118 9347 9143 9006 8815 8997 9185 9619 10224 10960 11791 12514 13107 13478 13757 13965 14308 15090 15512 15744 16502 16799 17370 17728 18055 18535 18853 19573 20187 20520 20646 21294 21846 22236 22622 23080 23460 24049 24782 25429 25924 26460 27319 28106 28724
27277 22326 20642 20742 18433 16741 16862 17108 14333 14481 14882 14876 12575 12781 13534 13708 11409 11565 11823 12035 12217 11676 10388 9936 9328 9227 8756 8684 8668 8866 9221 9735 10609 11640 12742 13891 15021 15881 16455 16822 17165 17584 18286 18717 19079 19704 19952 20515 20884 21353 21859 22154 23016 23595 23975 24179 24863 25392 25789 26233 26885 27260 27891 28677 29427 29988 30222 30749 31131 30981
26552 21745 20216 20384 18196 16442 16722 17043 14102 14389 14704 14540 12293 12538 12591 12827 10570 10811 11087 11282 11323 10796 9668 9251 8752 8704 8496 8510 8637 9191 9959 11061 12593 14229 15876 17548 19324 20653 21664 22363 23124 23898 24807 25535 26169 26256 25783 26082 25850 26093 26242 25955 26662 26935 27367 27644 28032 28239 28409 29055 29472 28444 28719 29204 29522 29547 29796 30340 30463 30349
25585 20801 19555 19757 17731 16051 16304 16357 13643 13982 14205 14084 11879 12032 11622 11815 9788 9999 10269 10258 10289 9859 9002 8723 8397 8415 8372 8440 8678 9340 10300 11554 13163 14816 16471 18185 19989 21219 22014 22656 23402 24107 24835 25391 25510 25767 25370 25615 25242 25455 25624 25444 26088 26674 27072 27102 27439 27751 28266 28413 28771 27887 28134 28521 28719 28764 29103 29545 29553 29540
24575 19800 18782 18782 17145 15575 15817 15610 13173 13510 13614 13507 11497 11466 10890 11087 9264 9438 9633 9486 9526 9181 8572 8418 8203 8253 8256 8451 8827 9646 10765 12120 13780 15429 16876 18360 19922 20924 21882 22579 23334 23960 24583 24681 24944 25214 24943 25176 24640 24814 24923 24989 25718 26268 26406 26430 26919 27590 27649 27797 28505 27362 27575 27804 28000 28129 28457 28822 28762 28773
23475 18739 17907 17755 16497 15059 15261 14805 12714 13047 12933 12898 11097 10940 10249 10370 8835 8949 9054 8865 8892 8640 8236 8178 8054 8104 8178 8558 9030 9876 10993 12256 13787 15261 16655 18136 19674 20724 21754 22503 23210 23747 23827 24070 24307 24628 24461 24672 24042 24159 24362 24598 25246 25529 25611 25788 26696 26934 27012 27478 27810 26791 26954 27094 27363 27494 27806 28140 28001 28089
22374 17753 17047 16794 15878 14563 14673 14072 12360 12673 12318 12430 10736 10465 9580 9519 8377 8441 8496 8324 8350 8175 7913 7896 7858 7965 8233 8713 9273 10192 11445 12802 14369 15896 17384 18932 20503 21584 22681 23469 23917 23137 23278 23521 23787 23982 23988 24220 23528 23737 23974 24172 24555 24792 24978 25536 26119 26386 26814 26855 27078 26235 26423 26559 26821 26968 27278 27315 27368 27881
21397 16824 16185 15839 15191 14002 13997 13406 11944 12238 11786 11907 10416 10071 9125 8945 8101 8135 8157 8031 8062 7938 7783 7778 7800 7988 8334 8921 9584 10619 11913 13262 14798 16280 17722 19235 20768 21791 22778 23139 23548 22528 22698 22989 23148 23460 23598 23620 23050 23285 23524 23657 23865 24122 24649 25064 25646 26133 26209 26221 26664 25755 25968 26114 26339 26515 26660 26751 27186 27323
20391 15860 15238 14842 14384 13376 13273 12680 11433 11734 11200 11431 10057 9639 8706 8438 7865 7849 7871 7792 7786 7742 7689 7722 7844 8044 8420 9014 9628 10534 11812 13165 14669 16131 17602 19118 20641 21586 22285 22664 22938 21879 22081 22297 22598 22973 23053 22979 22512 22750 22950 22985 23165 23721 24074 24544 25336 25426 25499 25770 26232 25238 25437 25596 25823 25862 26131 26556 26587 26857
19503 14961 14356 13870 13604 12691 12536 12039 10932 11172 10688 10913 9704 9248 8350 8028 7620 7572 7601 7548 7570 7588 7607 7735 7917 8223 8716 9427 10162 11179 12525 13830 15212 16550 17899 19280 20514 21201 21834 22266 22107 21226 21411 21779 22100 22478 22565 22403 22017 22174 22342 22378 22740 23174 23610 24339 24719 24794 25122 25497 25574 24818 25034 25227 25289 25453 26051 26002 26130 26517
18493 14067 13389 12873 12686 11958 11813 11385 10433 10610 10165 10415 9365 8844 8001 7681 7398 7329 7349 7380 7466 7524 7612 7778 8029 8442 9098 9971 10909 11985 13151 14359 15595 16838 18118 19122 20231 20787 21468 21636 21312 20669 20931 21353 21643 22021 21930 21854 21499 21637 21739 22064 22254 22737 23379 23665 24083 24421 25036 24877 24978 24376 24679 24715 24900 25554 25752 25548 25778 26007
17305 12952 12178 11742 11588 11014 10916 10584 9780 9923 9520 9807 8906 8400 7733 7483 7255 7196 7281 7357 7453 7556 7719 7987 8379 8837 9428 10130 10812 11673 12955 14131 15407 16643 17576 18698 19694 20235 20958 20653 20424 20005 20377 20762 20930 21378 21176 21163 20898 20935 21228 21525 21707 22373 22576 22902 23553 24156 24242 24106 24162 23787 24034 24151 24811 25022 25132 24991 25126 25284
16124 11768 10858 10588 10502 10012 9910 9715 9061 9212 8783 8890 8311 7976 7512 7331 7149 7244 7426 7569 7756 7897 7977 8078 8280 8657 9142 9789 10512 11521 12796 14032 15317 16194 17134 18227 19229 19693 20004 19615 19531 19303 19648 20002 20014 20404 20458 20376 20289 20370 20590 20926 21138 21463 21779 22243 23084 23395 23259 23256 23363 23090 23394 23976 24183 24307 24516 24362 24451 24802
15007 10729 9711 9559 9677 9300 9106 8931 8473 8486 8115 8319 7872 7558 7255 7102 7167 7352 7628 7847 8079 8274 8480 8763 9128 9624 10192 10824 11482 12263 13217 13981 14826 15698 16632 17674 18653 18803 18947 18760 18691 18710 19026 19229 19275 19823 19826 19703 19738 19799 20195 20458 20387 20806 21291 21845 22418 22366 22451 22535 22529 22549 23150 23375 23539 23753 23711 23795 24057 24262
13759 9681 8490 8504 8542 8407 8316 8234 7837 7860 7502 7717 7443 7091 6989 7021 7178 7380 7655 7888 8119 8308 8471 8690 8999 9405 9949 10576 11194 11962 12919 13793 14635 15465 16393 17381 18342 17921 18004 17953 18199 18184 18393 18594 18785 19335 19162 19143 19220 19483 19758 19972 19910 20439 20948 21325 21472 21633 21900 21855 22018 22271 22649 22834 23064 23082 23339 23288 23440 23442
13011 9021 7796 7953 7799 7930 7813 7764 7413 7662 7174 7376 7199 6902 6911 7350 7647 7944 8286 8628 8992 9319 9566 9824 10049 10294 10714 11364 11960 12796 13912 15158 16510 17136 17203 17355 17522 17270 17423 17681 17940 17824 18092 18338 18642 18751 18856 18886 19045 19303 19545 19659 20156 20532 20727 20921 21117 21395 21394 21539 21961 22125 22319 22632 22681 22953 23101 22960 23026 23238
12394 8258 7175 7230 7354 7622 7166 7146 6937 7011 6699 6926 6850 6718 6992 7405 7914 8357 8776 9154 9476 9783 10172 10697 11244 11801 12461 13296 14032 14593 15280 15824 15917 16012 16117 16296 16461 16530 16973 17220 17263 17455 17645 17924 18030 18419 18488 18721 18716 18968 19123 19556 19806 20054 20149 20522 20838 20832 20971 21197 21641 21803 22041 22100 22414 22504 22454 22620 22920 23060
11716 7726 6654 6789 6971 7049 6658 6719 6675 6665 6403 6571 6616 6707 6956 7573 8102 8615 9189 9613 10001 10311 10629 11123 11651 12110 12670 13261 13808 14373 15030 15180 15460 15591 15766 15948 16209 16486 16765 16960 17243 17392 17576 17669 17855 18057 18415 18508 18722 19063 19233 19459 19622 19792 19955 20355 20545 20702 20885 21094 21388 21613 21822 22110 22262 22246 22352 22495 22782 22918
11246 7482 6416 6477 6657 6734 6440 6538 6436 6549 6260 6424 6523 6495 6913 7368 7851 8412 8916 9352 9726 10072 10485 11005 11510 12021 12525 13180 13708 14290 14573 14948 15166 15326 15581 15802 16225 16530 16970 17329 17456 17493 17491 17757 18064 18445 18879 18850 18958 19125 19227 19706 20013 19924 20236 20856 21351 21279 21302 21512 21880 22115 22264 22113 22138 22309 22389 22512 22744 22991
10524 7081 5976 6057 6165 6183 6064 6182 6267 6317 5996 6332 6212 6290 6542 6996 7604 8175 8711 9143 9538 9888 10266 10772 11306 11748 12226 12794 13359 13575 14148 14460 14776 15086 15384 15790 16210 16592 17010 17138 17352 17317 17462 17814 18130 18314 18509 18662 18761 19088 19336 19593 19603 20032 20413 20842 21081 21023 21197 21329 21680 21869 21877 21853 22085 22216 22313 22291 22649 22949
9842 6667 5457 5492 5658 5757 5864 5969 5978 6201 5822 5963 5999 6050 6409 7017 7615 8204 8755 9232 9650 10000 10338 10750 11156 11484 11883 12487 12638 13036 13576 13993 14388 14701 15133 15576 16158 16465 16755 16919 17092 17110 17395 17768 17868 17976 18366 18462 18660 18999 19105 19305 19659 19958 20156 20529 20688 20805 21055 21351 21584 21572 21690 21935 22007 22098 22223 22372 22559 22839
9502 6446 5186 5281 5429 5557 5656 5791 5871 5866 5665 5808 5837 5977 6479 7116 7708 8359 9032 9632 10200 10595 10599 11057 11595 11870 11908 12129 12478 12834 13300 13675 14069 14499 14997 15563 16067 16365 16650 16728 16892 16999 17358 17576 17661 18069 18269 18464 18613 18813 19029 19211 19482 19810 20006 20220 20559 20871 21080 21268 21439 21550 21682 21956 22152 22257 22434 22684 22913 23075
9151 6299 5015 5223 5397 5621 5797 6038 5774 5817 5592 5689 5808 6005 6456 7214 8008 8715 9216 9662 10071 10140 10548 11061 11362 11506 11720 12216 12634 13048 13558 14102 14690 15245 15825 16343 16884 17299 17565 17720 17898 17881 18190 18251 18478 18711 18996 19176 19383 19822 20098 20318 20734 20979 20938 21109 21224 21395 21579 21848 22189 22383 22516 22830 22721 22723 22817 23027 23220 23208
8917 6154 4999 5203 5385 5717 5799 6083 5554 5715 5458 5555 5725 5770 6218 7029 7669 8185 8698 9155 9291 9792 10278 10655 10956 11232 11679 12277 12737 13243 13931 14750 15642 16281 16684 17018 17388 17558 17624 17620 17605 17806 18042 18265 18603 18823 19099 19356 19513 19961 20165 20543 20891 20783 20823 21137 21310 21462 21593 21921 22408 22542 22457 22518 22597 22582 22660 22904 23049 23038
8537 5803 4850 5153 5321 5427 5644 5691 5337 5488 5233 5428 5562 5626 6059 6755 7265 7841 8352 8538 9099 9615 9940 10367 10799 11231 11661 12189 12648 13207 13963 14744 15553 16020 16428 16751 17085 17209 17270 17265 17465 17721 17982 18198 18485 18740 19058 19316 19517 19957 20209 20273 20432 20565 20667 21052 21293 21401 21576 21784 22193 22203 22195 22309 22556 22362 22457 22645 22821 22857
8121 5537 4721 5059 5094 5424 5438 5442 5176 5293 5093 5392 5463 5406 5834 6441 6982 7535 7809 8428 9007 9405 9791 10297 10836 11315 11801 12479 13003 13467 14096 14698 15235 15666 16070 16396 16696 16857 16996 17147 17550 17826 18101 18354 18662 18935 19346 19596 19876 20142 20110 20003 20310 20430 20746 21204 21425 21591 21850 21896 21965 21990 22072 22290 22293 22207 22318 22444 22600 22729
7809 5353 4608 4754 5045 5259 5206 5251 4890 4927 4925 5184 5282 5102 5440 6017 6555 6849 7548 8201 8651 9116 9573 10140 10703 11176 11761 12441 12862 13280 13911 14452 14944 15341 15742 16077 16376 16596 16879 17123 17506 17727 18031 18395 18640 18956 19459 19606 19620 19728 19713 19952 20083 20474 20751 21238 21410 21645 21654 21680 21740 21947 22008 22340 22078 22068 22188 22319 22500 22659
7468 5192 4383 4555 4789 4882 5219 4907 4559 4684 4698 4925 5111 4815 5152 5604 5945 6651 7364 7898 8400 8853 9310 9838 10398 10944 11474 12106 12581 13107 13806 14423 15038 15602 16204 16726 17238 17608 17952 18206 18516 18683 18924 19217 19400 19547 19901 19417 19335 19420 19652 19810 20099 20453 20711 21103 21499 21394 21399 21473 21639 21863 22022 22137 21958 22074 22187 22427 22720 23008
6995 4957 4107 4335 4432 4919 4969 4590 4353 4440 4516 5219 5291 4591 4908 5250 6014 6650 7261 7857 8365 8911 9527 10291 11125 11950 12857 13906 14766 15523 16489 17328 18075 18636 18668 18764 18650 18428 18609 18782 18973 18928 19162 19251 19256 19593 19513 19212 19078 19399 19712 20209 20517 21063 21301 21412 21285 21214 21242 21359 21717 21856 21777 21769 22111 22200 22500 22765 23106 23077
6551 4560 3696 3939 4199 4452 4556 4182 3942 4189 4420 4837 4981 4417 4561 5341 6205 6978 7777 8579 9246 9896 10577 11345 12203 13007 13816 14840 15588 16398 17023 17579 18038 18049 18101 18157 18153 18076 18294 18535 18582 18683 18748 18872 18847 19106 18984 18794 19032 19305 19866 20201 20465 20895 20801 20909 20866 20846 21026 21321 21380 21485 21462 21843 21922 22290 22501 22881 22855 22949
6002 3955 3063 3445 3482 4005 3624 3376 3270 3797 3809 4329 4270 4023 4585 5460 6314 7101 7904 8688 9375 10041 10708 11458 12214 12926 13728 14717 15514 15832 16388 16936 17169 17190 17221 17304 17427 17485 17741 17767 17979 18105 17953 18102 18117 18261 18205 18443 18619 19133 19588 19871 19781 20045 19944 20078 20180 20424 20612 20783 20889 21059 21224 21542 21901 22055 22346 22495 22485 22785
5420 3371 2584 2901 3231 3536 2952 2804 3084 3385 3440 3821 3749 4039 4871 5668 6741 7720 8868 9857 10672 11333 11927 12669 13055 13626 14186 14711 14959 15230 15776 16072 16355 16452 16502 16691 16970 17085 17123 17359 17558 17561 17465 17474 17505 17647 17983 18217 18605 19076 19349 19328 19237 19330 19285 19631 19972 20208 20354 20353 20517 20925 21235 21528 21753 21920 22065 22146 22492 22890
4709 2857 2130 2515 2919 3224 2559 2643 2874 3129 3097 3363 3532 3962 4603 5630 6586 7678 8734 9616 10316 10971 11627 12038 12668 13176 13674 14171 14462 14879 15312 15657 15866 15957 16180 16457 16684 16800 16980 17084 17174 17272 17069 17082 17282 17548 18023 18270 18579 18857 18967 19086 18956 18876 19099 19649 19891 20043 20177 20258 20614 20965 21215 21401 21641 21686 21825 22032 22570 22836
3779 2336 1716 2091 2528 2580 2208 2382 2724 2735 2731 3067 3370 3536 4308 5190 6196 7209 8208 8974 9708 10433 10767 11421 11973 12497 13046 13472 13845 14265 14815 15197 15404 15664 16045 16199 16354 16590 16794 16717 16894 17019 16878 16910 17245 17432 17947 18046 18255 18715 18626 18724 18689 18821 19124 19732 19753 19859 19960 20129 20385 20750 20963 21158 21352 21455 21581 21891 22416 22695
3055 1984 1435 1809 1996 1976 1891 2243 2321 2417 2522 2891 2988 3321 3880 4830 5763 6742 7630 8438 9260 9675 10273 10829 11422 12003 12423 12906 13244 13740 14294 14690 15058 15451 15730 15818 16107 16343 16480 16379 16625 16642 16656 16885 17136 17295 17729 17712 18045 18280 18268 18358 18591 18866 19130 19505 19556 19613 19730 19899 20235 20617 20695 20975 21195 21275 21492 21881 22349 22640
2297 1578 1122 1338 1418 1535 1765 1999 2017 2241 2434 2689 2923 3129 3808 4751 5626 6478 7406 8316 8851 9540 10068 10673 11283 11726 12165 12578 12875 13289 13768 14239 14764 15070 15280 15458 15831 16020 16028 16181 16312 16525 16659 16796 17045 17223 17446 17597 17721 18001 18049 18240 18713 18840 18955 19216 19393 19510 19570 19772 20236 20382 20603 20899 21104 21269 21502 21964 22275 22367
1876 1265 1005 1242 1192 1454 1674 1867 1966 2198 2409 2755 2909 3137 3745 4661 5467 6403 7360 7958 8708 9290 9850 10577 11172 11685 12025 12463 12894 13298 13696 14140 14588 14849 15086 15402 15714 15833 15964 16117 16296 16461 16639 16804 16994 17233 17415 17563 17705 17925 18086 18247 18583 18845 18982 19210 19418 19591 19673 19773 20082 20365 20557 20839 21117 21276 21530 21889 22193 22318
1427 974 849 935 1168 1525 1791 1828 2075 2311 2487 2704 2975 3029 3672 4554 5452 6381 7028 7826 8450 9081 9754 10427 11039 11460 11858 12463 12874 13199 13662 14058 14426 14714 15035 15348 15611 15809 15987 16149 16367 16585 16999 17267 17457 17848 18083 18296 18390 18683 18912 19128 19304 19595 19553 19752 19943 20176 20208 20471 20767 21026 21173 21404 21440 21561 21721 22010 22279 22368
1212 840 748 1054 1439 1556 1560 1905 2242 2318 2367 2623 2789 3091 3641 4453 5406 6084 6917 7611 8260 8922 9495 10130 10712 11163 11693 12283 12776 13448 14314 15114 15509 15760 16019 16156 16535 16813 16824 16882 17025 17170 17148 17280 17632 17743 18189 18212 18493 18811 18847 18934 19244 19372 19441 19992 19968 20010 20259 20567 20917 21180 21063 21281 21430 21591 21715 22002 22237 22256
713 566 585 892 1047 1245 1468 1869 1915 2138 2204 2415 2690 2871 3348 4235 4871 5724 6516 7241 7997 8622 9195 9824 10397 10894 11380 11994 12606 13379 14258 14766 15162 15449 15730 16027 16378 16446 16642 16571 16821 16899 17022 17278 17535 17646 17980 18109 18213 18557 18558 18861 19126 19183 19421 19775 19833 20038 20217 20457 20810 20835 20923 21216 21458 21510 21699 21838 21985 22016
266 398 512 711 977 1237 1422 1643 1822 2002 2139 2391 2609 2783 3292 4046 4835 5636 6442 7200 7912 8584 9227 9946 10653 11253 11821 12471 12968 13406 13893 14301 14680 14991 15324 15637 15937 16114 16283 16389 16586 16711 16980 17177 17304 17558 17821 17920 18054 18293 18453 18631 18880 19124 19248 19522 19695 19887 20035 20230 20479 20671 20797 21115 21249 21343 21466 21668 21863 21934
