332 279 436 239 162 223 409 670 284 79 322 264 213 246 239 230 393 533 526 575 377 333 245 204 172 224 354 565 595 646 592 546 532 400 345 419 379 271 287 422 421 471 225 302 214 345 508 568 491 416 513 686 621 927 1051 944 630 952 636 996 879 607 485 600 673 551 408 365 292 277
388 224 591 362 141 115 348 631 320 161 341 234 289 255 305 183 583 757 678 711 492 452 393 410 460 503 602 795 973 1033 949 703 746 616 522 797 660 556 574 481 482 580 457 460 226 301 421 422 411 309 404 558 299 663 720 675 552 674 439 756 517 359 221 323 408 244 258 286 216 347
319 45 522 446 170 345 324 462 489 207 215 321 356 245 253 218 406 574 660 698 491 478 502 554 620 766 928 1183 1261 1260 1092 931 840 698 910 898 930 807 653 287 307 354 570 690 176 229 309 374 416 213 407 513 407 657 555 503 430 670 422 623 492 428 419 551 461 301 402 450 491 404
295 128 294 467 209 202 275 667 434 184 206 76 312 283 272 234 414 723 720 745 467 474 441 424 494 597 668 814 944 1007 882 841 678 555 577 676 649 554 446 138 156 150 306 408 24 62 174 262 401 201 213 329 351 615 518 521 368 461 385 805 496 549 454 532 586 497 383 339 409 212
320 120 548 373 172 202 320 641 431 213 354 248 318 254 290 128 579 762 742 765 537 495 508 505 530 612 730 932 1010 1035 934 764 742 578 632 818 850 738 590 405 411 519 445 590 192 241 315 323 322 218 317 493 209 687 605 543 468 558 384 699 413 440 288 333 337 196 178 306 261 306
163 154 212 326 197 243 227 525 471 194 190 191 366 192 220 167 374 696 666 701 408 400 437 421 421 565 636 824 845 825 657 646 586 414 541 557 676 533 383 235 273 287 326 549 131 191 270 390 489 306 255 415 526 704 581 551 410 510 317 720 596 656 485 744 543 476 380 420 427 134
206 55 422 363 79 181 140 326 290 114 182 193 232 108 129 126 360 556 521 588 369 341 372 411 435 557 680 923 1037 1051 878 744 657 546 655 714 750 581 481 309 329 385 435 473 116 145 221 260 343 204 229 338 285 458 376 343 269 433 223 433 311 290 257 441 273 247 245 260 280 193
634 224 559 632 418 381 489 930 619 384 433 267 417 468 515 284 547 797 950 912 682 640 648 618 719 809 902 1075 1210 1322 1203 1098 951 826 861 977 980 903 671 258 282 326 451 630 203 240 400 396 495 316 437 564 314 808 671 626 532 562 543 960 498 607 555 430 651 506 403 418 511 501
425 225 618 659 315 407 383 757 645 374 393 267 420 406 366 260 409 653 731 638 478 509 510 561 694 775 814 943 1132 1136 1019 868 714 636 836 812 785 759 628 244 225 297 583 672 215 230 260 301 411 234 319 477 406 660 497 384 361 499 388 737 416 422 384 434 536 334 418 447 469 517
451 210 405 525 264 371 267 611 371 254 400 174 222 333 230 296 323 643 820 765 550 546 549 506 511 593 691 896 983 1116 991 988 665 641 714 623 661 640 517 143 191 199 378 376 159 219 294 269 447 359 363 499 505 754 557 490 267 431 402 656 392 393 442 373 455 477 317 257 395 354
407 177 464 480 182 312 234 436 306 200 307 222 216 308 209 320 337 588 719 697 521 513 511 526 574 658 772 995 1142 1248 1098 951 723 702 781 768 708 668 633 202 225 253 547 411 177 227 268 240 393 287 375 429 467 557 449 402 241 476 354 490 384 232 338 399 377 368 392 259 392 411
362 212 623 399 187 388 361 623 419 257 503 331 252 344 223 234 453 655 820 755 590 578 570 565 536 589 717 952 985 1028 971 828 675 586 732 682 723 731 639 334 345 465 531 562 294 387 389 347 349 315 464 688 489 875 746 602 408 663 480 677 483 329 280 249 330 160 208 309 293 481
425 170 428 297 282 390 516 740 560 217 242 381 325 396 410 225 294 410 670 639 495 432 430 440 519 625 757 983 1008 1012 908 733 793 601 777 770 779 701 528 184 165 247 440 642 218 322 457 513 434 235 563 659 563 852 897 766 597 913 631 993 873 615 577 666 763 433 573 514 538 545
459 190 312 425 298 241 352 585 433 219 144 257 357 373 436 332 430 652 741 811 579 507 524 538 651 779 880 1090 1248 1327 1131 936 944 795 794 996 919 748 634 205 212 224 509 522 139 171 326 372 481 245 386 337 398 471 507 545 445 577 437 759 648 537 560 750 677 586 636 411 561 382
270 284 433 548 378 438 485 554 816 401 144 527 769 469 537 519 703 934 795 932 652 655 705 797 928 1138 1234 1414 1504 1378 1128 902 1043 797 1023 1198 1189 969 882 495 477 478 904 1032 334 348 367 589 667 328 463 418 719 583 595 658 680 879 536 833 991 901 783 1369 885 711 971 865 904 454
189 118 364 426 199 231 230 469 493 231 166 245 410 278 296 251 511 743 668 749 505 484 535 579 655 798 880 1061 1174 1139 951 779 772 600 742 907 938 762 629 295 281 333 580 644 132 125 144 237 341 137 184 216 302 391 318 333 325 439 269 557 474 500 418 718 449 373 467 418 466 248
220 209 411 382 277 396 454 734 606 269 283 343 404 514 391 391 512 671 777 817 640 618 606 627 683 784 880 1047 1069 1019 941 773 784 576 770 861 872 794 671 205 131 225 599 650 173 207 182 277 258 79 324 366 479 623 645 586 444 758 572 903 841 643 572 774 699 432 637 526 563 461
342 412 560 850 412 557 553 680 888 463 217 443 822 495 493 624 567 915 793 883 570 677 590 742 904 1087 1121 1282 1534 1420 1222 1080 1046 884 1091 1036 876 732 794 406 414 353 865 943 321 361 450 745 916 487 522 633 1008 767 754 808 730 962 643 1056 1021 854 741 1263 1111 801 1045 972 974 558
290 413 484 798 408 463 416 591 816 501 257 408 801 528 503 628 720 1124 960 1061 725 798 786 915 1050 1224 1231 1379 1628 1538 1312 1096 1085 921 1076 1195 1076 922 952 416 419 399 976 943 327 315 302 517 758 400 353 389 786 506 430 543 542 628 436 779 787 732 617 1169 839 660 927 812 875 477
211 304 540 590 337 545 569 664 884 430 261 524 761 531 472 540 665 939 927 1007 719 779 746 867 960 1136 1223 1423 1510 1355 1206 976 1058 806 1101 1108 1063 958 924 393 375 412 927 1065 350 412 393 630 664 315 523 645 866 816 794 804 724 1007 656 994 1044 827 655 1133 907 496 882 909 875 589
291 247 406 459 186 334 216 374 359 245 302 269 303 371 217 416 414 722 807 800 599 611 618 654 688 782 865 1075 1212 1264 1103 910 739 695 808 819 752 722 744 220 230 266 703 501 231 272 223 226 403 286 344 372 588 492 391 374 222 464 321 434 479 268 339 570 384 356 504 333 463 415
324 270 357 395 154 124 219 543 338 210 289 116 295 296 253 244 436 818 810 740 489 509 469 485 562 610 621 757 981 1060 936 704 637 575 523 691 525 530 598 220 250 295 509 418 184 254 284 288 451 321 302 433 471 568 496 473 340 392 262 586 425 274 178 364 385 260 327 252 285 332
538 392 625 614 204 262 202 306 321 307 387 310 396 180 232 304 416 806 738 674 429 464 455 532 599 682 727 958 1271 1371 1141 902 764 807 776 788 611 554 697 527 634 637 714 561 426 514 615 595 836 708 564 731 747 678 548 518 433 485 230 370 317 156 167 438 322 352 373 353 378 443
479 542 675 567 255 377 302 476 384 367 544 388 375 325 259 358 388 751 794 686 497 527 485 566 574 606 606 831 1101 1147 1017 765 693 709 723 656 498 502 672 498 550 638 734 554 512 616 647 613 763 692 589 832 888 789 725 612 444 594 338 546 509 174 139 396 397 263 406 381 337 568
247 392 560 429 186 355 231 422 362 244 395 351 277 202 157 209 228 450 471 447 300 294 284 371 348 413 435 676 847 797 678 529 521 458 596 465 464 349 389 420 416 536 521 486 362 427 472 508 555 468 388 624 719 640 635 483 338 583 284 563 536 262 200 502 412 261 373 365 271 381
347 559 604 414 320 516 368 425 449 319 431 594 381 303 286 352 227 367 421 427 333 286 308 403 365 454 496 775 889 802 642 484 593 511 695 518 553 377 427 585 564 685 656 614 551 633 695 751 734 648 616 771 1020 744 853 670 502 876 447 675 891 458 450 911 646 520 686 560 471 517
448 521 734 440 391 605 421 517 491 394 552 681 340 424 375 355 298 340 537 529 505 401 481 563 520 596 673 981 1052 984 846 631 734 637 882 739 850 677 591 572 516 713 753 696 583 627 646 606 543 515 606 715 792 668 744 529 418 797 465 619 763 375 444 735 521 385 615 489 452 655
577 635 872 593 537 749 600 694 761 613 686 834 586 628 581 489 517 645 912 863 788 703 788 906 896 984 1035 1348 1451 1358 1220 881 1060 913 1197 1092 1163 1045 944 630 592 815 1050 1039 747 802 786 751 705 606 764 916 922 827 847 662 606 888 574 768 868 479 478 791 630 313 734 693 649 904
415 456 871 629 385 588 542 583 789 554 534 716 707 524 518 463 732 937 1007 1039 832 812 850 1014 1050 1176 1250 1550 1716 1588 1434 1021 1212 1008 1260 1308 1282 1151 1111 658 652 832 1142 1164 626 675 647 700 697 485 650 835 757 746 719 661 677 855 511 707 739 462 339 740 536 141 638 747 658 782
380 411 868 700 401 621 641 715 935 610 565 701 864 600 568 556 975 1272 1290 1361 1035 1062 1062 1203 1221 1374 1480 1768 1877 1745 1616 1248 1379 1113 1358 1453 1433 1339 1280 670 696 832 1192 1314 598 669 625 744 759 487 678 923 792 959 852 870 845 969 658 905 839 682 442 805 637 178 641 883 786 766
551 456 768 625 559 583 799 1073 1024 683 651 689 891 830 816 607 1181 1479 1578 1619 1283 1243 1267 1302 1342 1463 1562 1782 1816 1764 1676 1293 1490 1161 1277 1617 1610 1554 1381 613 615 768 1122 1310 580 647 614 668 644 413 700 854 611 1037 959 1001 958 969 807 1179 989 922 634 831 775 318 689 851 827 821
963 747 807 694 990 801 1222 1736 1363 957 928 920 1100 1270 1314 815 1450 1699 1940 1921 1624 1490 1555 1459 1522 1613 1695 1834 1739 1750 1706 1378 1688 1281 1305 1815 1888 1850 1499 727 689 862 1116 1482 778 854 880 886 768 579 977 1040 726 1418 1415 1414 1326 1275 1226 1810 1509 1512 1175 1201 1281 813 1026 1070 1106 1086
990 747 644 732 1061 874 1234 1821 1435 979 898 856 1109 1315 1321 858 1332 1663 1971 1897 1587 1484 1556 1410 1487 1595 1663 1754 1607 1647 1588 1401 1575 1198 1269 1654 1780 1792 1391 557 537 636 996 1430 713 798 829 868 821 611 973 1018 867 1538 1450 1438 1292 1253 1269 1913 1594 1677 1373 1353 1448 1045 1128 1116 1230 1053
1014 801 532 725 1109 892 1173 1711 1395 995 857 883 1113 1320 1337 921 1284 1650 1966 1912 1599 1473 1591 1437 1504 1636 1693 1799 1650 1708 1586 1417 1588 1233 1294 1671 1826 1797 1393 545 538 608 1033 1403 742 811 840 870 890 681 974 933 955 1430 1342 1363 1219 1166 1202 1798 1611 1695 1459 1535 1466 1191 1248 1112 1304 1019
961 732 410 681 994 784 986 1408 1203 893 711 792 1017 1171 1200 892 1154 1581 1883 1855 1514 1393 1522 1395 1464 1617 1677 1827 1745 1841 1652 1451 1581 1281 1300 1659 1759 1706 1376 465 498 525 1039 1280 680 747 791 806 924 695 918 825 957 1221 1121 1201 1060 986 1016 1506 1428 1471 1321 1486 1309 1136 1210 994 1252 916
880 639 460 816 967 822 958 1406 1184 828 649 720 975 1114 1116 913 1100 1437 1654 1723 1396 1295 1387 1275 1346 1518 1613 1761 1686 1760 1585 1527 1523 1234 1298 1576 1712 1576 1213 448 446 436 909 1155 531 548 630 715 837 574 769 663 841 1116 1031 1126 974 999 1057 1559 1382 1520 1422 1535 1389 1285 1238 1007 1269 799
922 637 557 903 1010 909 1021 1453 1228 846 680 775 997 1168 1144 991 1135 1392 1592 1689 1402 1304 1390 1275 1358 1536 1667 1808 1710 1781 1610 1600 1533 1258 1364 1611 1764 1609 1226 506 479 456 939 1166 534 532 609 708 810 555 794 644 840 1130 1059 1142 991 1109 1160 1614 1445 1593 1556 1634 1472 1420 1333 1069 1348 842
855 619 521 945 974 919 994 1465 1224 814 647 691 965 1086 1059 928 991 1294 1519 1618 1297 1230 1269 1178 1243 1424 1531 1689 1623 1674 1529 1595 1482 1205 1329 1441 1597 1437 1063 402 391 353 796 1095 464 476 610 760 876 569 746 708 908 1195 1109 1181 978 1092 1148 1706 1421 1578 1498 1549 1531 1389 1270 1075 1312 783
850 586 533 956 928 942 899 1292 1117 773 633 689 875 1053 964 962 902 1179 1424 1511 1244 1184 1246 1158 1220 1401 1532 1703 1637 1715 1541 1618 1398 1196 1363 1401 1560 1418 1072 380 366 312 848 1010 455 453 537 648 809 552 727 619 914 1078 959 1017 813 1016 1076 1476 1303 1420 1474 1523 1407 1397 1274 994 1296 784
893 738 719 1185 1087 1153 997 1344 1310 937 725 883 1056 1193 1086 1149 990 1194 1367 1502 1289 1237 1324 1290 1377 1581 1696 1856 1817 1817 1612 1700 1490 1294 1573 1555 1748 1533 1180 558 493 449 1080 1193 592 528 565 724 894 612 754 584 1046 1001 910 959 837 1116 1147 1511 1435 1553 1663 1849 1573 1601 1553 1204 1504 913
835 793 702 1185 1113 1232 1036 1287 1483 1006 681 994 1224 1189 1107 1172 963 1216 1335 1416 1201 1199 1313 1312 1435 1675 1763 1890 1830 1742 1488 1557 1414 1207 1618 1508 1717 1532 1214 624 571 502 1222 1422 704 666 651 887 1060 725 858 705 1326 1130 1002 1016 946 1257 1146 1509 1611 1691 1748 2147 1687 1664 1720 1414 1665 971
833 666 650 944 1040 1126 1051 1346 1408 929 701 964 1101 1202 1108 1050 1027 1229 1448 1479 1289 1240 1382 1312 1414 1624 1760 1884 1711 1667 1461 1465 1375 1127 1512 1526 1774 1661 1265 563 503 489 1149 1400 664 659 606 753 827 580 872 707 1105 1202 1065 1042 953 1259 1168 1495 1570 1643 1669 1909 1513 1452 1514 1264 1517 975
786 622 792 1122 949 1164 869 1133 1237 858 694 874 924 1042 887 998 757 892 1093 1134 1031 1015 1133 1130 1231 1426 1553 1707 1651 1609 1398 1482 1195 1076 1529 1321 1558 1408 1062 521 442 424 1078 1171 582 522 479 610 754 537 712 576 1031 959 790 717 647 1056 995 1216 1231 1300 1491 1672 1336 1388 1400 1113 1373 919
388 388 513 693 575 706 564 967 839 485 479 488 550 680 539 577 538 656 722 765 649 626 685 650 695 823 909 1020 961 904 787 884 694 544 856 776 989 844 569 340 238 278 582 711 274 236 204 329 377 243 334 317 634 740 659 548 426 780 698 1058 959 1012 1032 1184 971 972 889 702 811 486
512 479 341 580 664 540 739 1303 981 527 456 420 714 787 769 565 747 1002 991 964 742 723 741 629 743 849 878 873 817 804 707 754 731 505 614 807 903 835 597 353 284 280 480 783 288 317 355 516 546 356 461 462 701 1022 989 925 778 931 845 1457 1259 1355 1158 1330 1242 1130 968 807 877 481
243 419 241 470 341 368 239 551 431 294 314 266 355 445 311 483 397 705 684 725 527 511 539 527 534 629 641 780 871 884 721 690 565 491 566 603 634 510 490 250 213 231 531 392 222 220 189 257 440 336 223 203 680 447 421 402 223 441 350 646 718 594 607 955 649 739 708 404 530 267
207 182 338 319 139 209 150 494 180 76 293 127 72 216 114 206 280 433 431 482 337 287 285 245 211 269 363 547 601 663 568 579 393 333 367 398 464 329 251 241 203 266 225 151 69 86 132 132 194 181 148 216 316 464 453 362 150 422 314 572 441 359 382 458 373 472 291 135 188 133
338 392 331 435 269 287 141 342 158 214 356 281 210 357 245 487 470 720 705 840 634 551 589 573 507 593 677 929 1046 1153 968 883 735 698 627 762 772 572 582 379 375 413 558 246 252 245 265 226 420 395 264 197 520 302 324 365 155 357 295 413 507 347 464 728 393 640 550 204 380 226
428 279 376 638 368 431 252 499 359 278 325 283 327 373 314 504 471 711 727 895 646 587 627 601 575 721 856 1113 1192 1299 1091 1159 871 805 837 848 948 704 557 321 340 307 472 376 166 145 258 300 518 384 290 252 500 474 393 454 260 455 438 638 534 598 721 853 617 854 620 374 588 233
356 225 254 362 298 345 374 628 365 180 243 274 279 382 347 392 428 639 788 944 673 581 569 533 489 620 765 1049 1059 1137 1007 990 916 729 725 797 858 651 500 197 208 226 343 391 126 183 351 416 472 294 392 426 528 664 716 751 464 701 588 932 810 684 673 785 743 681 588 403 534 276
140 136 312 267 157 273 237 454 406 187 263 278 318 250 207 222 482 731 760 835 570 530 576 570 519 650 770 1018 995 977 837 739 708 518 658 720 848 708 563 293 309 384 472 582 184 240 254 314 355 233 284 414 448 645 554 529 374 548 352 617 571 531 405 631 392 307 332 365 381 213
201 219 400 242 145 140 282 650 279 118 338 190 205 222 229 136 500 675 635 737 490 412 377 354 288 346 434 662 715 732 681 589 635 440 380 575 617 439 353 379 364 487 243 342 148 208 326 358 314 241 246 448 290 651 714 664 454 586 414 834 582 494 292 397 428 289 197 236 152 157
283 417 246 259 287 132 304 723 306 210 348 209 286 373 386 290 563 837 794 900 622 517 498 457 404 456 470 661 764 812 727 596 727 528 350 669 655 461 427 359 339 443 322 316 214 257 370 393 431 342 254 354 423 540 667 684 462 497 401 892 739 604 406 643 585 503 430 269 264 182
284 268 315 379 238 158 282 721 325 214 380 130 290 362 320 305 662 980 942 1051 723 664 631 574 519 586 654 851 933 1024 949 875 805 632 491 770 776 634 551 302 314 380 338 346 123 159 246 263 361 266 204 341 288 605 580 635 409 423 417 835 532 559 383 449 467 425 278 236 276 161
286 216 384 421 198 200 317 749 346 177 392 110 285 286 242 263 605 909 846 934 604 589 518 450 389 459 562 754 803 892 838 868 690 543 447 596 619 509 432 330 364 390 227 329 101 172 295 353 427 329 272 494 379 829 759 768 492 578 509 934 563 624 431 422 526 481 221 288 279 139
224 198 328 322 111 230 216 482 214 68 281 142 154 192 93 258 317 552 532 575 358 357 303 259 213 287 406 605 641 714 617 655 435 376 387 359 372 287 290 276 292 295 239 212 110 196 275 327 401 342 318 454 568 735 705 637 339 638 441 700 605 468 436 548 493 542 340 257 284 153
272 213 355 397 206 333 345 673 390 203 382 190 271 429 239 406 522 816 913 937 683 690 635 580 545 617 737 924 929 1010 953 921 688 578 621 657 659 653 603 182 187 212 431 390 131 209 208 242 330 244 340 458 536 793 702 678 380 641 559 827 666 547 496 522 548 473 408 337 423 321
156 365 350 586 266 371 303 640 566 306 357 206 514 348 228 452 551 963 766 803 484 579 521 512 504 616 645 751 826 799 676 752 517 425 519 480 496 432 470 371 392 346 474 521 209 263 249 433 620 458 276 464 815 831 687 680 458 635 464 849 754 773 594 919 714 719 570 564 553 185
529 701 378 653 661 750 812 1274 949 582 668 489 745 798 633 739 683 1143 1259 1202 871 932 837 725 672 765 797 900 804 822 787 964 773 603 684 537 610 657 603 371 405 349 489 744 469 628 690 880 960 786 772 1020 1368 1577 1481 1406 960 1212 1061 1656 1502 1385 1139 1294 1374 1172 964 926 944 571
444 563 180 537 502 413 507 1064 707 447 506 210 579 556 490 481 579 1137 1132 1037 670 723 670 547 538 614 580 634 656 733 642 766 581 462 408 428 453 487 448 256 323 259 312 524 300 422 500 629 826 677 486 716 1005 1220 1056 1026 694 700 648 1274 1024 1081 808 970 1009 948 644 604 645 302
538 269 515 714 317 347 356 815 528 316 428 115 379 289 290 253 379 762 756 652 391 460 402 364 447 521 570 681 860 981 860 932 571 569 594 505 470 468 394 268 341 288 280 434 166 241 399 459 665 513 402 653 581 974 737 654 473 532 463 893 428 574 495 420 643 632 319 396 433 330
470 443 626 581 273 275 185 659 225 292 661 178 170 306 195 282 492 771 678 607 455 444 439 370 319 306 334 464 617 762 683 695 371 439 351 406 424 390 399 510 518 594 360 190 307 327 335 225 395 512 263 446 407 670 515 387 198 288 282 513 225 269 261 208 222 465 128 79 96 255
406 442 553 419 253 260 220 668 147 225 665 218 113 323 192 304 554 775 711 720 551 488 478 371 236 224 297 478 524 669 624 663 412 413 276 386 461 380 368 540 536 637 285 127 304 346 367 254 336 490 294 464 411 726 663 552 267 423 392 623 401 373 331 277 256 494 131 62 66 194
454 447 352 367 344 300 308 839 259 281 636 184 149 489 316 370 541 860 980 938 730 658 652 505 391 386 436 596 597 774 744 770 535 488 351 476 549 541 462 288 291 375 275 171 253 316 331 217 327 425 323 455 472 804 716 635 296 406 476 809 555 512 458 346 427 551 250 107 205 278
238 308 251 202 165 80 241 653 293 158 314 122 217 283 264 151 417 737 746 715 470 425 396 366 361 392 393 544 667 715 643 467 534 391 296 513 453 396 398 236 236 339 305 324 175 256 318 320 367 291 257 428 424 621 646 587 389 442 303 754 579 413 216 394 429 267 262 201 166 222
232 177 245 248 105 68 189 567 333 140 245 62 245 192 189 90 374 746 722 632 371 384 369 337 382 441 465 584 704 762 648 508 451 352 338 476 422 424 409 191 231 273 306 392 123 217 262 287 395 290 259 446 423 695 583 516 365 404 242 636 440 391 211 362 362 250 194 221 206 192
93 224 371 263 72 173 187 400 258 85 231 212 228 116 104 156 339 549 461 554 318 294 257 296 245 334 409 650 745 707 600 506 528 382 421 459 472 294 308 377 376 459 335 370 175 245 331 422 431 314 263 463 522 593 643 583 387 609 319 652 593 404 253 555 424 305 304 312 219 142
352 371 405 336 226 191 230 669 121 135 486 155 77 284 207 258 440 635 619 694 498 407 368 284 173 184 258 468 536 665 618 643 498 431 264 404 445 293 259 394 379 470 162 63 181 225 340 283 330 383 251 392 366 626 676 608 301 467 417 760 516 423 367 355 409 528 219 84 98 142
291 347 291 171 281 176 288 670 274 188 406 290 225 369 355 270 605 769 721 811 610 477 532 431 348 403 487 671 633 692 592 516 579 405 311 621 739 554 430 461 423 539 327 331 250 282 322 288 273 304 275 299 334 576 649 603 402 534 415 748 706 641 516 689 450 551 374 216 240 160
103 125 292 190 48 134 156 414 221 32 187 143 136 126 86 110 276 457 425 466 277 247 236 231 212 292 384 581 631 632 526 449 407 286 352 404 437 312 271 255 239 310 261 293 87 150 203 256 266 188 209 338 393 547 559 470 283 537 293 588 527 375 287 495 370 314 267 219 189 126
