302 156 140 310 123 154 197 145 255 248 308 317 285 434 341 327 323 479 491 382 381 468 532 509 520 475 590 577 595 551 651 612 633 669 702 764 738 884 662 519 908 954 570 748 757 452 647 542 276 301 366 334 322 301 595 532 673 746 1036 788 584 533 698 674 739 632 738 908 777 1104
585 214 295 384 250 269 262 257 161 137 156 273 363 548 434 493 494 555 532 484 464 497 555 527 592 558 710 681 681 628 742 713 770 793 804 875 756 829 826 778 881 1089 800 1238 1215 676 998 433 259 356 496 594 454 626 795 763 954 1036 1506 1344 1052 916 990 983 1127 1064 1165 1267 1031 1465
795 378 347 284 299 267 341 275 175 190 101 177 384 872 771 737 742 705 579 607 617 594 620 582 647 662 827 870 915 885 996 965 967 1028 1083 1114 984 992 1045 1076 1158 1307 745 1041 1056 497 752 558 528 271 419 519 379 532 464 595 640 697 1036 961 765 749 589 631 689 791 792 892 687 1069
615 353 369 228 216 392 307 167 87 146 114 239 506 789 659 653 567 534 431 452 582 677 723 608 598 512 635 596 603 585 694 652 659 690 673 692 605 641 666 681 872 981 719 751 922 259 520 349 369 149 439 325 253 381 289 369 396 476 755 691 583 468 414 500 554 572 712 650 483 756
815 392 337 321 289 262 302 239 94 101 76 198 354 565 481 512 586 550 413 458 468 456 534 539 623 605 747 745 754 686 783 756 768 823 852 878 727 727 840 883 899 1118 755 1102 1062 591 888 434 327 298 454 599 414 521 541 609 699 841 1213 1143 866 846 709 785 867 900 991 1083 874 1225
649 395 245 122 204 292 255 146 139 156 166 203 380 634 554 468 465 376 219 279 420 464 491 430 447 435 548 548 557 537 602 560 545 590 636 649 571 633 580 636 852 1019 708 669 688 272 456 433 419 112 236 322 167 240 147 179 236 411 553 462 308 370 263 374 301 358 489 507 405 631
714 333 262 213 217 183 175 151 84 109 30 121 349 659 592 539 528 456 351 392 438 433 426 354 410 421 574 609 637 618 715 689 693 759 807 858 720 751 800 801 910 1092 708 930 837 381 585 371 306 127 250 349 202 383 397 427 547 605 909 817 619 607 601 580 607 673 670 815 616 952
1075 631 675 576 520 597 556 438 236 312 212 433 685 927 744 852 870 797 621 658 757 832 946 879 896 800 944 921 939 882 1007 965 967 982 955 935 844 857 1014 1008 980 1129 864 1097 1209 524 856 450 463 417 723 644 541 626 519 630 616 732 1100 1129 934 794 639 710 881 898 1044 983 743 1060
1171 627 670 419 420 463 410 417 195 242 157 302 520 971 802 934 894 949 790 831 875 824 813 685 678 638 782 787 828 799 892 832 826 833 857 863 710 706 851 881 849 996 695 940 1066 420 721 401 570 367 546 593 430 655 448 633 662 703 1132 1135 1002 940 737 797 855 967 1056 1091 909 1228
987 530 568 416 390 409 379 224 196 281 194 306 544 685 636 621 523 568 535 552 608 628 640 543 559 546 731 766 799 773 875 829 794 840 886 867 736 777 863 793 880 887 600 670 682 246 435 406 357 247 502 339 270 310 276 437 403 324 612 638 581 481 465 436 457 506 517 622 457 616
858 376 483 388 341 356 346 242 203 240 156 215 446 785 721 682 555 615 652 671 705 706 666 537 581 603 826 861 899 889 1009 956 955 990 1037 1058 894 940 993 909 974 994 627 889 917 382 602 501 408 283 517 405 316 460 477 603 642 490 905 876 774 626 683 563 651 696 646 758 582 867
994 443 450 375 327 230 351 256 190 190 173 217 280 500 469 486 506 674 648 670 590 483 501 504 588 647 851 912 951 885 975 924 903 954 1058 1061 861 893 978 930 966 1035 572 920 853 541 784 563 431 404 498 590 429 462 494 704 722 677 1098 1060 872 880 737 744 756 812 821 1034 902 1145
668 321 333 368 271 331 442 358 287 262 249 267 272 836 607 651 720 798 689 707 781 817 889 831 850 831 1004 1013 1059 1013 1129 1050 1057 1040 1071 1074 1020 1129 1022 923 1076 1134 601 933 1096 528 831 701 594 443 550 576 492 493 491 575 591 678 1084 970 722 691 551 544 716 695 837 812 717 1120
583 317 384 388 334 527 462 334 256 267 208 286 534 1032 822 769 709 583 525 597 809 958 988 820 837 781 971 932 945 946 1087 1024 1060 1050 1012 1043 976 1070 1023 946 1085 1190 878 1109 1282 498 790 607 501 310 602 479 411 556 544 506 584 617 1001 914 706 524 598 500 724 679 788 638 479 894
563 405 312 201 340 565 542 450 391 329 348 272 525 1357 1195 1016 958 775 650 777 996 1064 1019 869 908 918 1062 1025 1035 1062 1160 1101 1140 1167 1173 1243 1142 1173 1045 1182 1418 1620 1103 1252 1495 706 969 948 965 374 549 695 510 777 594 591 711 856 1131 948 746 748 624 683 723 820 919 760 678 1145
707 395 312 173 244 369 326 239 119 120 81 120 404 924 803 716 691 549 418 557 725 752 731 596 640 633 788 773 784 780 878 827 838 877 885 926 772 776 826 899 999 1185 828 1002 1103 455 707 538 536 193 400 476 301 513 383 428 516 607 929 851 656 637 540 554 613 694 768 714 590 947
597 345 315 184 169 381 457 274 195 164 193 128 264 968 794 721 706 777 724 878 1032 1037 1025 877 900 896 1087 1065 1092 1073 1187 1091 1089 1095 1113 1135 964 1004 964 941 1163 1176 665 867 1171 507 791 816 746 387 599 558 460 530 415 585 576 570 1000 892 724 712 545 541 651 678 810 690 712 1042
607 452 511 237 344 629 517 501 456 438 442 478 737 1509 1305 1230 1016 1057 952 923 1046 1088 1003 797 729 694 803 783 815 876 973 925 974 975 1005 1107 1044 1146 969 1034 1461 1639 1191 1133 1415 516 772 756 1017 362 495 560 465 863 579 674 807 890 1171 956 910 856 774 926 839 928 1072 964 851 1262
764 514 547 219 398 711 566 474 373 340 352 363 719 1435 1282 1136 930 847 773 893 1103 1129 1014 777 767 775 943 909 913 972 1066 1005 1048 1051 1071 1153 990 1042 1002 1112 1363 1572 1255 1258 1503 593 862 777 969 346 569 644 458 869 543 634 761 794 1127 1003 917 850 769 847 791 896 1017 832 757 1119
616 371 351 127 266 485 557 433 364 277 343 269 419 1260 1100 969 895 954 859 947 1037 990 942 834 862 912 1082 1084 1112 1124 1216 1147 1177 1191 1265 1331 1176 1234 1117 1220 1529 1690 1055 1202 1468 696 995 966 1062 446 548 745 560 811 536 732 794 878 1236 1055 898 952 672 837 777 884 1025 910 892 1293
806 345 442 275 303 394 383 238 228 216 194 157 384 839 796 672 503 578 666 753 831 801 700 532 588 662 917 947 975 985 1091 1020 1021 1045 1115 1144 930 984 997 944 1046 1057 685 909 988 431 642 650 559 299 519 453 315 495 447 596 644 448 879 834 747 636 677 547 578 640 598 649 568 829
737 251 424 292 274 403 306 233 149 122 168 234 383 606 507 533 393 490 534 534 588 604 579 459 493 499 703 671 666 647 741 680 720 702 733 764 608 695 700 674 715 855 707 989 1073 453 762 380 335 284 493 506 323 536 511 573 694 650 1116 1052 889 712 756 738 796 782 891 885 726 1033
1051 428 602 540 542 432 298 405 379 373 323 458 632 689 670 691 517 565 608 481 409 380 304 225 278 342 538 587 608 612 689 677 725 746 838 908 787 903 897 851 844 1084 931 1264 1012 579 794 342 322 336 391 551 336 679 762 722 967 907 1291 1203 1042 880 1086 1001 964 1005 944 1214 892 1239
1106 470 632 514 479 409 340 435 422 374 397 457 475 598 538 585 449 689 766 696 623 513 401 291 318 420 649 714 744 741 803 747 777 754 888 952 781 959 901 754 831 993 834 1153 942 605 820 480 451 472 421 604 393 661 726 768 989 874 1351 1248 1082 1009 1170 1052 985 980 993 1251 1098 1373
929 470 420 313 275 210 176 305 298 274 265 301 313 588 476 499 474 643 583 587 594 489 383 249 238 308 476 552 600 602 656 592 591 588 712 783 645 817 720 566 784 943 688 857 654 404 553 426 432 303 169 382 218 427 469 477 687 691 1055 905 722 807 906 802 717 730 777 1034 964 1233
890 524 415 425 361 279 277 445 539 480 486 415 332 744 607 565 568 723 690 701 758 681 542 380 361 463 640 732 793 814 863 782 780 761 898 982 895 1133 871 642 957 1069 742 913 687 539 627 718 625 451 216 444 309 467 615 513 765 763 1089 863 649 784 999 777 716 696 715 994 990 1303
1192 692 556 560 475 336 411 534 521 476 416 368 319 810 651 636 734 845 774 901 974 850 731 570 593 710 937 1050 1123 1118 1187 1089 1063 1047 1177 1226 1065 1247 1148 897 1031 1116 728 1063 828 666 793 820 681 578 396 607 451 549 663 642 820 773 1208 1083 810 958 1064 771 823 824 810 1066 1079 1396
1452 816 751 656 654 561 669 746 632 538 513 479 425 1010 817 823 932 1053 960 1134 1195 1015 910 774 829 985 1257 1369 1434 1418 1487 1378 1368 1321 1472 1504 1292 1466 1438 1250 1265 1426 1007 1452 1267 943 1172 1011 951 794 626 958 705 859 799 882 1030 1006 1538 1467 1147 1294 1213 1013 1059 1085 1137 1276 1304 1648
1190 602 588 440 535 506 610 641 467 348 355 366 433 1063 916 874 927 987 882 1021 1018 837 762 691 792 939 1186 1265 1304 1287 1368 1301 1335 1328 1467 1539 1292 1389 1426 1420 1444 1739 1225 1712 1592 1035 1349 939 950 666 588 1027 714 1019 855 994 1173 1222 1758 1649 1318 1419 1213 1207 1200 1280 1347 1421 1351 1785
1070 562 547 339 515 561 711 597 425 304 360 376 507 1097 1009 902 931 975 862 994 958 787 774 784 917 1052 1282 1336 1355 1321 1406 1362 1399 1432 1570 1634 1368 1403 1482 1606 1688 2002 1380 1780 1761 1106 1463 1032 1057 659 690 1126 800 1078 816 1068 1172 1275 1741 1637 1341 1443 1065 1257 1175 1291 1402 1399 1315 1712
1058 598 612 474 596 780 932 657 426 305 408 420 551 1092 949 871 964 925 816 1033 1121 1061 1153 1171 1325 1392 1639 1610 1592 1518 1628 1557 1597 1598 1650 1654 1398 1403 1532 1667 1630 1891 1375 1846 2029 1241 1698 1168 1058 807 1039 1311 998 1112 867 1101 1108 1254 1779 1745 1383 1384 952 1143 1245 1277 1508 1273 1223 1615
1249 899 876 854 881 1198 1350 955 696 586 737 728 776 1284 1028 1020 1237 1114 952 1241 1502 1589 1807 1822 1954 1921 2150 2034 1991 1874 1997 1884 1910 1857 1813 1740 1569 1584 1676 1769 1666 1840 1452 1918 2321 1490 2014 1509 1268 1176 1545 1633 1370 1233 1037 1191 1091 1349 1864 1881 1445 1396 923 1094 1399 1319 1719 1246 1270 1645
1277 976 944 839 900 1280 1393 927 717 654 797 770 856 1353 1102 1084 1245 1114 941 1216 1534 1673 1898 1887 1973 1906 2112 1984 1945 1837 1952 1830 1825 1772 1713 1597 1475 1479 1539 1655 1591 1669 1309 1564 2087 1258 1740 1484 1309 1113 1561 1497 1285 1068 791 991 789 1034 1428 1494 1173 1112 600 814 1075 1027 1442 914 963 1236
1293 1021 966 865 957 1362 1427 943 789 731 857 790 922 1432 1190 1096 1221 1006 861 1178 1586 1766 1950 1882 1962 1913 2142 2019 1978 1897 2010 1877 1865 1805 1741 1621 1512 1543 1561 1645 1590 1638 1345 1517 2016 1208 1634 1542 1333 1084 1550 1426 1222 1001 736 866 672 874 1213 1293 997 926 522 638 903 848 1228 670 749 992
1200 896 900 805 925 1317 1333 859 755 695 791 726 924 1410 1202 1041 1081 826 749 1047 1459 1655 1788 1684 1774 1760 2026 1924 1885 1835 1954 1833 1833 1775 1726 1625 1514 1574 1571 1626 1573 1626 1366 1530 1945 1111 1502 1446 1222 952 1427 1280 1076 932 693 777 628 745 1077 1158 893 764 496 530 777 723 1026 498 538 789
1060 940 861 731 816 1234 1220 768 679 700 714 702 1022 1586 1370 1195 1205 924 784 1064 1493 1721 1844 1688 1719 1633 1830 1732 1711 1685 1821 1719 1702 1692 1609 1538 1454 1475 1486 1537 1665 1674 1342 1308 1770 900 1221 1342 1208 798 1311 1036 953 844 597 693 528 655 890 931 759 651 420 475 698 676 941 459 479 718
1055 1000 893 781 833 1240 1241 792 716 769 742 720 1082 1730 1521 1337 1338 1052 909 1182 1607 1848 1965 1792 1812 1700 1877 1779 1771 1750 1898 1801 1773 1789 1688 1624 1547 1531 1546 1598 1770 1723 1312 1257 1768 894 1186 1414 1275 821 1368 1014 989 871 655 762 576 674 890 915 780 667 453 485 733 735 949 501 509 763
1020 1001 883 699 757 1177 1156 741 674 749 714 757 1102 1692 1452 1306 1293 1076 878 1102 1503 1727 1847 1671 1638 1507 1651 1574 1577 1566 1704 1615 1580 1588 1510 1456 1411 1442 1429 1447 1743 1717 1324 1109 1586 723 994 1253 1235 725 1203 866 876 779 495 637 452 596 754 762 673 607 365 477 634 630 900 476 492 696
1083 1006 908 719 770 1130 1111 703 677 773 690 691 1085 1716 1531 1344 1273 1067 939 1164 1546 1748 1809 1598 1575 1476 1650 1601 1621 1625 1769 1678 1627 1657 1593 1538 1463 1468 1474 1469 1729 1623 1189 998 1445 644 857 1263 1213 688 1187 775 807 722 483 645 446 457 625 657 629 536 375 379 537 575 720 386 392 574
1269 1248 1067 804 882 1261 1204 875 832 942 812 781 1238 2093 1877 1665 1581 1335 1162 1449 1893 2071 2050 1744 1684 1585 1740 1703 1741 1782 1920 1817 1755 1789 1720 1691 1600 1590 1590 1586 1902 1791 1336 1068 1537 710 869 1434 1483 782 1234 834 879 887 585 728 561 556 711 717 725 695 558 499 637 727 832 507 562 766
1321 1267 1055 739 912 1268 1214 950 934 998 919 800 1189 2174 1972 1747 1651 1417 1222 1480 1906 2041 1978 1691 1629 1574 1708 1678 1721 1774 1875 1767 1706 1732 1700 1671 1603 1593 1501 1590 1896 1826 1313 1028 1519 740 884 1531 1666 813 1161 917 883 939 555 697 553 601 693 666 686 733 507 518 551 716 816 515 589 816
1288 1142 944 733 869 1173 1239 873 824 855 819 660 965 1888 1716 1509 1512 1286 1123 1417 1802 1926 1946 1760 1778 1742 1915 1869 1899 1894 2005 1889 1823 1855 1818 1744 1638 1579 1553 1670 1810 1708 1116 1061 1583 862 1080 1592 1548 876 1289 1057 977 879 572 765 549 598 776 798 723 752 411 431 568 712 820 496 571 810
1470 1262 1058 754 840 1033 1028 822 766 881 709 639 1038 1959 1795 1643 1573 1418 1239 1486 1811 1869 1787 1505 1457 1412 1565 1585 1658 1692 1804 1701 1612 1667 1654 1617 1493 1437 1476 1496 1692 1556 1000 844 1221 581 693 1311 1420 721 1053 761 760 795 496 709 540 471 648 678 716 759 558 468 543 741 719 603 629 829
990 855 620 393 400 595 576 420 378 469 391 339 610 1288 1134 1050 1038 978 804 1007 1286 1339 1297 1066 1010 934 1039 1024 1071 1074 1166 1069 996 1045 1026 1013 896 872 869 868 1141 1062 642 495 815 314 443 867 909 404 655 441 429 426 262 402 314 342 535 488 458 535 392 356 406 517 595 531 576 761
738 686 565 428 423 784 705 473 413 449 526 477 649 1170 962 953 947 860 699 824 1149 1340 1424 1269 1218 1064 1131 995 983 949 1037 938 918 913 822 782 759 759 655 750 978 975 728 634 1158 483 757 882 866 509 872 659 598 532 386 427 349 550 744 664 555 503 316 445 571 580 866 573 576 825
701 498 436 248 266 504 373 236 296 317 326 247 482 919 822 665 508 500 524 679 954 1026 903 627 593 594 780 760 773 812 895 798 777 781 796 825 684 784 676 583 874 843 675 570 733 246 366 658 595 236 448 265 197 310 270 276 340 239 508 419 378 335 498 330 335 343 407 354 397 568
613 372 278 246 133 182 138 60 94 162 109 134 321 544 480 422 374 409 389 454 578 626 593 433 429 392 538 545 573 560 659 600 571 625 642 675 549 611 589 459 712 700 440 488 496 175 298 385 225 123 296 135 115 149 292 298 370 318 602 501 395 360 524 376 437 425 437 582 503 710
661 430 394 370 318 448 344 190 296 327 276 245 533 779 750 518 368 295 404 560 791 880 764 514 545 581 824 841 850 887 1002 933 925 964 989 1046 870 989 936 743 1010 990 817 851 788 385 473 658 392 231 462 243 204 313 481 404 532 338 652 561 456 348 721 398 479 424 370 432 398 597
747 606 492 406 394 524 421 235 297 416 268 346 763 1047 992 785 658 479 429 549 788 924 885 670 663 618 784 806 832 865 992 954 921 1004 998 1033 928 981 994 888 1203 1198 908 758 762 261 339 600 485 168 478 191 219 307 337 330 359 288 441 388 350 269 474 314 365 386 347 381 262 449
408 328 257 285 216 412 432 184 255 289 256 289 494 840 696 524 494 433 390 489 702 847 896 760 767 729 913 914 933 930 1065 1006 999 1031 1037 1066 997 1134 1019 858 1258 1260 854 828 924 375 556 705 490 248 491 288 313 282 345 354 370 389 626 502 349 293 391 311 422 335 453 371 332 584
652 346 201 124 190 236 304 134 129 112 125 107 266 588 547 396 423 371 284 413 516 502 512 470 548 600 780 808 822 791 873 823 806 866 941 961 796 842 838 858 1040 1167 727 848 824 444 638 616 469 200 326 432 261 302 268 359 404 478 728 642 440 516 402 433 404 454 520 570 514 754
485 278 166 213 113 184 199 113 91 87 123 205 280 396 284 255 327 355 262 322 407 446 509 461 494 462 597 587 586 537 632 587 599 632 662 717 600 713 671 572 855 1019 750 902 837 470 698 431 235 223 307 377 278 311 448 419 559 704 1023 861 590 613 661 668 721 632 803 871 788 1069
447 308 251 278 190 435 342 201 210 179 268 303 398 534 369 287 292 265 240 373 622 747 771 612 617 579 754 696 669 652 750 671 700 673 665 716 610 794 673 513 822 959 900 965 994 507 744 552 323 293 448 408 312 356 476 348 513 613 956 802 538 484 680 580 688 517 763 644 649 907
542 342 307 250 212 418 364 129 97 118 154 251 481 552 472 372 339 295 261 377 544 639 699 603 644 598 770 726 701 667 779 732 744 779 775 806 651 728 766 711 954 1076 905 952 1001 461 712 486 301 225 509 413 321 366 403 430 498 561 873 794 601 516 567 584 649 565 742 662 582 790
507 334 280 238 183 306 280 80 92 147 170 294 496 476 441 380 339 361 300 300 361 444 536 511 537 467 581 554 543 496 598 579 579 652 666 699 591 644 656 639 949 1059 796 779 801 366 583 394 249 174 421 332 278 295 368 432 481 583 802 691 551 494 503 622 608 563 709 760 611 800
445 244 208 207 119 159 147 35 156 203 204 208 343 483 473 381 277 382 415 365 399 457 451 369 376 356 491 502 525 509 602 566 552 623 669 712 625 708 592 502 851 839 490 499 507 209 333 435 256 129 286 153 138 159 331 362 433 392 610 455 384 332 483 441 415 404 414 604 483 686
567 299 330 215 184 337 388 109 150 172 204 184 368 644 620 499 385 511 570 625 690 719 733 650 693 693 891 886 898 868 980 920 902 958 1001 1007 833 868 861 820 1082 1026 603 672 850 360 576 651 480 274 570 385 336 324 332 534 488 383 711 641 575 490 447 464 480 487 546 561 510 683
599 445 366 113 205 391 282 152 234 268 333 313 545 780 784 655 465 534 505 500 599 629 569 444 416 393 484 460 462 476 530 492 478 547 597 645 530 569 467 553 946 1015 750 521 660 229 359 517 574 147 327 282 183 338 239 343 406 443 565 420 438 450 438 582 379 465 556 623 557 695
693 638 590 398 427 729 726 419 595 605 773 684 698 892 814 710 584 796 783 756 902 1004 1059 990 926 878 984 939 942 918 975 893 855 864 917 887 866 1006 736 716 1238 1147 821 477 807 421 589 973 926 554 751 561 543 391 296 469 372 449 527 392 415 442 314 530 367 339 608 513 587 623
734 554 550 334 390 681 534 290 378 406 552 565 674 650 581 539 395 471 434 413 600 738 794 707 654 580 680 601 573 547 595 528 511 505 519 485 459 576 419 452 768 804 764 473 710 272 475 558 555 333 591 437 337 290 183 250 225 350 444 378 362 302 253 450 320 288 569 447 415 463
1022 602 666 481 448 464 322 296 222 345 268 497 742 727 658 788 660 716 589 446 435 494 554 500 458 349 417 406 428 393 474 465 454 504 514 513 475 494 565 600 707 832 673 653 693 205 426 163 296 221 458 356 283 424 357 465 491 579 779 760 734 601 553 713 664 735 823 969 664 862
1163 670 657 560 446 363 220 228 212 310 255 382 582 382 421 476 382 471 491 486 498 484 437 319 334 309 452 465 475 438 506 471 441 504 541 561 384 413 540 443 478 537 553 667 483 327 449 235 112 280 446 340 233 330 521 529 651 558 877 862 776 683 910 770 759 770 736 1047 853 967
901 557 471 492 340 285 223 137 211 284 276 335 471 242 298 258 221 311 368 402 443 460 446 359 399 390 549 563 564 517 594 553 519 594 639 664 489 554 602 447 618 627 557 644 445 385 479 395 97 288 441 305 241 208 515 489 602 517 803 734 601 556 829 658 667 607 596 889 775 869
882 536 522 470 354 457 414 165 218 273 309 335 464 334 325 268 217 314 387 492 632 694 719 607 639 623 831 814 805 752 843 766 725 751 776 747 574 660 700 535 681 614 550 588 592 357 522 527 234 355 631 377 318 187 354 419 407 299 619 623 511 416 566 431 496 403 499 561 539 582
583 232 270 230 164 316 255 163 123 79 180 214 245 375 240 256 238 329 323 378 499 540 560 459 482 474 655 613 598 559 639 562 589 556 584 610 484 628 556 461 612 752 650 853 895 435 717 403 254 273 398 442 278 349 410 392 525 590 999 890 650 579 642 615 681 582 794 760 706 968
678 234 295 199 198 274 210 131 71 54 123 180 272 383 311 350 292 353 322 305 350 374 406 364 404 394 546 510 502 455 524 473 493 497 532 538 424 489 476 509 552 712 545 759 813 348 632 288 223 190 360 430 230 337 329 376 466 545 889 822 639 549 501 577 585 590 733 766 605 868
446 224 121 112 70 104 94 95 142 120 154 175 241 474 391 317 305 380 323 332 382 377 348 262 275 295 429 455 474 465 539 497 511 547 624 708 600 742 605 512 868 1030 706 795 684 363 525 422 309 142 123 261 148 285 393 357 549 636 911 700 498 558 663 644 587 556 650 811 734 1024
608 410 334 397 213 272 202 101 175 238 231 313 438 345 291 245 223 286 304 346 466 554 569 441 441 390 542 536 538 508 607 557 542 583 596 638 524 657 613 394 704 722 627 656 543 318 445 384 104 225 381 202 200 171 453 374 499 477 765 642 480 418 717 549 621 490 573 728 650 809
556 385 218 328 232 342 326 161 207 198 255 209 308 429 362 236 305 212 197 361 586 695 727 623 685 669 839 796 777 734 824 751 742 774 769 787 659 748 679 575 770 833 662 810 800 528 701 655 288 305 487 424 318 240 472 346 456 525 810 689 420 413 584 425 561 457 574 581 568 801
466 203 120 117 54 87 91 45 74 73 89 84 172 448 374 320 307 365 326 350 418 435 422 335 358 358 499 507 528 505 588 535 533 574 622 670 559 645 553 486 739 822 480 623 614 277 452 402 255 119 198 230 132 202 315 314 433 474 768 611 433 444 510 464 478 473 534 670 581 863
