375 585 906 545 432 485 552 740 671 684 1040 1274 933 1042 815 861 706 553 449 451 356 581 839 726 864 948 966 673 880 928 803 556 693 400 447 241 354 496 320 460 332 661 835 397 595 627 427 490 271 313 461 500 502 417 361 496 396 217 230 201 266 399 197 208 230 170 462 285 164 367
253 490 661 424 342 431 468 733 407 570 929 1201 990 1103 976 1030 765 598 403 322 464 836 1204 1073 1191 1312 1384 993 1205 1213 1079 995 1090 617 580 507 455 506 447 488 328 859 1029 518 1041 1030 772 895 519 561 640 874 795 640 645 658 777 610 349 276 315 578 317 327 281 340 676 335 287 150
546 883 1004 873 651 733 639 997 456 301 440 604 423 593 423 500 361 351 275 271 399 633 916 891 984 1024 1182 938 1043 1096 959 986 1011 621 483 488 389 305 197 300 432 739 603 380 911 858 792 770 329 506 706 751 639 489 299 316 635 614 429 425 138 253 244 415 175 330 374 225 319 216
325 558 748 635 496 548 617 812 585 415 557 609 380 521 386 475 406 355 363 394 430 519 753 630 693 739 778 552 703 698 589 574 659 325 375 324 206 311 225 150 168 459 510 325 536 629 532 611 368 393 569 544 459 302 391 244 511 531 319 181 242 383 138 308 136 238 314 110 223 84
398 757 820 645 459 526 551 959 448 419 650 820 688 832 709 750 508 376 202 128 305 628 931 930 998 1103 1215 869 1039 1112 911 960 1044 519 389 428 335 263 250 288 290 662 666 341 967 866 749 817 490 524 604 738 587 458 434 423 611 573 313 364 139 341 273 333 212 265 449 270 383 159
544 849 1134 857 584 654 657 1065 844 558 697 707 402 547 313 345 286 195 224 262 216 280 485 465 478 485 581 456 517 607 439 438 526 241 171 155 61 114 31 51 145 188 234 82 362 343 374 383 255 266 398 291 224 131 184 113 340 305 235 269 103 129 67 203 81 143 116 119 351 239
458 765 958 763 562 632 572 934 516 409 597 723 493 651 495 533 408 341 252 206 298 518 760 715 808 851 981 753 842 893 749 754 800 443 334 312 235 209 147 192 290 533 531 285 715 694 659 611 284 395 532 640 516 345 312 246 535 509 325 307 116 236 129 307 126 255 251 112 246 129
547 913 901 882 738 806 894 1157 581 417 550 668 598 778 675 789 584 552 422 357 494 682 996 910 990 1109 1183 858 1089 1072 920 1044 1161 586 538 627 475 435 446 333 376 826 780 537 1001 955 801 906 528 592 722 858 693 541 533 417 732 818 410 362 316 508 421 520 324 436 617 300 402 199
377 659 664 653 530 564 566 773 323 215 370 510 451 603 614 795 671 622 564 551 669 838 1102 964 1081 1115 1286 980 1136 1189 1063 1115 1189 785 687 745 543 484 408 379 445 890 738 515 1008 932 906 1018 543 592 845 912 778 602 560 462 926 869 553 456 323 466 360 560 295 452 546 267 442 223
538 871 989 962 765 801 869 1048 653 437 598 717 511 739 598 755 692 670 600 531 404 460 585 476 601 674 750 483 649 697 616 610 660 423 408 465 415 485 348 241 387 639 606 458 583 604 559 599 317 312 561 584 423 284 317 171 471 580 387 293 228 430 246 458 214 373 322 140 274 200
458 726 891 845 668 728 683 831 458 363 559 762 554 777 653 814 714 730 650 583 539 687 892 714 883 945 1049 747 920 932 895 828 811 603 574 579 513 585 413 357 463 824 861 580 765 805 717 715 353 406 637 755 648 492 427 330 664 671 486 307 298 526 282 454 208 445 443 170 218 158
447 829 893 756 549 580 587 890 393 343 607 875 726 894 807 971 776 666 496 422 405 678 882 837 978 1073 1227 820 1022 1181 1027 968 1018 693 548 602 578 546 361 435 493 875 784 481 946 810 747 831 446 436 668 708 563 472 349 401 624 569 438 460 162 405 332 433 236 331 463 309 395 284
517 846 1012 767 572 645 571 836 435 255 435 677 530 659 500 653 423 432 357 403 446 674 1068 934 1072 1145 1273 946 1217 1266 1123 1033 1131 681 590 536 482 463 291 409 407 850 840 435 859 734 608 648 269 400 561 586 598 557 245 421 612 463 333 310 214 271 322 269 148 230 548 289 240 338
540 777 1054 867 694 797 715 930 641 468 592 718 496 659 474 561 393 459 439 450 546 701 1087 871 982 1050 1100 853 1081 993 922 885 921 526 546 474 348 452 369 288 299 679 898 527 731 801 654 614 365 484 542 682 682 556 474 394 689 654 407 202 391 497 294 306 169 376 535 191 189 151
713 877 1277 977 696 812 576 968 848 603 656 678 373 492 260 272 212 266 414 571 745 877 1249 1134 1154 1089 1222 1143 1175 1171 1070 1014 966 724 658 529 327 376 245 352 431 555 690 433 794 856 875 778 586 734 822 729 804 696 560 544 889 715 686 548 480 437 330 411 254 469 466 390 542 413
469 729 957 766 536 602 493 854 556 368 463 508 314 453 333 382 269 263 277 312 479 652 944 853 912 922 1042 835 943 971 830 845 852 505 425 393 220 227 164 159 249 468 550 321 704 710 731 674 458 521 606 632 573 437 418 312 668 621 450 349 248 321 189 306 124 297 295 159 349 145
381 621 859 634 438 443 328 538 377 181 276 416 268 349 316 484 346 383 434 571 677 861 1171 1002 1129 1148 1252 908 1171 1255 1121 961 978 694 676 550 446 518 274 344 358 718 790 497 738 720 736 723 524 537 696 567 608 564 379 435 696 572 555 380 341 414 281 286 115 240 421 255 307 274
537 580 1035 768 675 753 633 782 834 673 793 845 435 448 316 438 528 500 737 983 1028 1058 1363 1134 1180 1069 1207 1140 1135 1143 1099 945 1001 898 956 710 502 690 429 543 523 782 738 586 777 975 943 1012 583 781 1123 885 966 747 727 630 1139 909 851 578 654 621 300 622 366 556 586 410 527 429
559 653 1088 857 682 761 602 846 843 659 734 740 389 447 351 464 499 500 708 885 988 1039 1338 1107 1135 1050 1184 1068 1092 1105 1050 974 952 840 854 718 440 629 429 403 432 636 753 586 768 937 979 991 731 802 1011 853 896 705 788 569 1148 994 876 572 656 696 327 574 314 596 530 362 597 300
541 725 1099 782 561 628 437 768 642 451 555 678 367 389 264 400 352 333 491 722 834 1001 1347 1218 1257 1190 1370 1170 1248 1366 1245 1104 1106 924 849 694 506 591 290 482 493 752 705 487 884 909 926 969 621 743 1002 724 802 704 518 573 992 753 779 633 449 460 320 462 230 406 514 442 577 414
457 680 960 846 623 677 561 728 513 394 573 757 495 693 583 766 699 728 730 722 646 763 963 744 899 920 1041 752 908 959 938 808 736 666 636 615 514 656 405 353 455 741 868 584 676 735 724 703 442 429 654 673 630 509 461 351 739 679 601 360 371 581 274 420 171 461 407 193 296 184
207 399 631 489 352 445 471 643 460 499 803 1019 767 932 817 980 825 716 645 590 545 720 1015 771 880 949 1038 707 887 902 857 774 800 566 561 575 423 595 449 341 249 682 901 477 732 769 603 777 476 395 561 680 627 492 599 468 791 640 400 196 354 632 255 318 184 391 562 217 300 60
562 777 1037 892 742 900 886 1143 780 888 1282 1543 1176 1408 1172 1266 1159 1004 852 677 554 740 984 798 917 967 1125 923 930 927 918 903 922 741 637 699 586 684 601 549 557 892 1000 591 962 992 805 917 419 488 714 1004 865 626 737 573 974 824 526 424 431 703 371 608 429 691 680 352 461 258
479 701 1011 740 622 706 686 886 668 784 1214 1544 1208 1336 1242 1450 1310 1119 988 888 697 904 1151 893 1065 1112 1300 965 1094 1208 1157 999 1071 941 833 829 749 906 679 680 603 1026 1146 675 959 904 800 955 499 473 738 899 834 671 724 660 1065 795 620 492 502 743 414 563 408 608 737 411 503 374
483 739 1075 684 552 577 513 790 611 578 906 1131 832 885 840 997 887 717 649 643 536 728 959 781 944 950 1151 873 1001 1166 1017 847 985 772 640 538 496 569 369 478 461 760 787 423 726 618 668 690 322 365 594 645 609 468 442 453 812 551 483 445 319 365 220 380 247 325 424 247 380 396
767 1004 1481 949 764 805 635 931 866 771 1102 1345 983 1044 922 1056 946 832 796 818 637 806 1070 862 1057 1036 1247 1032 1164 1321 1187 923 1046 903 755 576 601 689 446 638 640 849 972 523 719 586 677 584 294 390 574 633 694 607 447 575 851 500 575 554 459 388 332 402 338 413 511 373 438 674
858 1222 1529 1085 867 876 664 1013 674 536 792 1065 886 969 948 1123 905 862 738 707 658 918 1214 1037 1271 1302 1546 1201 1441 1621 1436 1260 1361 1057 825 744 746 705 504 657 736 1051 1108 653 991 740 879 721 405 499 623 772 772 713 438 584 922 669 646 656 431 397 471 471 350 458 581 398 480 661
942 1351 1619 1187 943 979 737 1165 699 567 806 1120 978 1028 1040 1274 994 944 822 815 833 1146 1531 1342 1537 1575 1872 1464 1724 1940 1740 1630 1718 1354 1053 1060 948 892 661 795 840 1256 1270 792 1308 994 1113 1051 645 719 852 955 959 918 612 751 1248 957 847 851 553 568 658 617 441 621 824 591 732 703
728 1077 1343 958 735 816 579 1080 586 564 798 1085 883 899 869 1033 779 676 590 629 815 1203 1628 1507 1609 1629 1917 1541 1691 1880 1686 1639 1680 1294 1011 1005 808 756 545 715 709 1146 1111 694 1417 1213 1235 1256 758 877 1029 1068 1045 932 712 783 1325 1040 870 846 489 592 557 612 391 602 798 592 765 479
705 1060 1311 971 717 806 630 1185 687 633 823 1054 802 806 718 849 638 505 473 571 790 1167 1557 1531 1547 1563 1813 1457 1556 1767 1560 1548 1568 1202 956 962 743 719 480 663 655 1025 922 636 1403 1273 1253 1353 887 978 1169 1030 981 870 713 754 1254 1046 908 905 457 622 540 649 393 583 753 661 875 440
701 1101 1253 983 694 790 685 1227 705 603 742 949 826 880 783 915 577 502 425 489 773 1164 1638 1588 1586 1687 1841 1383 1644 1786 1564 1607 1617 1084 899 981 738 732 573 609 540 996 1093 709 1438 1286 1180 1322 1054 1014 1041 964 930 914 778 813 1166 1042 818 788 522 762 684 559 396 570 904 721 885 396
990 1452 1516 1255 920 1014 992 1518 1020 778 856 1014 1034 1139 1011 1140 673 669 560 609 897 1248 1814 1741 1732 1909 1964 1447 1897 1971 1709 1789 1847 1110 983 1121 889 880 822 739 614 1108 1401 905 1551 1320 1163 1322 1302 1145 990 961 980 1099 928 1032 1164 1095 828 833 766 971 1023 607 595 683 1222 971 1067 683
1054 1503 1561 1394 1018 1104 1134 1583 1170 757 756 819 821 989 807 960 600 654 637 717 864 1032 1506 1432 1403 1549 1570 1154 1572 1626 1405 1501 1549 924 859 1029 796 828 752 605 570 922 1171 816 1249 1068 959 1126 1194 999 913 761 781 923 787 841 966 985 772 761 740 898 968 609 563 660 1075 893 1039 720
1220 1660 1816 1623 1191 1292 1269 1723 1380 870 827 838 787 997 759 899 580 697 725 794 863 943 1394 1282 1257 1384 1392 1053 1451 1472 1286 1379 1389 854 802 976 744 823 752 542 574 800 1160 819 1073 926 874 949 1132 929 799 668 714 869 757 754 911 961 785 735 796 906 962 592 551 712 1006 846 1025 760
1225 1635 1885 1697 1251 1389 1318 1753 1424 923 891 910 765 1009 712 846 571 720 763 801 804 844 1280 1119 1105 1218 1228 946 1292 1269 1149 1235 1198 772 734 907 671 812 722 465 536 716 1141 797 934 861 794 822 983 820 703 630 678 791 715 635 875 943 753 635 771 902 863 554 476 739 922 727 905 636
1180 1533 1780 1632 1272 1344 1299 1635 1382 831 715 631 482 677 445 538 387 562 681 796 871 857 1202 1078 1077 1146 1122 908 1210 1166 1029 1089 1091 675 727 762 573 700 617 409 536 665 945 785 816 859 855 794 932 873 828 669 693 726 677 550 785 945 797 636 768 811 744 616 479 668 744 616 782 630
1227 1556 1768 1677 1335 1383 1325 1602 1360 793 638 531 411 624 408 483 372 591 727 858 969 945 1250 1144 1168 1224 1184 989 1283 1216 1090 1130 1111 712 795 783 629 723 642 467 643 760 982 873 866 949 963 841 969 956 938 774 790 804 708 597 789 991 880 700 820 839 785 706 546 720 747 642 770 707
1157 1483 1737 1588 1308 1331 1331 1581 1382 786 638 511 334 464 284 389 339 498 680 872 930 857 1132 1026 1036 1068 1041 872 1143 1120 967 987 1063 671 778 712 564 694 569 426 572 689 790 774 731 832 867 803 852 877 954 672 687 666 618 490 751 940 833 667 764 727 663 691 498 609 652 569 724 683
1196 1506 1746 1687 1383 1398 1349 1532 1321 715 552 437 266 468 286 406 407 630 810 962 965 855 1055 930 990 1008 991 842 1087 1047 951 949 949 680 787 735 618 739 587 429 674 746 832 844 692 822 898 754 795 830 950 718 710 672 586 434 719 954 888 675 763 749 661 748 500 686 586 511 657 684
1375 1632 1919 1836 1548 1523 1380 1538 1419 758 521 337 187 353 257 374 447 723 986 1202 1269 1121 1297 1146 1231 1182 1204 1115 1320 1286 1183 1155 1140 924 1024 895 750 841 683 565 875 885 927 1007 806 951 1169 908 956 1047 1182 920 943 873 757 583 974 1181 1169 905 975 839 774 938 647 850 638 606 804 890
1463 1682 2021 1903 1540 1554 1343 1572 1530 825 596 396 192 389 214 322 449 716 1050 1302 1300 1092 1267 1137 1184 1066 1151 1182 1270 1266 1184 1156 1099 999 1031 933 743 804 623 588 936 812 810 897 771 871 1144 904 939 1032 1216 874 944 901 733 618 1040 1130 1215 1011 973 760 785 960 673 905 620 688 960 1039
1378 1702 1891 1832 1394 1425 1234 1543 1311 642 436 319 232 497 289 397 374 651 859 1032 1080 989 1215 1150 1199 1162 1232 1131 1320 1332 1221 1237 1137 910 881 900 736 718 566 525 861 820 864 837 882 868 1061 861 945 956 1050 784 821 869 600 591 854 979 1039 924 792 695 825 813 580 798 643 698 916 944
1311 1594 1753 1768 1451 1414 1221 1383 1135 504 299 174 98 334 270 419 515 792 1005 1164 1193 1059 1161 1056 1191 1111 1228 1151 1286 1308 1217 1206 1146 998 984 931 800 753 586 559 978 969 817 917 865 901 1195 916 818 933 1174 960 927 846 611 511 945 1112 1136 957 799 655 727 970 615 840 522 542 780 913
769 1021 1200 1081 844 780 706 876 784 325 262 175 82 236 220 335 363 476 622 766 803 765 881 788 912 870 946 782 963 1034 878 791 825 601 622 501 428 429 289 297 530 593 550 530 543 553 787 615 590 599 779 582 558 494 393 340 589 647 694 570 478 378 373 532 321 385 259 275 474 595
623 810 1000 863 623 648 705 887 941 567 594 513 385 569 408 479 410 450 583 717 736 699 956 827 858 869 849 687 906 886 754 694 753 425 528 459 325 429 368 290 311 446 653 447 522 561 566 616 712 591 652 481 524 530 552 519 567 534 500 382 550 540 448 385 352 368 504 419 552 549
554 707 1137 887 669 671 591 715 852 573 685 693 387 537 447 585 606 641 772 846 697 650 797 537 674 647 698 522 690 728 673 477 475 456 530 391 315 553 343 235 324 409 703 483 266 379 510 403 442 350 488 406 443 361 455 290 588 520 562 293 500 528 207 318 178 361 251 133 301 340
378 623 862 662 511 494 511 665 540 395 587 680 463 620 545 630 558 516 466 441 388 502 633 499 667 719 759 484 686 738 616 464 534 304 338 212 247 344 219 197 267 482 619 373 405 449 475 386 276 257 395 452 374 253 291 218 345 346 302 182 221 325 108 239 126 175 175 39 104 209
667 879 1339 1060 848 869 770 936 915 741 910 992 643 816 683 768 716 752 752 712 594 665 816 573 751 794 814 569 772 776 726 532 509 438 504 358 370 617 438 299 396 529 925 628 399 546 598 391 418 382 433 544 522 399 505 306 551 572 552 279 503 636 241 343 214 432 304 124 204 264
821 1083 1428 1268 1058 1072 1033 1228 1038 691 721 675 359 542 368 404 441 517 573 585 540 526 627 511 628 648 655 528 653 627 542 484 511 331 411 282 273 416 312 195 415 458 586 538 389 576 644 422 359 456 584 583 486 307 393 154 437 628 542 351 422 469 214 480 257 422 189 102 239 304
656 953 1352 1014 815 846 816 1055 888 588 686 762 432 519 321 400 301 329 358 444 407 505 762 626 732 797 799 550 805 828 693 543 643 344 415 232 255 438 241 229 271 477 663 439 405 506 456 349 267 357 450 362 372 293 234 197 354 396 364 222 312 358 170 226 105 182 282 142 143 264
562 916 1193 893 593 643 574 1017 706 470 613 704 435 568 379 435 307 243 218 241 252 429 650 639 692 729 843 600 730 865 683 637 671 386 272 252 195 228 80 138 242 354 423 213 535 477 520 470 343 346 449 365 297 235 186 175 389 359 335 354 103 195 133 208 64 161 163 166 352 230
342 650 933 528 396 414 471 817 614 573 847 999 743 771 673 716 501 319 205 209 277 561 848 776 866 966 1016 654 897 1007 779 653 827 376 350 211 219 313 213 267 154 482 659 294 627 589 507 540 391 380 421 452 398 305 360 371 448 342 232 229 190 315 138 143 127 73 339 189 240 192
415 652 1102 622 479 511 544 823 859 767 1024 1133 818 839 735 808 596 465 427 455 442 631 968 745 837 931 930 585 891 941 765 584 739 374 433 264 226 483 364 272 97 400 863 409 459 490 421 436 483 375 320 365 408 355 516 433 554 408 306 153 426 532 205 97 142 163 445 207 263 212
376 661 959 675 518 543 634 919 764 653 850 925 648 721 611 676 515 394 343 348 387 571 815 696 755 861 850 502 751 806 637 555 663 300 361 272 217 415 308 192 118 401 675 401 531 614 524 572 534 441 474 460 387 283 477 317 475 501 340 205 316 527 183 223 147 197 352 178 287 93
358 636 874 642 506 530 692 955 775 680 909 984 674 769 606 640 544 373 313 317 304 465 632 598 643 735 722 433 602 673 504 424 559 223 293 192 197 351 244 214 165 399 506 319 505 606 480 576 445 400 539 467 348 212 398 284 351 398 278 229 223 430 134 285 194 168 287 192 282 158
390 599 905 687 522 549 605 757 692 582 837 965 614 786 582 649 628 537 511 507 344 430 538 436 566 606 630 413 540 597 515 321 381 259 323 178 252 412 219 260 298 461 567 335 351 457 387 385 226 226 447 410 347 224 269 238 285 252 284 191 208 353 86 263 158 197 201 118 140 258
368 623 860 728 529 538 577 726 581 419 589 726 460 618 486 636 575 544 547 590 496 602 744 622 736 797 822 493 708 793 709 543 549 412 476 396 392 569 305 282 324 580 673 476 505 601 538 588 448 375 603 460 401 326 332 275 421 447 448 279 277 505 206 325 142 256 306 196 248 198
426 548 927 716 527 546 608 795 941 746 927 901 487 614 438 505 625 495 648 758 592 544 596 500 530 472 520 432 422 519 438 281 320 340 425 285 217 438 229 239 292 283 351 295 277 451 505 575 495 414 697 434 394 249 471 304 515 448 526 387 384 467 114 415 256 324 178 228 457 355
743 937 1354 1053 816 828 983 1114 1351 979 1151 1169 738 847 589 752 824 717 905 1097 715 570 662 535 560 547 534 387 541 682 586 334 456 469 617 474 489 809 469 485 463 471 581 480 261 369 359 544 589 424 731 259 322 340 437 442 467 381 587 498 582 626 389 485 411 379 463 525 645 743
543 736 1091 870 640 699 912 1092 1251 956 1167 1144 747 916 649 768 794 643 759 824 487 346 464 316 306 326 301 175 292 359 277 168 288 207 336 321 239 549 379 226 184 207 443 288 154 263 207 437 506 273 475 213 199 164 464 298 401 356 348 253 450 573 254 343 299 326 369 327 542 431
423 667 712 750 653 717 931 1070 737 626 861 932 699 922 749 845 841 695 631 556 449 471 587 515 579 631 689 522 570 569 489 550 682 378 410 465 369 421 397 302 361 631 497 388 664 738 590 792 387 406 720 758 552 328 518 323 584 647 345 306 285 485 256 586 380 444 437 232 390 244
428 691 788 727 610 605 768 912 692 721 1056 1187 1000 1236 1191 1286 1194 1017 831 627 493 624 663 539 707 805 855 531 683 749 645 588 664 442 442 479 487 575 550 395 440 695 841 565 688 698 674 724 559 397 555 788 566 386 663 445 602 637 430 352 389 672 335 539 427 491 432 232 396 295
484 780 978 774 622 599 748 941 798 793 1129 1270 1029 1223 1137 1200 1070 892 703 536 382 551 599 506 675 797 801 438 657 757 614 468 558 335 359 315 419 557 478 376 388 591 841 529 558 570 547 534 517 339 424 589 418 304 534 403 398 434 359 312 347 610 292 392 355 349 355 232 328 338
484 811 1020 846 645 628 783 939 815 667 918 1044 832 1030 937 1087 936 839 718 611 400 487 587 427 576 714 691 287 607 698 576 437 514 298 363 371 416 630 482 284 287 523 836 532 423 433 400 445 515 264 342 388 275 243 435 295 343 417 336 216 361 633 314 304 246 298 376 208 306 274
229 476 779 440 287 344 402 658 569 552 870 1063 807 896 791 924 703 542 455 431 370 573 894 683 782 877 937 566 831 907 767 629 748 418 409 361 281 469 332 264 104 484 804 328 550 508 392 535 411 275 332 399 394 338 447 405 573 381 232 122 276 467 184 108 100 164 457 187 261 127
218 470 651 485 287 384 464 743 522 485 784 948 705 897 709 814 654 503 413 345 271 426 685 556 617 690 773 495 637 688 587 556 616 326 280 340 221 325 239 175 119 420 585 214 558 526 385 571 347 240 379 447 365 272 382 307 498 373 181 132 147 378 149 186 107 217 373 160 295 79
370 602 1000 563 416 450 426 744 659 608 899 1054 690 726 590 644 539 367 333 375 340 548 788 682 784 806 911 664 789 913 743 557 688 437 394 210 215 339 163 288 229 451 576 249 503 504 484 483 267 312 457 432 418 292 318 334 503 309 305 270 199 257 57 176 112 119 248 153 234 252
425 693 998 679 576 557 682 847 779 727 1025 1156 876 982 897 965 822 676 547 472 365 531 679 528 692 810 789 432 710 773 617 426 579 282 363 209 307 502 395 315 252 523 817 474 441 495 436 408 383 290 348 461 376 265 443 346 359 356 275 172 338 513 190 243 233 200 334 145 163 259
564 869 1189 817 559 587 588 937 846 696 917 1004 777 934 765 772 547 474 369 309 299 498 746 644 753 861 858 539 815 871 687 555 618 265 258 176 207 330 277 217 195 353 784 363 469 431 422 321 470 334 230 347 325 318 387 369 324 276 252 215 302 421 255 111 169 182 321 216 290 315
313 558 844 546 364 398 380 646 504 413 661 808 537 663 517 584 468 368 315 318 283 463 680 578 699 739 823 564 720 805 665 514 589 334 300 184 187 266 121 196 200 427 551 226 459 446 418 404 223 231 368 388 351 254 231 253 371 245 224 178 122 216 58 135 59 99 198 85 148 189
