364 183 143 162 257 239 247 309 411 454 597 426 493 420 293 363 471 326 444 405 382 279 605 844 954 643 501 673 665 596 375 426 471 613 721 514 465 659 529 454 571 612 653 768 689 695 869 708 522 640 395 552 496 415 560 583 595 462 524 490 566 652 501 599 941 885 568 511 671 394
602 248 175 292 416 351 200 362 435 365 265 332 399 283 169 160 237 356 360 278 127 86 461 548 642 507 481 706 879 816 605 691 681 683 697 611 623 760 695 595 624 676 786 894 885 710 874 953 812 967 690 998 898 841 1085 1043 1092 752 626 708 536 734 735 640 957 753 577 588 612 429
444 218 242 347 283 331 298 347 446 647 460 385 556 354 272 194 242 318 339 411 325 245 603 850 869 562 509 691 821 770 615 782 754 803 886 870 882 990 963 806 755 727 723 786 648 570 803 929 820 932 558 926 772 673 881 809 928 478 357 619 311 532 398 469 603 623 599 712 608 338
279 165 178 233 177 201 143 397 562 725 557 252 362 222 198 118 168 217 237 205 183 274 659 803 850 589 511 641 781 731 575 788 805 972 1067 951 892 992 877 783 844 790 763 827 692 675 902 853 698 787 463 803 716 569 714 716 774 414 349 385 353 398 241 261 634 448 329 448 359 293
487 205 176 370 269 323 176 257 345 429 248 290 303 257 142 156 164 374 237 253 127 69 367 573 659 436 417 647 847 839 691 877 883 889 930 850 874 986 929 797 789 814 858 973 897 757 962 1117 968 1182 770 1144 1054 939 1125 1043 1144 684 585 763 447 624 611 626 927 677 730 667 641 395
231 226 207 282 87 282 255 347 386 673 563 286 372 328 296 311 284 356 245 314 371 352 471 807 829 501 367 524 582 574 486 723 791 959 1078 916 812 932 820 726 749 703 657 784 575 631 829 837 706 828 433 804 835 706 813 764 878 507 535 579 570 457 253 475 749 573 577 465 461 226
318 135 184 230 187 228 187 350 385 472 310 191 347 223 156 154 152 275 191 252 216 147 351 575 605 321 266 418 546 518 413 594 605 672 731 701 683 765 726 603 588 576 591 685 554 508 724 854 752 852 490 902 820 727 914 824 964 508 416 614 446 520 409 514 767 621 581 597 558 222
630 293 359 532 415 393 264 527 736 859 650 494 567 439 339 220 274 421 410 411 251 304 751 864 962 684 654 831 1100 1036 868 1093 1074 1146 1196 1161 1239 1336 1272 1159 1207 1209 1233 1288 1139 1037 1355 1426 1205 1367 912 1308 1046 922 1119 1086 1172 710 562 708 349 582 549 396 772 550 547 738 531 525
652 299 331 439 369 364 228 615 687 840 525 456 613 411 289 154 213 239 385 330 252 290 792 844 776 566 555 699 941 876 712 884 873 1026 1250 1346 1369 1490 1374 1239 1259 1163 1133 1168 1025 890 1109 1218 1086 1154 729 1097 800 770 911 818 951 581 447 633 293 566 567 485 759 743 700 817 716 516
350 124 220 216 258 226 180 486 586 700 652 372 587 463 258 227 377 257 344 367 352 362 668 811 893 557 471 576 704 639 467 592 588 726 935 975 961 1046 934 851 927 903 936 1041 864 938 1257 1218 1086 1118 691 1064 754 585 658 559 644 305 271 349 258 366 299 275 610 495 472 549 543 274
445 167 230 188 353 311 235 527 556 590 505 336 653 440 236 160 324 196 341 356 333 327 637 689 722 508 481 615 767 667 467 547 526 635 809 877 805 864 786 702 746 724 786 877 731 730 1004 1059 986 966 613 1023 732 600 753 647 706 372 235 369 231 366 356 278 505 491 421 527 526 254
523 165 138 259 311 329 191 281 291 403 362 444 573 509 193 204 378 280 377 379 310 197 543 709 769 531 493 708 846 804 580 623 601 649 893 945 942 1082 962 835 859 842 902 1037 953 893 1120 1200 1120 1239 802 1092 821 723 801 655 737 427 406 575 258 540 587 566 767 756 821 699 833 414
595 274 254 397 322 438 348 368 442 688 658 597 762 602 408 267 382 261 471 514 449 372 771 945 958 712 656 900 1060 938 700 812 820 973 1117 1009 951 1112 1008 901 969 939 929 987 793 709 958 1000 828 935 534 804 605 578 778 772 799 559 473 617 225 460 423 345 486 643 561 611 560 478
503 318 360 383 383 470 374 579 654 756 630 367 630 433 379 214 259 305 340 391 368 430 666 728 767 609 593 780 996 871 703 907 927 1073 1058 919 776 813 764 706 774 761 782 837 636 586 857 949 811 846 524 983 904 796 1070 1082 1099 709 501 594 414 395 330 214 473 364 266 433 262 331
552 636 544 587 421 735 683 675 651 991 697 468 715 480 587 450 365 504 443 536 632 668 808 1047 933 806 771 981 1086 1027 928 1208 1272 1461 1481 1255 971 1023 970 860 804 703 606 668 451 385 490 657 618 661 405 872 1075 965 1228 1234 1289 874 699 848 768 597 383 604 656 670 642 634 517 449
372 293 292 363 216 407 295 454 456 642 367 203 378 254 237 163 110 278 161 226 263 296 461 621 583 426 426 613 806 775 681 944 993 1137 1192 1081 914 950 880 775 770 699 651 730 556 481 661 846 773 857 495 976 1015 895 1089 1032 1124 656 505 676 485 427 350 448 682 516 577 543 460 296
421 299 237 326 228 469 311 364 361 633 488 380 566 464 284 146 232 120 259 276 372 412 739 810 744 664 694 934 1120 1045 828 997 1047 1296 1501 1344 1067 1142 966 871 956 817 722 778 620 542 702 782 734 789 444 762 760 656 772 760 740 483 396 521 238 299 308 317 502 576 633 525 580 475
590 615 520 468 500 560 606 821 898 1242 961 634 884 523 651 414 470 408 695 597 671 771 1290 1454 1284 1072 928 1020 1011 921 754 910 892 1151 1318 1236 1088 1259 1121 980 947 731 605 588 471 429 493 403 386 334 222 446 515 544 742 790 892 620 572 633 757 816 428 585 686 908 523 779 666 598
576 627 528 493 486 673 578 825 778 1059 705 441 731 475 539 329 341 409 482 439 566 719 980 1055 896 844 804 945 1062 998 874 1095 1111 1338 1467 1388 1110 1166 1039 938 903 702 613 657 511 458 540 637 686 635 436 862 999 947 1135 1109 1193 792 653 727 773 645 433 535 666 659 562 632 541 490
572 559 375 469 400 651 566 482 466 896 658 591 788 565 521 328 407 366 543 529 609 626 1013 1224 1083 971 909 1142 1195 1135 931 1077 1071 1260 1454 1321 1082 1229 1083 931 872 676 566 615 499 407 464 534 570 613 381 639 759 731 894 882 932 624 571 717 554 640 425 580 553 781 729 700 703 568
434 255 245 171 352 435 309 556 465 560 463 314 692 499 266 176 351 171 322 336 419 442 635 656 624 528 525 686 823 726 523 594 597 753 982 1026 798 831 711 646 685 607 649 767 608 626 838 931 953 881 556 996 819 683 802 675 704 405 275 371 297 296 315 281 427 452 466 427 514 232
560 259 159 184 382 379 178 513 479 497 370 313 544 378 195 110 270 217 347 238 196 266 572 554 569 520 488 677 856 757 532 595 591 690 863 874 756 861 730 677 728 707 815 950 854 777 956 1004 941 956 648 1036 846 766 930 834 863 593 461 430 390 444 486 331 589 452 356 336 386 262
767 394 384 307 638 459 403 818 757 656 553 496 816 538 421 409 547 545 645 583 460 389 616 727 760 530 404 506 578 479 322 325 273 245 362 542 619 753 738 654 605 662 858 1010 912 884 1096 1173 1105 1079 795 1228 916 902 1135 961 1130 769 635 693 760 869 779 721 901 801 541 668 665 277
836 401 333 275 613 517 373 770 587 535 529 601 902 736 431 395 619 411 682 565 539 452 697 719 687 560 462 610 694 583 361 278 246 323 614 805 778 952 812 745 781 742 898 1053 974 938 1099 1150 1147 1096 785 1093 785 869 991 802 935 740 713 725 690 850 887 762 932 981 777 697 882 447
575 269 277 244 321 351 283 601 430 495 468 454 659 586 353 347 431 276 461 426 492 358 540 683 598 367 262 396 463 396 253 280 310 495 776 859 804 979 818 727 793 693 709 815 684 667 811 869 830 832 480 747 595 718 804 665 844 630 684 778 664 767 729 785 1013 1085 911 757 934 437
704 452 481 379 446 572 560 805 541 630 718 649 944 862 623 633 689 424 647 691 839 630 646 841 720 472 346 488 500 398 269 280 357 607 884 903 756 927 775 714 809 723 724 838 623 664 807 869 829 780 440 720 623 783 895 773 936 809 877 961 888 865 811 941 1089 1289 1067 844 1067 530
809 427 524 507 479 654 543 768 485 552 585 650 945 928 569 549 600 397 553 665 781 555 545 667 561 365 349 547 711 611 481 531 600 816 1085 1159 1016 1122 989 917 1020 937 936 1040 805 780 994 1225 1188 1180 705 1077 893 1031 1144 976 1137 902 885 1115 698 776 904 910 1061 1226 1242 978 1158 626
1090 631 622 712 683 912 685 826 507 668 613 853 1144 1116 699 577 683 535 722 803 867 675 725 799 668 590 608 882 1113 1004 829 859 880 1032 1319 1441 1289 1407 1266 1174 1218 1095 1119 1233 1024 918 1111 1439 1465 1481 975 1362 1169 1342 1474 1275 1429 1133 1068 1327 727 897 1086 970 993 1205 1357 1078 1211 798
980 624 489 650 654 844 613 609 398 600 378 690 898 790 537 387 474 551 630 648 624 494 694 818 707 678 695 993 1191 1130 945 1010 970 995 1163 1238 1125 1252 1162 1010 924 796 827 932 852 651 754 1102 1179 1262 884 1255 1220 1334 1537 1368 1521 1083 964 1255 732 960 1011 962 915 1044 1170 997 1045 712
864 651 417 657 623 837 614 414 326 659 399 690 793 696 507 361 474 637 637 632 579 502 808 1030 976 926 913 1237 1376 1365 1155 1250 1179 1145 1281 1267 1154 1299 1203 1015 869 727 739 858 845 651 720 995 1094 1252 920 1232 1312 1315 1493 1359 1475 976 900 1165 723 968 897 937 863 927 1113 952 985 724
946 714 453 803 666 989 625 381 354 680 432 706 746 744 510 345 449 682 565 579 497 525 783 909 947 1019 1091 1504 1794 1767 1521 1698 1671 1645 1700 1533 1328 1410 1300 1168 1102 1026 1062 1208 1152 921 1057 1367 1384 1618 1198 1602 1699 1575 1775 1691 1681 1173 1007 1186 622 769 865 739 779 633 1005 771 751 789
1243 994 750 1212 865 1343 883 614 650 1022 851 1023 978 1100 828 653 708 945 748 815 734 834 1012 1096 1209 1323 1443 1931 2357 2299 2037 2320 2381 2445 2445 2078 1787 1837 1692 1633 1703 1697 1716 1878 1700 1474 1703 1993 1854 2172 1614 2079 2171 1961 2166 2164 2036 1601 1396 1457 761 772 1019 760 952 649 1158 831 753 1106
1116 975 771 1184 778 1281 889 685 784 1271 1124 1066 1057 1146 905 723 791 913 770 858 833 991 1187 1317 1426 1440 1505 1934 2313 2246 1994 2316 2401 2561 2635 2248 1933 1985 1809 1768 1876 1853 1824 1981 1712 1602 1882 2042 1855 2129 1539 2003 2031 1748 1890 1913 1767 1397 1239 1220 665 590 757 560 786 515 1008 736 628 1032
1084 1024 871 1198 793 1359 990 838 867 1348 1239 1049 1146 1235 1003 825 866 955 767 921 978 1148 1150 1277 1376 1391 1452 1855 2229 2143 1933 2284 2403 2609 2667 2266 1865 1862 1699 1699 1830 1814 1787 1962 1609 1583 1898 2080 1910 2116 1510 2076 2132 1824 1971 1982 1835 1455 1277 1227 763 503 668 498 718 420 945 649 530 943
996 956 832 1058 786 1301 970 876 860 1278 1195 941 1164 1183 965 772 842 907 731 903 974 1145 1056 1162 1265 1282 1324 1691 2031 1919 1721 2038 2134 2309 2333 1992 1578 1542 1421 1439 1543 1542 1566 1753 1387 1414 1750 1944 1821 1946 1388 2022 2058 1748 1933 1918 1787 1372 1155 1099 751 420 544 360 529 242 712 495 351 740
746 838 829 988 636 1071 883 859 981 1406 1265 813 984 972 894 710 708 797 623 793 905 1101 1155 1307 1387 1261 1280 1547 1832 1756 1609 1998 2099 2358 2362 1989 1622 1582 1457 1436 1559 1496 1403 1503 1165 1221 1551 1638 1482 1601 1116 1670 1771 1452 1612 1670 1579 1135 973 981 734 441 402 364 661 384 702 645 446 776
716 848 897 1021 646 1055 927 917 1097 1512 1351 825 1005 955 923 752 724 795 632 821 946 1141 1256 1418 1488 1310 1339 1573 1844 1773 1638 2053 2163 2454 2453 2067 1705 1649 1536 1501 1631 1565 1428 1493 1151 1215 1552 1611 1433 1541 1078 1620 1714 1361 1521 1604 1509 1070 896 952 722 453 380 402 728 486 756 764 549 837
620 759 815 935 549 891 824 848 1075 1555 1419 845 963 921 905 704 703 727 664 798 926 1118 1355 1563 1617 1344 1298 1487 1691 1629 1490 1880 1963 2290 2344 1989 1708 1723 1565 1506 1645 1513 1336 1367 1057 1149 1471 1417 1237 1346 912 1323 1412 1145 1257 1365 1323 917 858 890 710 532 338 387 746 576 726 806 588 861
565 705 829 851 549 857 828 930 1119 1538 1414 786 1028 927 878 701 723 655 628 800 966 1140 1329 1503 1540 1251 1225 1371 1564 1487 1357 1722 1806 2147 2244 1966 1658 1627 1491 1440 1579 1459 1293 1326 984 1125 1478 1442 1288 1318 881 1355 1353 1043 1143 1210 1168 773 675 748 614 412 250 320 651 538 691 797 607 757
670 886 1078 1030 645 1009 1022 1223 1349 1789 1564 868 1166 1037 1054 854 787 719 702 903 1168 1349 1496 1646 1567 1284 1290 1389 1591 1522 1455 1878 1997 2442 2570 2313 1937 1871 1725 1664 1809 1609 1348 1330 948 1087 1403 1421 1303 1271 850 1359 1426 1170 1261 1331 1335 927 815 966 824 557 376 542 874 835 968 1074 872 944
770 1049 1166 1111 689 1144 1187 1341 1391 1960 1691 1005 1349 1148 1217 1026 928 819 842 1057 1358 1505 1605 1850 1683 1388 1344 1445 1572 1502 1454 1871 2012 2482 2680 2435 2023 1999 1854 1782 1867 1654 1373 1376 935 1092 1348 1374 1273 1212 795 1312 1399 1168 1258 1302 1333 985 889 1017 956 622 378 676 856 956 1072 1111 933 934
780 954 1012 1089 640 1160 1088 1064 1125 1682 1461 955 1243 1116 1063 915 858 783 719 974 1194 1307 1378 1620 1545 1320 1344 1554 1765 1698 1595 2000 2143 2516 2686 2392 1971 1928 1802 1737 1821 1698 1484 1545 1112 1212 1508 1621 1486 1523 1006 1568 1598 1268 1369 1385 1337 974 820 969 701 428 353 557 703 726 1053 958 820 863
674 778 1011 939 572 893 940 1212 1277 1708 1440 846 1205 1005 966 818 756 596 667 887 1135 1216 1409 1591 1440 1090 1098 1165 1345 1280 1225 1595 1710 2146 2405 2311 2010 1971 1841 1745 1846 1652 1390 1373 966 1093 1406 1477 1359 1294 810 1324 1206 983 1040 1022 1092 726 611 865 639 504 374 608 847 974 1113 1193 1049 853
352 423 573 561 202 496 488 753 810 1144 942 467 647 584 527 481 401 286 305 427 656 722 933 1110 1000 698 692 792 956 929 858 1195 1341 1768 2024 1846 1568 1590 1401 1317 1469 1301 1063 1081 772 844 1077 1084 936 961 512 911 894 713 731 734 789 510 492 636 490 358 271 514 898 874 946 853 855 620
522 599 560 673 320 655 546 732 876 1240 1055 587 649 587 613 555 483 465 432 461 587 760 1024 1194 1171 980 943 1128 1315 1265 1130 1487 1653 2032 2186 1819 1520 1593 1395 1359 1526 1460 1302 1377 1078 1094 1295 1212 962 1081 672 1059 1114 863 955 1041 979 782 720 627 619 385 304 439 862 661 681 565 518 641
298 337 390 240 226 454 375 752 623 765 703 272 604 534 396 358 392 191 255 297 562 654 652 696 613 487 455 559 677 599 488 681 806 1173 1416 1293 920 927 730 726 889 761 686 792 529 653 847 845 811 715 382 834 847 714 763 709 732 523 490 447 587 268 236 345 690 587 560 388 516 296
163 42 163 98 78 131 100 418 436 448 434 131 305 276 122 182 211 104 108 145 251 232 394 515 548 273 233 336 455 414 292 460 547 790 962 866 719 774 631 576 726 690 656 749 581 638 874 853 720 753 390 749 651 514 583 530 593 330 326 389 386 328 298 402 850 674 584 487 608 247
272 245 372 175 308 433 362 695 556 490 535 163 535 506 313 334 395 272 209 306 517 539 399 426 464 330 326 437 569 492 387 536 626 858 958 863 538 484 368 377 528 488 519 656 451 585 840 914 907 820 508 1029 1039 874 985 897 927 596 516 541 658 344 354 397 777 534 525 384 518 215
158 228 446 303 240 311 381 674 764 852 799 236 506 417 391 379 369 365 251 391 538 581 631 820 885 519 446 490 583 543 488 755 816 1051 1093 969 800 773 700 644 749 690 626 689 460 624 938 922 820 802 467 941 933 721 839 818 910 460 413 526 618 414 206 369 797 557 495 598 530 288
198 186 252 247 188 331 322 347 444 636 718 341 514 487 358 283 367 288 295 390 486 492 640 844 946 658 570 740 825 751 584 769 811 1020 1061 818 627 687 565 508 638 577 536 612 430 525 801 739 632 695 378 693 747 604 743 782 790 458 465 515 458 374 198 248 577 468 401 419 409 341
248 197 159 254 119 354 260 221 191 435 367 250 370 375 219 240 267 315 186 290 359 294 355 643 683 448 389 609 706 700 573 763 812 928 1048 901 730 808 701 601 614 568 549 697 532 553 748 859 806 933 526 916 966 817 919 830 908 505 502 628 469 405 316 489 691 545 691 474 553 245
302 128 97 216 138 234 114 184 215 277 281 220 195 282 128 174 196 282 184 173 177 120 306 503 599 387 326 544 672 662 507 661 714 833 894 692 609 739 595 512 614 592 601 721 660 602 771 795 670 858 515 775 850 796 917 895 962 633 677 724 584 615 562 615 1029 759 709 518 635 399
392 286 235 277 245 443 246 430 349 383 429 249 332 449 274 262 290 317 225 208 321 369 363 424 495 438 405 634 814 757 602 773 875 1088 1136 869 601 670 484 486 668 626 651 794 662 655 830 860 770 868 544 901 1060 1005 1135 1133 1133 862 864 764 747 520 544 490 944 598 572 312 440 401
254 178 142 224 193 305 140 272 335 403 365 168 206 282 138 137 200 304 153 135 174 251 400 513 643 504 472 677 846 832 671 865 910 1036 1076 860 689 744 592 541 653 616 639 774 701 696 903 911 826 967 634 990 1083 911 1016 996 1009 617 608 586 554 458 414 401 858 456 502 359 425 341
176 118 91 174 146 151 102 201 384 488 474 226 193 218 136 195 268 340 237 194 177 205 515 754 913 607 492 645 706 717 551 723 746 850 920 718 678 806 664 571 653 640 648 771 730 754 955 832 688 865 563 805 833 643 723 722 767 416 486 467 541 565 382 491 958 618 524 472 544 344
143 79 112 37 129 121 163 349 431 505 575 248 411 315 196 277 383 209 284 283 347 304 555 783 861 517 382 479 462 419 249 344 392 579 757 636 536 660 525 453 555 547 553 671 547 650 857 702 573 611 335 591 497 330 401 369 412 211 271 259 444 424 248 424 783 687 471 429 584 208
215 141 98 111 187 270 181 265 350 523 531 297 471 399 179 159 350 166 266 253 322 365 685 813 891 691 640 814 892 843 607 707 724 900 1119 994 797 880 705 628 723 658 653 774 671 728 942 851 795 842 525 807 716 486 527 486 454 210 217 228 232 265 197 242 533 454 457 374 518 297
186 330 263 189 173 280 308 546 597 848 732 314 445 334 346 394 437 334 369 309 472 547 802 1061 1025 735 573 640 582 588 468 643 715 984 1238 1094 899 1031 835 749 801 680 594 711 580 698 799 619 559 574 338 606 674 498 505 475 549 328 433 348 713 542 253 580 916 788 613 506 655 319
434 571 427 438 367 579 587 623 737 1199 1349 857 933 910 759 754 946 564 797 737 924 1003 1327 1639 1678 1339 1101 1240 1135 1085 846 956 1043 1404 1766 1480 1230 1448 1147 1104 1273 1150 1053 1195 988 1207 1374 983 849 897 592 689 694 500 423 472 422 428 674 413 743 596 311 538 849 880 728 545 763 651
383 446 324 344 284 444 376 624 711 1024 1057 575 648 632 542 563 679 503 563 482 599 741 951 1188 1257 980 771 895 893 853 675 845 941 1231 1497 1267 1072 1242 993 981 1132 1080 1064 1242 1025 1201 1396 1112 942 1005 654 920 885 676 659 660 653 536 677 377 737 488 283 415 836 590 483 320 442 398
453 219 284 313 331 142 174 621 878 980 818 470 543 331 326 324 408 410 508 411 281 331 878 1090 1172 720 542 576 642 604 458 615 598 717 897 937 1110 1294 1194 1075 1115 1118 1143 1217 1094 1119 1387 1210 965 1058 700 979 639 503 606 560 704 386 387 387 481 681 449 497 940 750 470 718 619 386
460 173 295 225 341 227 126 695 680 493 443 244 384 385 170 338 398 353 290 238 250 238 394 447 532 269 224 287 443 431 324 436 503 644 868 942 934 1001 863 821 958 998 1087 1248 1139 1179 1429 1426 1275 1320 900 1318 1032 880 907 743 865 574 566 565 647 635 718 739 1311 913 838 691 876 361
323 126 224 169 256 233 136 504 475 311 408 208 301 416 150 367 436 358 230 228 298 243 279 393 539 280 232 344 460 461 338 442 536 685 868 805 710 767 610 586 763 816 896 1085 987 1070 1316 1284 1149 1234 828 1198 1056 869 873 744 810 550 609 581 679 582 660 735 1316 889 871 587 867 352
330 149 192 186 240 330 146 450 428 408 538 289 424 555 202 302 458 280 237 239 342 381 431 475 628 457 430 599 774 732 544 656 747 951 1179 1064 859 899 688 699 921 934 1004 1199 1038 1151 1444 1386 1264 1328 870 1254 1090 860 839 738 716 499 541 434 450 312 449 382 913 538 652 360 600 339
464 211 101 185 235 357 131 356 279 331 326 281 388 408 176 156 262 216 254 180 203 228 385 433 478 420 377 613 790 718 512 606 666 822 981 851 677 801 617 591 719 698 770 931 814 761 929 960 863 954 594 927 880 833 949 886 899 681 658 572 493 444 518 412 762 540 510 282 425 310
426 184 76 170 215 275 110 345 356 459 358 273 391 296 149 152 249 251 269 205 151 173 430 567 620 459 378 575 713 656 467 582 614 708 874 810 739 879 751 686 731 751 837 1002 871 828 1014 1027 891 994 619 987 830 707 838 748 796 525 466 416 392 407 397 373 663 457 412 301 364 187
273 159 122 128 138 220 188 306 258 359 361 245 342 319 204 243 278 248 268 255 323 229 392 629 634 384 267 428 449 421 283 384 432 592 730 606 500 655 513 422 482 420 413 526 438 436 559 549 483 568 292 536 599 600 715 665 777 512 583 631 648 640 488 654 944 860 684 526 682 305
246 81 178 131 183 182 107 420 434 329 456 193 272 377 159 277 342 262 201 192 273 247 337 439 575 322 258 384 500 468 326 449 536 734 851 700 582 657 487 468 676 686 726 863 760 830 1074 997 849 933 584 890 842 724 778 735 779 536 603 557 625 532 536 557 1138 780 663 482 680 356
323 257 272 317 190 457 290 400 317 331 386 192 288 433 244 368 327 375 126 230 355 328 179 335 443 313 319 553 740 717 609 833 986 1176 1218 929 644 655 522 523 691 737 762 947 748 781 1003 1106 967 1101 678 1146 1257 1062 1174 1124 1115 809 773 753 695 397 491 575 1028 615 748 369 541 321
224 87 84 95 80 177 127 280 268 364 343 185 320 264 131 176 214 151 169 186 242 175 357 558 576 331 255 419 493 451 303 433 498 674 828 705 579 697 567 488 568 543 536 653 514 516 689 693 581 659 328 638 602 516 629 575 643 391 396 452 422 409 333 465 770 674 568 427 555 214
