58603 38278 35762 28595 28003 28020 28055 27440 24012 23140 22537 22546 22631 22947 23288 23616 23940 24419 24910 25293 25674 26143 26675 27184 27624 28035 28517 29094 29643 30118 30711 31296 31929 32599 33252 33967 34670 35312 35672 36110 37019 37816 38387 39135 39892 40345 40993 41535 41354 41282 41348 41455 41690 41822 42287 42744 43051 43628 44385 44908 45230 45469 45995 46335 46401 46714 47135 47901 48346 49012
58300 38122 35622 28285 27879 27866 27858 27295 23756 22891 22228 22345 22513 23029 23463 23957 24452 25007 25450 25810 26230 26529 26942 27104 27559 27926 28548 29048 29566 30060 30684 31305 31930 32549 33203 33932 34427 35009 35590 36129 36862 37833 38566 39223 40215 40443 41128 41077 41227 40981 41121 41368 41520 41692 42211 42377 42881 43349 44120 44645 44936 45296 45668 45661 46082 46396 46992 47569 47907 48524
57714 37907 35326 27900 27629 27596 27708 27038 23594 22754 22072 22149 22481 23354 23734 24047 24528 24917 25325 25766 26031 26386 26577 26967 27368 27838 28367 28885 29432 29942 30592 31160 31755 32399 33056 33671 34180 34764 35351 35980 36743 37765 37985 39000 39766 40130 40644 40968 41178 40625 40773 41163 41066 41416 41613 41927 42312 42613 43300 43883 44379 44767 44677 44954 45331 45826 46302 46876 47058 47856
56918 37528 34979 27616 27329 27479 27366 26762 23419 22563 21971 22097 22485 22962 23310 23785 24212 24746 25159 25414 25791 25957 26385 26720 27176 27540 28015 28517 29056 29595 30194 30788 31370 31973 32557 33195 33771 34305 34903 35585 36457 37239 37959 38710 39632 39891 40409 40650 40669 40353 40643 40686 40883 41149 41331 41672 41915 42264 42922 43614 44017 44088 44322 44641 45035 45510 45983 46371 46786 47286
56303 37175 34609 27387 27113 27086 27058 26595 23331 22416 21857 21979 22172 22650 23132 23644 24231 24727 24962 25209 25279 25661 26112 26578 27027 27379 27920 28453 29010 29500 30135 30710 31282 31883 32503 33166 33664 34236 34982 35605 36258 37330 37986 39041 39671 39889 40458 40300 40373 40204 40360 40630 40767 41042 41302 41518 41787 42167 42950 43433 43619 43907 44141 44480 44937 45271 45721 46303 46530 47203
55488 36782 34272 27065 26823 26877 26756 26356 23237 22315 21781 21818 22084 22688 23243 23712 24177 24549 24751 24811 25205 25577 26038 26403 26774 27173 27707 28256 28813 29351 29954 30514 31060 31651 32287 32937 33509 34142 34722 35358 36211 37230 37938 38608 39297 39569 39865 40046 40187 39906 40030 40353 40520 40761 40909 41088 41325 41736 42290 42753 43061 43431 43695 44069 44370 44729 45219 45656 45978 46280
54838 36386 34026 26943 26618 26585 26500 26209 23097 22159 21614 21704 22054 22713 23305 23845 24172 24603 24531 24785 25112 25546 25972 26327 26737 27159 27734 28343 28980 29598 30314 31004 31698 32457 33265 34106 34460 34880 35369 36060 36917 37698 38058 38989 39532 39409 39612 39768 39844 39793 40044 40393 40596 40980 41377 41679 41909 42249 42908 43351 43683 43767 43928 44189 44451 45070 45148 45573 45649 45985
54124 36053 33764 26729 26401 26459 26325 26057 23013 22049 21583 21804 22201 22773 23334 23643 24147 24180 24392 24674 25347 26019 26689 27240 27770 28210 28858 29513 30239 30558 31079 31903 32551 32980 33248 33740 34129 34569 35258 36006 36605 37350 38082 38694 39268 39027 39396 39537 39665 40083 40656 41003 41189 41273 41251 41362 41643 41999 42533 43064 43160 43327 43609 43843 44396 44478 44757 45162 45033 45453
53048 35422 33088 26153 25881 25861 25768 25619 22777 21736 21371 21515 21845 22589 22791 23276 23382 23770 24016 24590 25187 25743 26361 26873 27410 27914 28592 29300 29676 30071 30937 31584 31997 32293 32804 33284 33712 34243 34998 35625 36221 37218 37597 38058 38503 38539 39087 39202 39773 39932 40358 40825 40647 40873 40732 41027 41267 41433 41934 42226 42533 42970 43133 43514 43580 43713 44179 44289 44392 45007
51877 34795 32418 25733 25460 25398 25357 25202 22582 21494 21213 21325 21617 21988 22342 22488 22820 23225 23758 24311 24919 25547 26188 26732 27275 27810 28512 28847 29272 30045 30752 31171 31459 31947 32420 33001 33536 34146 34744 35371 36252 36901 37118 37437 38119 38365 38801 39207 39565 39812 40232 40286 40217 40283 40393 40604 40729 40802 41090 41531 42030 42396 42717 42724 42745 43122 43198 43482 43779 44270
50889 34264 31849 25317 25070 24989 24978 25056 22385 21212 21019 21072 21303 21706 21866 22296 22656 23223 23875 24547 25253 25899 26343 26715 27264 27780 28081 28472 29279 29876 30341 30664 31106 31534 32134 32800 33369 33880 34578 35381 36014 36517 36766 37600 38518 38867 39470 39971 40379 39730 39964 39947 39973 40116 40167 40326 40597 40477 40892 41449 41914 42251 42408 42287 42616 42681 42860 43322 43654 44221
50031 33887 31366 24928 24729 24632 24814 24869 22182 20972 20863 20856 20920 21145 21614 22101 22608 23283 23931 24602 25193 25676 26178 26682 27176 27255 27611 28380 28987 29332 29707 30151 30543 31096 31742 32474 32939 33584 34471 35039 35523 36139 36711 37631 38484 39026 39811 40339 40543 39447 39541 39741 39656 39689 39722 39955 40017 39987 40572 41140 41625 41748 41724 41965 41984 42213 42563 43071 43354 43597
49037 33444 30915 24553 24402 24462 24904 24613 21991 20781 20690 20639 20644 21457 21978 22630 23350 24080 24504 24973 25334 25709 26289 26588 26607 26759 27468 28035 28446 28732 29227 29639 30142 30684 31412 32078 32691 33492 34108 34556 35103 36237 36839 37764 38683 39173 39775 40117 40112 39042 39150 39467 39227 39228 39250 39294 39310 39474 40079 40752 40868 40986 41220 41228 41400 41742 42037 42548 42451 42855
48368 33123 30582 24185 24130 24462 24677 24254 21704 20518 20440 20372 20620 21371 22194 22718 23282 23814 24265 24553 24891 25399 25789 25757 25928 26463 27022 27387 27719 28097 28589 29084 29643 30341 31004 31671 32362 33086 33633 34027 35112 36302 36831 37586 38645 38943 39416 39517 39643 38599 38891 38943 38734 38880 38759 38718 38796 38994 39782 40146 40295 40669 40782 40684 41046 41199 41735 42000 41734 42149
47785 32806 30197 23796 23935 24215 24318 23920 21448 20251 20231 20085 20339 21454 21949 22572 23231 23740 23956 24082 24440 24800 24937 25091 25682 26051 26454 26774 27151 27502 28060 28583 29290 29991 30628 31386 32016 32609 33080 34044 35179 35952 36477 37363 38445 38625 38910 39141 39273 38288 38464 38817 38323 38590 38214 38211 38377 38780 39231 39588 40144 40308 40183 40322 40520 40947 41421 41362 41254 41721
47222 32400 29884 23595 23650 23775 24052 23469 21056 19922 19883 19813 20097 20753 21556 22273 22964 23514 23305 23444 23736 23917 24221 24773 25132 25391 25749 26115 26439 26899 27481 28150 28824 29454 30142 30873 31436 32035 32862 33761 34332 35373 36111 36950 37919 37940 38192 38308 38844 37914 38122 38409 37813 38025 37620 37665 37923 38100 38640 39398 39572 39559 39638 39796 40126 40501 40602 40770 40576 40932
46514 32005 29572 23421 23406 23725 23946 23230 20937 19801 19821 19692 19828 20791 21585 22307 23013 23060 22886 23010 23165 23489 24177 24491 24758 24960 25342 25655 26119 26602 27323 27986 28577 29256 29946 30664 31259 32135 32871 33332 34187 35282 35947 36815 37798 37485 37770 38317 38717 37721 37933 37985 37512 37582 37236 37407 37492 37711 38546 38915 38921 39098 39242 39512 39807 39834 40055 40151 39985 40315
45916 31660 29256 23236 23343 23734 23488 22955 20741 19637 19628 19564 19823 20951 21613 22518 22324 22282 22162 22132 22452 23151 23614 23858 24063 24255 24589 25027 25529 26135 26894 27487 28161 28832 29528 30294 31130 31907 32390 33023 34106 35347 36063 36626 37003 36978 37501 37971 38875 37334 37426 37491 37052 37450 36821 36916 37140 37546 38022 38197 38385 38696 38971 39424 39155 39245 39493 39460 39272 39683
45308 31208 28744 22998 23104 23391 22971 22453 20284 19198 19185 19085 19441 20307 21288 21627 21307 21225 21209 21405 22063 22611 23060 23334 23560 23785 24243 24713 25258 25921 26562 27186 27857 28523 29187 30086 30761 31420 31989 32645 33707 34872 35493 35588 36462 36728 37214 37858 38665 36971 36931 37006 36586 36997 36241 36332 36656 36851 37240 37474 37840 38197 38497 38595 38316 38420 38648 38496 38421 38814
44544 30694 28196 22778 22706 22679 22405 21979 19910 18857 18833 18722 18872 20005 20534 20490 20377 20436 20512 20959 21481 22046 22557 22793 23009 23299 23803 24344 24949 25495 26181 26808 27471 28115 28932 29770 30378 30987 31532 32343 33299 34237 34329 34959 36135 36351 37081 37695 38441 36624 36361 36492 36127 36379 35697 35894 36056 36113 36471 36922 37346 37728 37820 37747 37524 37631 37779 37664 37694 38094
43928 30322 27845 22651 22440 22194 21848 21546 19546 18580 18489 18452 18744 19434 19645 19520 19481 19652 20012 20443 21056 21614 21958 22146 22387 22721 23260 23836 24371 24965 25660 26294 26924 27666 28438 29201 29752 30415 31122 31770 32547 33274 33757 34666 35655 36086 36729 37379 37867 36178 35813 35746 35567 35746 35161 35262 35309 35234 35866 36448 36776 37148 37370 36909 36747 36795 36753 36882 36801 37200
43121 29977 27402 22376 22137 21799 21464 21307 19317 18363 18294 18360 18594 18891 18848 18978 19074 19345 19689 20224 20813 21258 21614 21798 22058 22343 22889 23396 23979 24568 25274 25902 26621 27323 28056 28821 29430 30125 30826 31500 32216 33072 33780 34769 35842 36296 37058 37308 37432 35878 35293 35306 35251 35464 34714 34665 34785 34987 35614 36028 36511 36692 36824 36361 36168 36155 36239 36233 36371 36692
42384 29725 26978 22083 21862 21396 21158 21073 19168 18241 18126 18211 18284 18341 18444 18680 18854 19155 19763 20244 20654 21034 21338 21564 21843 22186 22725 23313 23921 24533 25222 25900 26625 27371 28210 29118 29806 30535 31353 32066 32632 33515 34309 35426 36182 36395 36928 37096 37289 35594 34799 34959 34928 35272 34203 34091 34336 34497 34976 35622 35979 36068 36635 35623 35372 35409 35347 35644 35659 36176
41332 29297 26375 21543 21319 20964 20859 20668 18788 17867 17802 17752 17652 17774 17989 18337 18589 19279 20023 20537 21052 21537 21914 22187 22464 22804 23341 23883 24466 25064 25728 26329 26951 27520 28243 29019 29632 30455 31214 31787 32430 33378 34161 35169 35815 36133 36753 36967 37365 35258 34408 34591 34593 34926 33441 33369 33590 33684 34418 34937 35187 35548 35563 34621 34408 34403 34429 34766 34936 35616
40225 28826 25742 21028 20840 20554 20519 20232 18365 17493 17405 17295 17176 17451 17751 18139 18613 19257 19841 20429 21023 21512 21896 22145 22384 22692 23169 23722 24323 24925 25581 26174 26766 27354 28066 28850 29495 30313 31033 31599 32384 33327 34016 34873 35528 35932 36486 36913 37345 34785 33987 34200 34265 34549 32714 32601 32810 33066 33689 34104 34538 34990 34393 33568 33422 33436 33514 33837 34242 35005
39296 28356 25322 20715 20564 20344 20343 19927 18067 17218 17140 16993 16862 17274 17640 18205 18774 19497 20188 20821 21294 21947 22489 22715 22879 23250 23891 24623 25417 26232 27095 27877 28657 29419 30318 31300 32196 33330 34201 34844 35802 36871 37614 38527 39214 36704 36792 37009 36925 34481 33818 34046 34121 34455 32245 32123 32375 32633 33199 33815 34183 34613 33486 32766 32705 32737 32802 33278 33771 34693
38405 27832 24906 20290 20203 20065 20141 19482 17527 16738 16653 16578 16530 17033 17644 18281 18990 19670 20120 20536 21265 21952 22335 22518 22787 23498 24435 25486 26610 27728 28916 30006 31069 32117 33295 34521 35587 36835 37983 38346 38481 38706 38878 39418 39627 36164 36291 36547 36300 34030 33601 33812 33988 34303 31630 31609 31870 32110 32952 33534 33829 34160 32487 31988 32041 32087 32283 32781 33389 34470
37213 27139 24350 19729 19728 19730 19983 18947 17006 16261 16236 16210 16222 16993 17677 18256 18825 19345 19635 20290 21101 21603 21948 22194 22913 23862 25072 26371 27702 28990 30347 31606 32898 34185 35658 37083 37313 37488 37564 37449 37589 38150 38355 38799 39102 35497 35727 35822 35618 33451 33205 33536 33753 34262 30966 31050 31337 31744 32450 33018 33202 33696 31422 31217 31263 31473 31715 32309 33074 33873
35760 26323 23598 19073 19168 19314 19586 18201 16373 15723 15730 15796 15983 16859 17433 17893 18292 18674 19156 19906 20587 21037 21419 22083 22876 23815 25002 26268 27572 28859 30228 31529 32864 34193 35578 36053 36021 36125 36198 36324 36723 37521 37347 37834 38115 34554 34869 34811 34666 32656 32578 33048 33403 34023 30167 30306 30737 30911 31551 32054 32401 32933 30209 30203 30387 30577 31033 31769 32225 32988
34570 25720 23010 18632 18808 18976 19336 17559 15906 15374 15430 15549 15796 16517 17018 17364 17687 18274 18884 19568 20199 20657 21391 22176 23093 24145 25428 26765 28120 29441 30848 32211 33610 34111 34514 34729 34736 34771 34903 35279 35782 36369 36122 36522 36974 33519 33876 33871 33716 31990 32020 32688 33003 33274 29311 29564 29689 29792 30404 31083 31513 31866 28995 29187 29296 29686 30348 30873 31202 31739
33500 25157 22463 18292 18414 18625 19156 16962 15480 15069 15173 15289 15420 16009 16461 16755 17298 18022 18574 19241 19869 20617 21771 22942 24268 25661 27300 28910 30099 31061 31951 32344 32678 32943 33094 33370 33368 33421 33672 34093 34367 34815 34741 35212 36003 32413 32869 32839 32658 31330 31562 32203 32426 32196 28495 28729 28516 28662 29445 30172 30423 30509 27930 28121 28394 28945 29473 29887 30027 30496
32441 24559 21850 17818 17845 18223 18816 16305 15054 14764 14914 14868 14917 15511 15884 16333 17096 17757 18208 18748 19555 20835 22347 23993 25399 26394 27522 28507 29543 30323 30786 31080 31345 31444 31716 31969 32018 32139 32425 32736 32924 33376 33366 33974 34935 31171 31694 31671 31600 30523 30891 31427 31566 31084 27627 27781 27407 27666 28426 29039 29125 29238 26977 27148 27667 27965 28614 28803 28880 29642
31192 23659 20974 16963 17024 17465 17984 15349 14358 14177 14320 14140 14227 14856 15312 15859 16643 17255 17506 18053 19245 20539 22171 23445 24473 25371 26472 27551 28449 28789 29196 29434 29586 29902 30228 30449 30554 30749 30966 31258 31536 31914 32056 32614 33285 29680 30161 30331 30455 29346 29794 30196 30336 29851 26589 26789 26316 26562 27157 27679 27897 27841 26054 26268 26645 26894 27557 27610 27996 28624
29914 22683 20029 16123 16185 16590 17047 14422 13640 13522 13649 13370 13502 14210 14774 15397 16140 16564 16837 17710 18866 20273 21557 22499 23465 24360 25566 26503 26951 27243 27604 27761 28130 28515 28852 29079 29270 29427 29602 29945 30245 30746 31049 31197 31695 28421 28847 29145 29202 28233 28698 29050 29211 28782 25797 25927 25527 25729 26185 26724 26842 26728 25453 25569 25867 26115 26695 27033 27387 27851
28620 21661 19063 15258 15227 15619 16054 13478 12850 12791 12909 12580 12777 13584 14301 14919 15558 15975 16531 17280 18506 19607 20617 21502 22446 23424 24484 24973 25346 25594 25883 26264 26710 27110 27458 27757 27883 28041 28299 28654 29107 29704 30075 29679 30094 27212 27602 27868 28057 27148 27623 27989 28056 27781 25061 25145 24854 24971 25430 25845 25981 25802 24930 24964 25266 25467 26362 26638 26859 27300
27420 20765 18162 14452 14302 14720 15114 12619 12095 12117 12183 11853 12173 13099 13877 14476 15149 15782 16232 17046 17951 18829 19818 20672 21663 22457 23048 23461 23759 23928 24431 24876 25334 25731 26132 26368 26466 26727 27028 27534 28077 28709 28940 28149 28611 26100 26421 26834 27199 26195 26709 26980 27022 26848 24367 24463 24226 24352 24686 25088 25103 25037 24434 24488 24743 25336 26139 26320 26511 26844
26360 19824 17301 13720 13486 13894 14315 11850 11416 11468 11490 11151 11513 12507 13280 13944 14858 15448 15981 16457 17107 17974 18984 19943 20824 21217 21729 22048 22243 22610 23156 23632 24039 24522 24830 25011 25252 25541 25997 26412 27035 27681 27597 26841 27351 25200 25491 25991 26324 25397 25944 26068 26195 26003 23769 23876 23697 23795 24156 24344 24386 24399 24013 24045 24660 25197 25861 26032 26126 26564
25304 18824 16408 12938 12653 13074 13413 11058 10699 10775 10747 10430 10776 11759 12606 13519 14395 15071 15275 15499 16125 17018 18151 19011 19517 19852 20268 20472 20860 21258 21830 22266 22732 23141 23387 23704 24010 24451 24814 25264 25958 26285 26448 25583 26060 24305 24576 25048 25596 24576 25053 25205 25215 25132 23114 23256 23121 23265 23429 23605 23732 23738 23560 23926 24462 24911 25530 25617 25801 26116
24283 17823 15524 12239 11896 12256 12616 10316 10025 10121 10033 9673 10066 11154 12213 13102 13995 14499 14397 14622 15291 16303 17339 17878 18344 18616 18897 19282 19692 20125 20651 21152 21552 21876 22248 22598 23008 23385 23817 24214 24567 25124 25400 24473 24920 23581 23795 24360 25018 23850 24349 24338 24370 24352 22619 22780 22668 22675 22843 23058 23130 23195 23449 23828 24281 24629 25141 25308 25419 25994
23199 16816 14616 11519 11126 11505 11804 9613 9348 9457 9342 8981 9438 10681 11757 12721 13432 13570 13457 13745 14554 15530 16280 16768 17140 17246 17680 18071 18500 18881 19473 19924 20218 20654 21060 21545 21916 22342 22745 22838 23501 24230 24210 23474 23944 22937 23096 23805 24719 23162 23614 23563 23697 23630 22135 22278 22222 22217 22401 22501 22658 23073 23473 23744 24053 24420 24922 25027 25494 25944
21930 15568 13549 10715 10243 10599 10850 8738 8515 8579 8529 8199 8588 9879 11056 11850 12234 12453 12295 12660 13458 14229 15024 15455 15661 15940 16367 16758 17099 17553 18106 18463 18865 19340 19853 20316 20752 21154 21252 21599 22439 22986 22874 22406 22898 22227 22370 23235 24106 22380 22728 22897 22817 22742 21549 21691 21661 21690 21783 21933 22378 22915 23244 23416 23692 24090 24520 24931 25177 25951
20608 14300 12493 9975 9330 9635 9894 7788 7580 7612 7610 7399 7705 9083 10103 10582 11036 11073 11180 11552 12188 13046 13764 14032 14365 14658 15080 15377 15779 16231 16695 17158 17607 18153 18644 19148 19561 19751 20008 20542 21159 21698 21561 21378 21901 21486 21703 22439 23142 21566 21979 22037 21934 21802 20994 21187 21108 21089 21267 21691 22182 22737 22898 23141 23373 23703 24415 24587 25135 25931
19319 13158 11549 9242 8461 8654 8843 6914 6756 6871 6790 6739 7195 8386 9073 9523 9786 10056 10134 10385 11119 11818 12272 12587 12916 13164 13507 13879 14337 14690 15269 15783 16297 16826 17404 17923 18171 18454 18871 19349 19990 20487 20445 20317 20789 20623 20846 21593 22401 20690 21022 20979 20956 20923 20422 20635 20559 20490 20893 21458 21984 22486 22710 22804 22991 23595 24090 24564 25121 25514
17849 11895 10491 8487 7620 7815 8158 6092 5990 6081 6099 6156 6427 7277 7880 8212 8637 8895 8898 9307 9949 10484 11081 11458 11752 11942 12294 12678 12997 13465 14082 14685 15158 15750 16305 16678 17017 17395 17852 18297 18931 19444 19472 19567 20041 20153 20282 20980 21266 19968 20218 20356 20196 20128 19925 20065 20019 20244 20780 21268 21727 22151 22336 22448 22854 23371 23960 24491 24684 25223
16859 11040 9871 8094 7220 7581 7659 5671 5611 5707 5839 5817 5989 6745 7161 7598 7916 8094 8300 8663 9144 9783 10392 10741 11008 11254 11654 11926 12391 12915 13615 14161 14704 15278 15664 16121 16522 16983 17428 17789 18382 18830 19071 19225 20042 19838 20112 20357 20780 19563 19927 19915 19767 19701 19663 19704 19902 20444 20877 21305 21616 21943 22091 22536 23020 23364 23994 24108 24462 25108
16120 10353 9305 7665 6797 7034 6953 5197 5258 5312 5425 5339 5574 6199 6645 6968 7234 7600 7838 7994 8443 8967 9471 9789 10189 10523 10930 11407 11966 12578 13223 13785 14365 14842 15339 15763 16223 16773 17039 17403 17855 18343 18591 18884 19536 19355 19475 19914 20126 19054 19266 19256 19168 19282 19276 19552 19893 20132 20640 21060 21439 21774 22211 22448 22783 23127 23534 23885 24282 24851
15419 9854 8868 7417 6530 6580 6665 4961 4995 5157 5098 5092 5279 5823 6303 6726 7100 7334 7314 7488 7941 8568 9162 9595 9928 10150 10646 11192 11766 12327 12986 13587 14061 14542 14937 15539 15989 16362 16820 16981 17499 17915 18313 18802 19280 19108 19255 19531 19757 18817 18990 19030 18971 19006 19286 19585 19907 20226 20717 21219 21463 21712 22118 22494 22824 23208 23531 24008 24339 24893
14805 9482 8590 7171 6397 6527 6553 4901 5007 5100 4989 4957 5324 6033 6512 6836 6925 6925 7034 7363 7946 8642 9241 9499 9757 10108 10779 11361 11997 12457 13042 13489 13916 14295 14863 15440 15751 16231 16521 16786 17215 17873 18583 18784 18932 18956 19145 19671 19725 18693 18925 18895 18856 18993 19465 19536 19995 20114 20717 21067 21351 21593 22235 22387 22782 23094 23426 23835 24183 24645
14144 9051 8195 6800 6078 6208 6302 4710 4773 4893 4712 4790 5254 5761 6318 6556 6706 6630 6803 7154 7761 8476 8984 9212 9526 9955 10520 11146 11570 12040 12556 12991 13331 13874 14393 14880 15241 15585 16042 16205 16882 17765 17933 18143 18571 18672 19012 19613 19333 18462 18773 18651 18680 18983 19132 19462 19776 20064 20506 20894 21245 21514 21988 22303 22669 23055 23403 23784 24047 24497
13396 8444 7703 6393 5684 5880 5946 4475 4495 4477 4444 4491 4714 5326 5771 6047 6150 6373 6605 6973 7551 8099 8542 8863 9337 9736 10340 10737 11174 11563 12036 12409 12870 13395 13846 14313 14603 15047 15316 15679 16567 17024 17385 17808 18411 18687 19240 19584 18848 18294 18537 18460 18676 18795 19140 19416 19787 20108 20623 21126 21475 21768 22160 22472 22894 23230 23683 24055 24387 24971
12987 8116 7446 6108 5468 5514 5653 4290 4240 4187 4201 4219 4486 5074 5523 5656 5939 6215 6484 6848 7252 7645 8103 8570 9007 9427 9822 10240 10633 10970 11403 11870 12364 12809 13246 13605 13913 14297 14820 15308 15763 16530 16979 17486 18311 18684 18879 19054 18357 18046 18171 18362 18512 18815 19062 19421 19719 19997 20725 21367 21808 22324 22661 22902 23227 23509 23786 24357 24871 25440
12335 7769 7244 5983 5277 5349 5548 4156 4110 4075 4112 4315 4579 4976 5260 5516 5844 6199 6435 6735 7143 7590 8100 8458 8826 9042 9432 9810 10178 10530 11047 11558 11942 12305 12644 13116 13454 13982 14450 14723 15363 16252 16638 17540 18279 18240 18469 18437 17887 17845 17930 18250 18529 18793 19079 19315 19518 20087 20970 21625 22048 22259 22468 22823 23055 23265 23842 24387 24685 25361
11850 7490 7077 5769 5164 5409 5522 4042 4019 3988 4109 4298 4645 5180 5550 5614 5907 6172 6413 6786 7289 7739 7997 8332 8579 8835 9223 9592 9992 10414 10970 11342 11672 11981 12398 12854 13268 13778 14150 14507 15232 15887 16663 17441 17928 17770 18006 18065 17651 17622 17873 18282 18481 18630 18895 18958 19382 19946 20764 21458 21645 21806 22155 22333 22633 23038 23516 23897 24291 24806
11402 7182 6825 5491 4973 5179 5247 3840 3808 3840 3995 4247 4721 5202 5327 5669 6008 6303 6506 6666 6991 7225 7720 7961 8255 8469 8895 9323 9762 10220 10671 10971 11308 11732 12138 12657 12984 13477 13994 14409 14928 15762 16476 16933 17280 17262 17585 17512 17328 17425 17884 18168 18274 18418 18610 18869 19333 19807 20655 21107 21322 21474 21753 21944 22521 22752 23253 23642 23898 24562
10860 6839 6518 5241 4760 4883 4898 3710 3722 3869 4008 4239 4649 4854 5296 5676 6016 6244 6289 6447 6586 7020 7358 7610 7870 8125 8596 9060 9552 9891 10238 10563 10953 11362 11850 12332 12748 13227 13698 13973 14685 15570 15980 16278 16800 16873 17091 17026 17199 17374 17755 17952 18051 18207 18439 18834 19245 19781 20312 20721 20958 21185 21359 21872 22187 22510 22980 23316 23772 24256
10352 6504 6237 5002 4577 4618 4759 3629 3751 3838 3944 4153 4378 4862 5335 5717 5883 5988 6147 6224 6575 6821 7099 7333 7657 8014 8506 9008 9394 9640 9984 10374 10709 11184 11632 12156 12583 13041 13334 13736 14511 15184 15499 15998 16506 16508 16631 16949 17205 17334 17620 17773 17911 18071 18402 18764 19198 19510 20029 20406 20691 20856 21249 21579 21946 22270 22555 23160 23455 24141
9906 6260 6028 4794 4458 4611 4776 3594 3635 3740 3944 4034 4395 5040 5370 5802 5605 5731 5859 6175 6364 6648 6963 7280 7682 8021 8526 8869 9130 9381 9807 10157 10561 10962 11444 11958 12332 12742 13233 13660 14344 15008 15600 16108 16444 16298 16514 16948 17295 17570 17973 17967 18146 18260 18593 18919 19118 19419 19950 20306 20523 20766 21137 21531 21865 22141 22573 22972 23482 24126
9338 5960 5698 4579 4274 4460 4387 3484 3567 3774 3849 4026 4439 4749 5302 5442 5220 5288 5550 5673 5928 6229 6630 6989 7327 7634 7983 8231 8513 8827 9236 9658 10004 10443 10950 11499 11873 12372 12839 13262 13981 14997 15436 15593 15952 15938 16297 16815 17389 17402 17582 17810 17936 18274 18385 18629 19035 19239 19664 19947 20275 20690 21067 21385 21653 22026 22410 23034 23442 24102
8739 5515 5331 4465 4068 4371 4105 3332 3505 3516 3713 3894 3968 4517 4787 4879 4754 5045 5172 5329 5599 6061 6544 6911 7240 7499 7771 8050 8350 8705 9166 9525 9895 10353 10854 11343 11803 12402 12709 13034 14008 14686 15072 15291 15708 16033 16417 17003 17466 17255 17527 17753 18040 18145 18286 18643 18796 19099 19527 19836 20239 20629 20803 21273 21561 21853 22410 22885 23406 23859
8045 4876 4741 4067 3641 3811 3378 2913 2910 2939 3209 3269 3625 3973 4186 4169 4248 4388 4573 4697 5056 5485 5920 6314 6620 6786 7110 7408 7787 8191 8632 9040 9488 9936 10455 10936 11395 11972 12318 12770 13538 14251 14814 14901 15611 15827 16030 16539 16700 16775 17191 17496 17753 17989 18173 18423 18649 19000 19444 19823 20186 20488 20742 21193 21514 21802 22372 22819 23235 23698
7310 4321 4190 3732 3250 3129 2844 2622 2532 2656 2704 2950 3323 3605 3629 3853 3917 4138 4284 4455 4746 5125 5606 5965 6205 6430 6807 7214 7643 8037 8511 8976 9431 9935 10450 10964 11439 11898 12319 12896 13447 14050 14427 14959 15589 15554 15981 16145 16441 16600 17059 17416 17699 18105 18368 18833 19324 19904 20684 21444 22179 22780 23334 24047 24712 25190 25729 26277 26675 27472
6288 3718 3524 3251 2802 2664 2522 2326 2310 2435 2453 2581 2877 2971 3065 3257 3422 3694 4009 4311 4631 5051 5464 5746 6081 6389 6842 7308 7784 8222 8702 9071 9500 9958 10478 11040 11403 11754 12295 12739 13217 13753 14305 14895 15349 15581 16031 16266 16378 16659 17106 17447 17680 18011 18532 19061 19713 20265 21101 21890 22427 22826 23518 24069 24454 24905 25308 26011 26609 27172
5124 3047 2867 2690 2356 2301 2342 2098 2124 2197 2199 2294 2588 2644 2780 3039 3223 3517 3825 4132 4566 5027 5427 5757 6080 6409 6899 7416 7847 8196 8600 9058 9454 9937 10508 11018 11340 11791 12338 12785 13215 13752 14228 14865 15254 15639 16119 16515 16613 16901 17343 17648 17889 18098 18614 19104 19706 20224 21027 21651 22142 22608 23298 23694 24134 24571 24963 25756 26204 26837
4223 2490 2395 2197 2016 2118 2227 1960 1913 1923 1959 2117 2401 2482 2808 3001 3206 3457 3730 4123 4584 4981 5398 5680 6019 6350 6853 7282 7679 8005 8504 8935 9342 9869 10354 10851 11236 11735 12344 12597 13125 13670 14221 14809 15401 15759 16282 16809 17043 17399 18030 18335 18654 18817 19171 19590 19998 20297 20917 21540 22052 22469 23036 23467 23963 24367 24866 25428 25968 26551
3340 1953 1873 1727 1661 1812 1885 1794 1694 1649 1781 1937 2147 2514 2732 2988 3143 3342 3630 3952 4286 4679 5073 5379 5726 6021 6467 6873 7252 7660 8168 8616 9117 9578 10104 10662 11075 11644 12061 12443 13055 13797 14408 15157 15958 16312 16942 17260 17400 17643 17958 18362 18629 18930 19329 19640 20150 20682 21637 22417 23000 23569 24181 24655 25299 25785 26580 27273 27776 28535
2756 1721 1602 1497 1496 1630 1648 1631 1570 1600 1722 1902 2139 2492 2803 2904 3013 3307 3574 3787 4138 4512 4919 5244 5547 5812 6260 6654 7101 7529 8054 8528 9021 9519 10052 10591 11015 11505 11982 12491 13044 13757 14303 15062 15876 16224 16856 17145 17369 17559 17919 18350 18581 18918 19248 19625 20092 20638 21527 22349 22989 23538 24040 24617 25203 25794 26513 27069 27567 28435
2078 1486 1307 1298 1355 1437 1508 1499 1546 1599 1753 1867 2108 2547 2554 2720 2953 3251 3481 3795 4154 4531 4880 5142 5418 5713 6143 6599 7074 7540 8080 8577 9089 9636 10260 10968 11569 12311 12916 13429 14297 15327 16034 16829 17514 17878 18404 18789 19061 18999 19122 19384 19532 19818 20211 20569 21118 21666 22343 22897 23338 23879 24288 24933 25341 25779 26303 26961 27613 28383
1631 1261 1185 1285 1332 1413 1507 1403 1478 1632 1691 1904 2072 2163 2402 2648 2871 3158 3463 3771 4237 4792 5361 5803 6244 6635 7177 7714 8253 8761 9369 9926 10426 10994 11573 12184 12709 13366 13980 14348 15052 15775 16403 17059 17602 17921 18367 18751 18856 19081 19463 19665 19866 20022 20358 20715 21029 21432 22197 22840 23320 23625 24338 24754 25222 25652 26149 26878 27358 28085
1022 851 887 1119 1141 1304 1376 1302 1394 1459 1590 1633 1817 2110 2473 2710 3015 3228 3425 3786 4373 5068 5756 6075 6472 6814 7343 7800 8288 8773 9368 9884 10411 10976 11545 12186 12729 13377 13954 14404 15086 15887 16539 17168 17781 18124 18575 18981 19016 19289 19591 19726 19851 19905 20340 20530 20954 21456 22216 22864 23207 23620 24205 24601 25162 25576 26151 26707 27276 28077
466 669 790 908 962 1050 1141 1187 1261 1335 1424 1508 1681 2130 2504 2824 3132 3498 3824 4175 4594 5029 5452 5787 6145 6504 7003 7510 8039 8544 9132 9668 10202 10776 11399 12069 12629 13275 13828 14315 15054 15877 16357 16981 17596 17873 18326 18728 18983 19103 19302 19533 19665 19867 20183 20498 20931 21406 22174 22786 23220 23664 24175 24639 25118 25591 26126 26796 27378 28241
