30589 25734 25891 26060 24059 24093 24279 24889 24746 24541 24823 24035 23984 24072 24066 23980 24144 24677 25038 25355 25733 26067 26312 26512 26684 26909 27263 27828 28423 29070 29662 30208 30741 31142 31487 31907 32286 32557 32845 33267 33670 33721 33491 33569 31626 31757 31996 32229 32271 32413 32670 32989 33306 33667 34264 34680 34482 35148 35384 35788 36103 36011 36210 36324 36714 36978 36879 36908 37121 37258
30256 25454 25821 26069 23896 23870 24218 24533 24461 24500 24681 23771 23826 23827 24002 23750 24150 24511 24780 25474 25893 26208 26307 26642 26963 27431 28033 28828 29802 30835 31770 32361 32987 33450 33539 34336 34823 35317 35861 33518 33249 33347 33266 33485 31412 31487 31661 31780 31996 32156 32303 32685 32739 33212 33735 33851 34195 34748 34792 35223 35403 35729 35724 36041 36427 36471 36542 36829 36980 37153
29868 25230 25707 25797 23754 23923 23902 24141 24631 24339 24347 23537 23572 23697 23710 23566 23754 24102 24762 25400 25755 25914 26231 26503 26927 27519 28166 28985 29877 30820 31657 32241 32833 33016 33729 34162 34760 35287 35679 33037 32767 32809 33024 33347 31186 31239 31357 31584 31847 31899 32126 32440 32549 33014 33176 33643 34073 34352 34467 34886 35369 35502 35718 36018 36226 36284 36634 36764 36805 36951
29549 25184 25350 25818 23584 23577 23679 24236 24332 24131 24153 23216 23452 23468 23456 23347 23527 24251 24702 25263 25436 25729 25949 26306 26752 27238 27802 28616 29560 30565 31310 31993 32317 32819 33263 33830 34479 35026 35473 32750 32459 32454 32657 32759 31010 31048 31210 31431 31686 31719 31927 32142 32356 32621 33139 33661 33682 34045 34262 34877 35074 35299 35466 35764 35983 36231 36313 36314 36664 36546
29253 25055 25483 25366 23374 23404 23569 23897 23985 23947 24008 23139 23208 23184 23221 23113 23591 23981 24517 24968 25254 25508 25882 26257 26640 27133 27816 28655 29557 30427 31152 31639 32263 32685 33154 33881 34471 35035 35421 32611 32303 32410 32351 32591 30986 31035 31169 31285 31517 31714 31812 32062 32005 32692 33284 33313 33584 33876 34071 34578 34749 35012 35232 35396 35734 35930 35974 36254 36334 36389
28932 24935 24993 25319 23202 23248 23256 23554 23826 23733 23653 22890 23065 22930 22984 23012 23219 23774 24202 24717 25012 25374 25752 26109 26520 27086 27722 28546 29392 30218 30875 31521 32107 32521 33063 33620 34297 34830 35214 32206 31891 31905 32001 32317 30794 30853 30961 31195 31508 31495 31569 31795 32214 32678 32769 33115 33318 33687 33878 34336 34572 34943 35062 35577 35818 35796 35948 36072 36095 36082
28769 24780 25148 25423 23005 23070 23029 23355 23645 23538 23462 22699 22737 22763 22893 22844 23078 23536 24015 24604 24973 25315 25688 26099 26534 27092 27772 28696 29733 30785 31644 32379 33036 33583 34057 34362 35068 34952 34943 31970 31617 31674 31768 32002 30662 30691 30804 31019 31188 31314 31380 31687 31973 32187 32564 32907 33177 33561 33615 33975 34286 34576 34833 35275 35320 35567 35652 35668 35948 36047
28562 24725 25060 25526 22925 22888 23088 23612 23699 23424 23280 22505 22655 22859 22933 22717 22980 23494 24214 24864 25273 25594 25971 26368 26989 27649 28268 29037 29893 30766 31634 32530 33081 33401 33647 34318 34370 34461 34715 31661 31288 31333 31529 32002 30546 30583 30759 30845 31110 31151 31349 31750 31729 32376 32773 33222 33127 33392 33541 34214 34307 34674 34856 35046 35381 35425 35407 35753 35853 35865
27927 24500 24893 25129 22507 22599 22681 23080 23422 23039 22847 22237 22390 22418 22489 22433 22697 23264 23952 24590 24954 25323 25749 26269 26840 27365 27961 28683 29444 30431 31431 32129 32575 32785 33340 33390 33557 34043 34513 31403 31006 31077 31372 31668 30342 30358 30448 30614 30834 30911 31186 31414 31568 32102 32599 32595 32829 32997 33253 33809 34067 34300 34615 34730 34918 35003 35335 35341 35364 35550
27502 24275 24470 24877 22191 22298 22323 22790 22776 22665 22453 21969 22012 22122 22173 22287 22611 23220 23986 24475 24813 25238 25708 26146 26590 27146 27739 28311 29295 30411 31261 31860 32149 32504 32577 32772 33283 33884 33897 31159 30780 30788 30995 31371 30127 30188 30313 30422 30677 30867 30937 31161 31441 32157 32211 32467 32498 32865 33072 33650 33878 34231 34295 34382 34668 34916 35015 34894 35033 35340
27051 24065 24352 24779 21927 22056 22179 22405 22663 22410 22052 21794 21789 21942 21990 22311 22577 23166 23709 24262 24692 25158 25640 26079 26553 27048 27414 28354 29454 30270 30871 31483 31883 31863 32149 32621 33244 33379 33804 31015 30588 30617 31030 31043 29968 30018 30152 30229 30507 30573 30661 30935 31402 31654 31977 32230 32433 32669 32994 33485 33837 33853 34008 34213 34439 34697 34722 34637 34985 35004
26643 23887 24298 24323 21744 21945 21969 22357 22547 22210 21745 21572 21633 21781 22004 22239 22599 22989 23564 24170 24645 25128 25552 25978 26389 26642 27359 28311 29021 29773 30532 31193 31160 31367 31853 32535 32711 33171 33558 30813 30363 30483 30631 30867 29790 29883 29989 30114 30319 30286 30506 31058 31096 31527 31828 32200 32192 32639 33054 33453 33621 33669 33813 34062 34393 34329 34378 34609 34592 34953
26280 23674 23932 23923 21557 21608 21734 22128 22260 21953 21241 21380 21436 21833 22244 22146 22333 22744 23415 24054 24550 24982 25413 25853 26052 26677 27403 28035 28744 29560 30365 30484 30780 31120 31898 31988 32439 32918 33413 30478 30018 30100 30305 30791 29495 29599 29766 29983 29970 30042 30369 30606 30651 31081 31598 31784 31976 32574 32775 33137 33340 33532 33885 34155 34500 34169 34309 34299 34569 34472
25855 23504 23626 23889 21274 21217 21388 21700 21735 21955 20999 21111 21468 21842 21920 22039 22416 23069 23810 24380 24713 25055 25467 25532 26114 26645 27052 27735 28548 29456 29751 29986 30518 31160 31218 31660 32216 32884 33383 30294 29852 29864 30149 30640 29277 29308 29470 29536 29920 29806 29947 30087 30228 30700 31017 31378 31660 32147 32144 32466 32917 33308 33488 33737 34000 33735 33785 34031 34180 33926
25395 23314 23463 23824 20975 21035 21114 21301 22006 21808 20854 21237 21557 21483 21707 21985 22421 23164 23568 24133 24548 24943 24994 25463 25865 26171 26644 27299 28129 28619 29050 29573 30364 30424 30663 31296 32135 32807 32749 30088 29640 29640 30118 30506 29137 29144 29163 29439 29613 29560 29750 29830 30348 30509 30833 31215 31570 31803 31706 32268 32770 32928 32986 33572 33322 33149 33631 33619 33813 33544
25125 23029 23276 23540 20597 20629 20747 21189 21544 21407 20709 20788 21014 21169 21466 21717 22229 22773 23201 23895 24288 24288 24665 24937 25033 25410 25885 26624 27240 27922 28671 29321 29626 29640 30098 30946 31838 31867 32187 29593 29162 29214 29473 29913 28803 28795 28849 28945 29232 29287 29412 29629 29925 30237 30556 30889 30923 31170 31435 31779 32027 32404 32203 32503 32437 32659 32753 32909 33090 33103
24935 22911 23113 23233 20397 20516 20720 21050 21211 21175 20543 20603 20890 21405 21778 21777 22030 22532 23146 23782 23804 24129 24357 24377 24612 25004 25562 26066 26782 27720 28541 28854 29039 29355 30038 30899 31104 31597 31558 29298 28881 28893 29268 29830 28670 28704 28707 28890 29149 29228 29553 29622 29846 30401 30656 30598 30731 31166 31221 31552 31903 32014 31785 31987 32434 32286 32491 32624 32855 33190
24715 22702 22850 23211 20120 20265 20315 20605 21011 20906 20259 20486 21015 21413 21386 21518 21861 22368 22964 23163 23511 23764 23750 23928 24219 24681 25018 25712 26700 27599 28081 28255 28778 29267 30121 30232 30802 30886 31208 29092 28749 28668 29180 29873 28496 28525 28613 28957 29367 29325 29256 29367 29777 30025 30011 30287 30408 30898 30648 31062 31370 31548 31212 31734 32134 31853 32097 32291 32921 32729
24372 22290 22361 22640 19707 19762 19924 20122 20442 20454 20042 20193 20994 20918 20893 21293 21453 22170 22279 22941 23087 23159 23186 23315 23593 23896 24430 25166 26179 26858 27175 27732 28383 29030 29195 29926 30154 30414 30946 28685 28335 28315 28929 29447 28175 28163 28212 28450 28949 28837 28733 28769 29288 29257 29478 29677 29935 30021 30005 30348 30693 30758 30471 31023 31409 31052 31319 31946 32445 32171
24082 21876 22112 21841 19299 19507 19531 19626 20157 19953 19784 20236 20585 20389 20665 20732 21045 21319 21879 22549 22361 22420 22399 22543 22671 23199 23786 24550 25320 25862 26635 27298 28108 28118 28730 29077 29491 29993 30247 28269 27915 27953 28504 29123 27847 27909 27933 28190 28436 28491 28380 28501 28751 29048 29134 29399 29393 29675 29568 29906 30069 30026 29853 30570 30636 30391 31133 31569 31693 31788
23871 21572 21731 21250 18961 19079 18961 19272 19632 19523 19712 19823 19858 20220 20192 20382 20380 20952 21542 21918 21641 21653 21675 21711 22062 22563 23126 23809 24507 25429 26321 27050 27312 27629 27968 28428 29034 29323 29702 27876 27540 27576 28057 28074 27497 27539 27560 27772 28175 28176 27856 27884 28231 28340 28595 28730 28668 29033 28912 29025 29395 29198 29436 29728 29894 30250 30660 30817 31199 31437
23579 21324 21411 20791 18775 18745 18898 19284 19277 19410 19639 19554 19849 20076 19974 19965 20229 20734 21117 21341 21042 21062 21056 21374 21780 22261 22734 23295 24164 25217 26140 26572 26933 27160 27608 28281 28600 28957 29277 27655 27310 27354 27572 27635 27266 27337 27545 27833 28284 27889 27512 27643 27848 28204 28355 28445 28568 28621 28590 28915 28929 29096 29157 29510 29896 30156 30483 30735 31021 31353
23254 21054 21287 20395 18620 18679 18741 18938 19199 19350 19438 19594 19789 19779 19721 19793 19916 20306 20601 20803 20552 20587 20888 21218 21650 22113 22538 23182 24157 25203 25867 26296 26585 27085 27590 28074 28427 28678 29290 27434 27059 27062 27226 27217 27082 27260 27561 27932 28363 27568 27209 27376 27635 27859 27971 28314 28228 28328 28329 28504 28821 28978 29145 29584 29907 30259 30632 30985 31364 31807
22716 20662 20795 19780 18416 18538 18631 18878 19043 19050 19284 19392 19731 19599 19488 19587 19500 19862 20128 20182 20122 20433 20685 21051 21430 21811 22224 22885 23831 24726 25393 25820 26277 26814 27286 27815 28124 28592 29111 26907 26425 26512 26728 26655 26745 26946 27336 27526 27817 26859 26645 26888 27180 27422 27795 27795 27842 28099 28134 28517 29017 29192 29332 29728 30126 30390 30797 31178 31515 32083
22236 20119 20287 19212 18160 18329 18402 18659 18683 18740 19004 19355 19426 19273 19228 19275 19111 19334 19495 19624 19906 20200 20485 20856 21204 21618 22053 22730 23578 24376 25054 25583 26104 26562 27159 27625 28089 28439 28828 26409 25874 25994 26101 26233 26329 26689 26912 27054 27150 26167 26055 26291 26633 27069 27183 27398 27504 27795 27971 28508 29045 29308 29508 30011 30424 30685 31059 31424 31696 32077
21989 19727 19771 18783 17974 18170 18236 18321 18495 18608 19040 19491 19148 19070 19111 19065 18883 19024 19177 19605 19939 20225 20534 20938 21303 21758 22255 23031 23921 24723 25365 25850 26444 26955 27651 28169 28723 29101 29528 25988 25458 25579 25746 25967 26261 26439 26545 26667 26595 25699 25667 25913 26428 26547 26914 27166 27212 27686 27945 28621 29473 29804 30090 30678 31003 31314 31866 32247 32595 33093
21641 19167 19380 18369 17654 17868 17895 18045 18289 18683 18896 19025 18767 18851 18824 18713 18656 18756 19294 19823 20328 20730 21211 21775 22295 22892 23566 24547 25599 26584 27431 28062 28797 29435 30317 31057 31908 32585 32935 25403 24893 25090 25352 25710 25806 25849 25923 25916 25860 25050 25141 25408 25802 26061 26495 26709 26809 27497 27962 28582 29345 29639 29766 30356 30793 31179 31687 32123 32575 33231
21193 18646 18872 17928 17262 17474 17528 17797 18333 18946 18344 18492 18427 18502 18449 18357 18416 19061 19974 20837 21625 22328 23117 24023 24920 25905 26940 28023 28840 29602 29982 29664 29843 30150 30486 31224 32121 32344 32725 24830 24376 24599 25014 25450 25222 25276 25310 25317 25348 24535 24692 25009 25392 25750 26180 26391 26700 27588 28163 28906 29264 29322 29620 30272 30852 31071 31634 32231 32881 33786
20616 18010 18000 17335 16725 16927 17103 17572 18361 18915 17658 17840 17955 17873 17868 17899 18592 19530 20517 21556 22263 23075 23926 24941 25991 26327 26675 27388 28243 28761 29010 28783 29236 29288 30131 30957 31298 31781 32221 24200 23784 23963 24410 24945 24474 24523 24566 24642 24800 23928 24093 24469 24923 25333 25728 26093 26771 27626 28138 28395 28842 29141 29481 30221 30758 30899 31538 32286 32944 33727
20200 17553 17129 16705 16339 16560 16988 17610 18546 19156 17123 17248 17411 17349 17435 17859 18628 19509 20521 21431 22274 23122 24124 24982 25150 25424 25838 26527 27173 27576 27761 28024 28280 28870 29649 30016 30629 31110 31514 23542 23131 23267 23780 24354 23847 23918 23941 24102 24202 23443 23633 24165 24587 25008 25432 26094 26903 27649 27687 28102 28679 29345 29788 30594 30949 31127 31753 32637 33424 34190
19820 17141 16260 16005 15938 16347 16895 17969 18993 18675 16558 16547 16748 16867 17303 17653 18237 19230 20069 21238 22059 23061 23779 23928 24049 24358 24758 25296 25831 26145 26775 26901 27757 28290 28562 29195 29770 30233 30544 22871 22435 22588 23040 23483 23249 23316 23358 23479 23443 22955 23242 23794 24049 24579 25224 26057 26679 27029 27197 27839 28663 29497 29889 30312 31087 31112 31801 32652 33479 34086
19268 16684 15492 15379 15764 16096 16986 18311 19093 17992 15906 15857 16037 16487 17046 17055 17750 18490 19619 20776 21817 22511 22626 22707 22894 23196 23513 24014 24381 25099 25607 26267 27129 27285 27578 28160 28679 29163 29402 22258 21819 21918 22172 22899 22668 22744 22811 22848 22798 22542 22940 23437 23542 24264 25056 25721 26060 26389 26660 27673 28575 29254 29481 30323 30793 31424 32336 32719 33434 33264
18304 15937 14685 14773 15294 15763 16574 17729 18470 17035 14978 14936 15216 15731 16240 16300 16791 17678 18854 20193 21021 21071 21248 21372 21582 21818 22180 22641 23348 23901 24888 25440 26004 26273 26344 26790 27312 27902 27956 21531 21130 21056 21416 22275 21889 21931 21962 22030 22056 21962 22396 22816 22846 23641 24307 24733 25114 25433 25863 27066 27742 28305 29121 29512 30611 31309 31649 32328 33315 32178
17314 15190 14040 14233 14888 15340 15908 17034 17627 16056 14080 14106 14416 14918 15441 15458 16015 16883 18295 19433 19587 19691 19962 20095 20222 20517 20887 21741 22254 23300 24039 24429 25177 25074 25135 25532 26110 26564 26581 20973 20593 20419 20844 21729 21176 21132 21161 21234 21351 21423 21797 21978 22102 22856 23294 23822 24179 24593 25152 26148 26628 27748 28158 29162 30264 30520 31211 32085 32640 31124
16300 14388 13508 13778 14447 14735 15323 16232 16947 15060 13222 13303 13598 14104 14536 14730 15232 16329 17521 17987 18218 18370 18658 18717 18881 19193 19941 20603 21592 22452 23011 23588 24338 23841 23860 24283 24767 25221 25187 20428 20054 19811 20325 21039 20433 20320 20364 20460 20741 20822 21045 21147 21426 21952 22458 22960 23426 23950 24350 25016 26052 26699 27626 28797 29328 29963 30972 31336 31992 30105
15338 13655 13097 13453 13951 14336 14823 15743 15952 14167 12511 12581 12932 13336 13838 14078 14748 15637 16132 16704 16977 17135 17322 17416 17576 18263 18776 19846 20610 21358 22136 22757 23343 22560 22624 23007 23514 23810 24061 19962 19556 19285 19758 20487 19753 19573 19654 19816 20165 20127 20321 20469 20730 21337 21758 22366 22964 23333 23510 24624 25227 26305 27311 28019 28826 29761 30342 30739 31360 29189
14458 13016 12636 12983 13514 13864 14337 14768 15015 13339 11861 11957 12221 12722 13165 13647 14200 14478 14981 15580 15840 15934 16141 16229 16745 17162 18084 18924 19598 20551 21229 21819 22236 21325 21431 21802 22234 22848 22936 19514 19109 18848 19331 20002 19221 19024 19101 19328 19580 19552 19805 19888 20221 20727 21240 21989 22333 22452 23065 23844 24784 25888 26483 27437 28475 29103 29732 30090 30370 28389
13535 12378 12079 12503 12955 13337 13315 13787 13938 12493 11181 11224 11554 12020 12655 13065 13085 13388 13890 14438 14630 14751 14954 15386 15626 16417 17116 17888 18769 19618 20218 20819 20703 20067 20190 20469 21238 21709 21899 19007 18630 18392 18835 19670 18687 18491 18619 18770 18997 19010 19244 19380 19597 20180 20846 21377 21342 21904 22230 23339 24295 24927 25803 27002 27683 28398 29334 29021 29258 27547
12680 11759 11558 11981 12418 12817 12321 12713 12885 11678 10533 10588 10933 11596 12136 12302 12093 12371 12819 13333 13520 13684 14207 14382 14992 15585 16198 17146 17943 18689 19223 19432 19220 18861 19027 19641 20271 20835 21316 18604 18238 18038 18575 19368 18223 18015 18009 18120 18441 18497 18672 18688 18984 19737 20195 20364 20811 21082 21632 22873 23349 24305 25453 26151 27009 28063 28347 27946 28247 26763
11830 11172 11024 11490 11875 12077 11421 11768 11986 10905 9899 10058 10543 11172 11339 11472 11191 11395 11821 12276 12499 12961 13224 13771 14183 14665 15443 16306 16973 17681 17813 17964 17822 17664 18239 18711 19417 20244 20286 18224 17872 17726 18358 19191 17767 17562 17472 17631 18037 17945 18087 18069 18659 19236 19346 19998 20065 20556 21396 22045 22884 23979 24628 25601 26665 27072 27245 26951 27390 25979
10936 10433 10304 10787 10924 11043 10424 10675 11166 9967 9174 9486 9979 10253 10323 10474 10201 10454 10774 11210 11724 11900 12481 12806 13084 13747 14449 15155 15864 16200 16263 16331 16369 16666 17155 17668 18710 19105 19259 17665 17379 17277 17998 18857 17175 17033 16907 17142 17462 17333 17484 17612 18234 18436 19038 19227 19440 20249 20533 21448 22426 22965 23752 25092 25470 25691 25746 25886 26213 25065
10101 9639 9602 9896 9810 9897 9388 9682 10009 8960 8492 8755 9063 9215 9301 9513 9237 9439 9794 10522 10701 11168 11493 11648 12071 12686 13264 14033 14458 14805 14774 14955 15458 15537 16159 16992 17572 18045 18314 17041 16807 16775 17435 18379 16470 16367 16255 16402 16607 16626 16919 16907 17305 18036 18211 18493 18991 19387 19939 20814 21274 22004 22944 23783 24086 24026 24471 24547 24801 24094
9267 8973 8952 9283 8770 8986 8336 8601 9107 8030 7790 7962 8012 8193 8463 8490 8210 8345 9043 9411 9927 10111 10335 10657 11062 11504 12149 12746 13137 13312 13490 14082 14409 14647 15465 15798 16383 17048 17056 16477 16303 16286 16979 17576 15805 15708 15648 15779 16054 16046 16232 16200 16833 17146 17451 18038 18127 18771 19319 19704 20360 21274 21873 22757 22573 22957 23570 23283 23656 23118
8480 8350 8160 8340 7821 7827 7467 7870 8295 7172 7095 7088 7150 7644 7576 7491 7452 7949 8277 8896 9095 9201 9527 9830 10078 10595 11039 11485 11703 12091 12600 13214 13571 13936 14477 14824 15640 15994 16080 15956 15861 15901 16405 16784 15223 15185 15168 15299 15509 15519 15623 15801 16187 16661 17320 17479 17714 18323 18487 19128 19973 20382 21085 21237 21569 22212 22169 22283 22661 22198
8091 7962 7646 7885 7245 7121 6902 7466 7456 6687 6616 6600 6963 7037 7108 6914 7293 7554 8131 8446 8575 8842 9180 9383 9771 10129 10465 10741 11187 11813 12329 12877 13391 13620 14048 14651 15150 15511 15615 15679 15622 15823 16072 16517 14949 14964 14970 15131 15276 15289 15484 15553 15920 16921 16930 17288 17543 17788 18070 19014 19369 20090 20052 20597 21240 21280 21581 21850 21919 21712
7579 7482 7304 7609 6580 6608 6162 6474 6585 6159 6179 6285 6249 6339 6349 6545 6551 7140 7481 7833 8118 8439 8753 9028 9279 9587 9868 10370 11008 11622 12123 12660 13115 13433 13843 14246 14676 15018 15326 15337 15542 15592 15930 15733 14660 14646 14615 14729 14933 15022 15090 15219 15899 15941 16362 16765 16856 17225 17557 18110 18735 18894 19266 19997 20149 20613 21054 21042 21304 21230
7335 7063 7158 7139 6239 6309 5922 6267 6153 5864 6082 6019 5893 6037 6061 6154 6435 6796 7107 7590 7927 8214 8500 8745 8957 9226 9589 10136 10737 11401 11969 12549 12942 13276 13643 14042 14507 14836 15087 15328 15360 15423 15398 15340 14437 14426 14472 14492 14685 14866 15015 15232 15494 15958 16400 16633 16784 17206 17463 18016 18299 18659 19041 19500 19873 20346 20637 20773 20962 21096
7128 6880 6819 7018 6100 6104 5772 5973 6036 5788 5929 5891 5820 6011 5947 6189 6363 6676 7159 7867 8502 8952 9371 9775 10121 10604 11030 11641 12495 13319 13820 14088 14458 14684 15053 15568 15823 15674 15653 15161 15157 15173 15318 15189 14368 14339 14359 14490 14910 15282 15245 15177 15663 15946 16270 16636 16792 17149 17444 17857 18365 18712 19176 19905 20299 20940 21490 21695 22076 22302
6789 6487 6583 6875 5831 5817 5631 5877 5991 5573 5619 5610 5653 5704 5702 5892 5955 6454 7027 7922 8401 8781 9201 9614 10010 10352 10711 11449 12166 12851 13204 13722 13985 14425 14805 15051 15222 15101 15070 14782 14793 14759 14942 15038 14115 14094 14263 14529 14887 15029 14980 15142 15643 16117 16511 16966 17226 17682 18120 18758 19293 19891 20613 21467 21830 22656 22636 22603 22964 22968
6361 6207 6237 6298 5462 5385 5378 5632 5729 5294 5358 5326 5331 5422 5387 5484 5742 6299 7062 7754 8194 8574 9012 9435 9630 9855 10335 10973 11552 12113 12562 13114 13619 13968 14202 14274 14397 14513 14583 14460 14452 14470 14661 14772 13948 14005 14229 14368 14645 14689 14890 15205 15682 16264 16658 17248 17491 18101 18537 19234 19729 20174 20695 21213 21802 22015 22229 22376 22756 22735
6004 5982 6138 5935 5163 5040 5004 5363 5770 5114 5189 5052 5093 5040 5091 5314 5660 6274 6810 7521 7993 8443 8902 9141 9235 9570 9923 10492 10976 11555 12124 12703 13239 13621 13476 13538 13861 14082 14304 14262 14244 14318 14381 14492 13822 13878 13952 14173 14395 14497 14778 15154 15600 15942 16496 17026 17400 17948 18301 18918 19490 20021 20427 21059 21333 21640 21973 22222 22474 22459
5863 5845 5826 5668 5006 4766 4908 5448 5622 4926 5147 4774 4789 4884 5113 5178 5542 6049 6685 7422 7912 8325 8571 8716 8919 9153 9474 9980 10577 11286 11964 12530 13102 13196 12818 13012 13374 13741 14003 13969 13934 14057 13909 14001 13637 13697 13858 14039 14264 14493 14739 15151 15297 15948 16536 17154 17606 18152 18425 19173 19756 20251 20543 20940 21369 21658 21856 22092 22245 22403
5662 5626 5425 5439 4860 4626 4797 5342 5536 4808 4947 4584 4661 4908 5138 5042 5374 6121 6916 7685 8006 8193 8361 8631 8806 9039 9317 9862 10553 11282 11941 12466 13184 12756 12437 12756 13301 13649 13856 13589 13570 13687 13665 13659 13489 13532 13681 13950 14252 14525 14702 15007 15417 15822 16489 17152 17565 18010 18339 19231 19929 20326 20688 21308 21700 22085 22437 22555 22787 22288
5379 5208 5179 5243 4573 4493 4619 5296 5229 4598 4764 4374 4534 4781 4751 4811 5283 6201 6785 7383 7676 7863 8173 8402 8582 8847 9200 9788 10469 11214 11870 12457 12548 12227 12086 12645 13188 13429 13527 13230 13243 13342 13343 13371 13275 13310 13557 13820 14182 14448 14653 14994 15282 15887 16468 17103 17513 17937 18354 19189 19722 20282 20665 21114 21582 22007 22285 22522 22798 22106
5094 4939 4863 4894 4335 4337 4574 5040 4903 4383 4598 4244 4418 4431 4506 4620 5221 5842 6332 6952 7198 7541 7827 8063 8261 8545 8937 9535 10189 10920 11581 11954 11742 11595 11875 12412 12795 12975 12997 12928 12962 13004 13025 13167 13151 13323 13619 13973 14388 14691 14963 15458 15804 16633 17392 18161 18557 18982 19492 20418 20748 21373 21461 21884 22410 22724 22635 22702 22785 21944
4808 4723 4479 4473 4136 4256 4290 4557 4616 4206 4419 4133 4145 4263 4357 4616 4933 5486 6018 6594 6952 7309 7613 7872 8086 8374 8780 9386 10027 10742 11085 11123 11051 11428 11816 12175 12466 12565 12715 12598 12614 12797 12837 13050 13161 13357 13632 13960 14361 14703 14970 15424 15993 16722 17427 18064 18404 19042 19483 20184 20790 21030 21467 22016 22242 22616 22414 22506 22533 21805
4584 4525 4151 4193 4025 4130 4074 4401 4490 4137 4316 3990 4071 4500 4468 4761 5102 5600 6181 6627 7177 7668 8137 8085 8194 8553 9011 9675 10152 10525 10468 10616 11081 11489 11890 12093 12277 12424 12630 12321 12502 12598 12929 13284 13416 13625 13834 14077 14407 14651 14992 15450 15986 16779 17482 18161 18541 19182 19741 20277 20562 21109 21606 21748 22099 22074 22320 22248 22351 21652
4311 4515 3796 4032 3819 3796 3728 4100 4489 3933 3985 3800 4108 4228 4355 4579 4784 5268 5690 6493 6977 7501 7505 7648 7935 8273 8751 9222 9526 9514 9694 10393 10911 11269 11435 11617 11770 12027 12138 12315 12385 12498 12893 13340 13550 13778 13923 14291 14911 15369 15646 16110 16860 17606 18293 18897 19091 19268 19450 19895 20602 21311 21226 21551 21600 22037 21911 21938 21927 21330
4155 4150 3445 3719 3553 3424 3460 3922 4154 3627 3713 3593 3880 4354 4127 4233 4305 4924 5978 6678 6922 6983 7135 7430 7657 8106 8471 8700 8714 9017 9641 10454 10843 10916 11137 11274 11594 11668 11944 11993 12151 12419 12819 13386 13515 13674 13857 14368 14977 15459 15749 16044 16775 17757 18217 18745 18632 18985 19046 19847 20538 20772 20631 20885 21318 21341 21411 21373 21504 21145
3625 3448 3066 3603 2891 2674 2647 3204 3307 3044 3103 3134 3555 3559 3493 3621 3780 4718 5475 6137 6051 6297 6705 6984 7340 7673 7799 7910 8194 8853 9489 10070 10312 10452 10736 10984 11010 11340 11621 11746 12069 12329 12641 13166 13046 13167 13487 14016 14672 14977 15024 15406 16179 16735 17339 17672 17772 17985 18190 19036 19386 19492 19591 19943 20168 20539 20447 20560 20805 20573
3181 2885 3132 3337 2389 2261 2140 2599 2786 2597 2923 2976 3093 3002 3140 3201 3580 4343 5099 5380 5574 6034 6437 6801 7059 7218 7275 7538 8119 8847 9303 9730 9990 10328 10645 10556 10852 11172 11489 11757 12098 12387 12667 13013 12745 12987 13386 13845 14299 14538 14690 15174 15515 16282 16645 17078 17284 17541 17761 18362 18411 18782 18973 19159 19591 19802 19955 20160 20278 20270
2643 2616 2802 2623 2072 1914 1784 2257 2280 2494 2987 2861 2713 2849 2948 3227 3720 4427 4728 5182 5638 6083 6523 6611 6697 6704 6856 7259 7865 8443 8798 9419 9758 10138 10051 10382 10703 11094 11493 11998 12516 12955 12748 12578 12771 13096 13408 13634 14025 14288 14521 14933 15307 15907 16423 16810 17009 17298 17469 17982 18208 18477 18739 18947 19170 19635 19764 19844 19940 20195
2173 2201 2176 2041 1798 1638 1598 2054 2202 2325 2991 2682 2543 2752 2944 3248 3656 4049 4575 5295 5847 6197 6241 6377 6398 6521 6794 7248 7680 8114 8723 9386 9698 9699 9976 10279 10738 11119 11487 12028 12361 12566 12388 12464 12768 13072 13410 13629 13775 14257 14486 14900 15236 15937 16601 16973 17031 17186 17562 18185 18587 18960 19292 19570 19698 20192 20324 20386 20452 20647
1766 1759 1622 1637 1545 1377 1386 2078 2099 2327 2695 2463 2429 2877 2987 3102 3273 3863 4677 5382 5708 5763 6006 6161 6297 6497 6769 7155 7445 8098 8734 9310 9286 9723 9893 10276 10825 11308 11599 11824 11929 12102 12336 12472 12726 13042 13374 13439 13766 14191 14435 14825 15210 15967 16421 16986 16763 17170 17646 18280 18720 19137 19359 19442 19869 20421 20333 20435 20640 20906
1312 1327 1270 1419 1200 1077 1238 1839 2046 2059 2280 2279 2387 2671 2844 2731 3003 3697 4443 4978 5104 5353 5656 5906 6111 6332 6559 6848 7324 7990 8540 8750 9235 9541 9799 10313 10766 11137 11535 11637 11726 12061 12301 12625 12800 13057 13221 13486 13820 14112 14369 14738 15163 15704 16351 16467 16786 17205 17470 18164 18625 18901 19095 19485 19883 20083 20328 20461 20627 20850
1073 1018 1217 1368 1034 997 1186 1753 1900 1966 2156 2170 2416 2582 2580 2585 2959 3706 4263 4634 4927 5259 5539 5749 5940 6165 6303 6656 7275 7896 8282 8700 9150 9502 9841 10318 10740 11148 11400 11490 11721 11995 12302 12695 12809 12903 13166 13453 13848 14139 14309 14740 15083 15714 15880 16396 16762 17167 17409 18046 18487 18879 19090 19453 19815 20065 20259 20481 20688 20881
841 972 1138 1119 929 1091 1278 1567 1825 1911 2107 2320 2503 2390 2495 2651 2990 3540 4001 4556 4875 5169 5412 5557 5724 5838 6072 6571 7134 7633 8192 8698 9227 9609 10031 10377 10723 10991 11298 11627 12004 12463 12797 12880 12686 12931 13249 13671 13950 14050 14293 14659 15018 15296 15940 16508 16893 17391 17535 18187 18781 19130 19384 19939 20249 20540 20845 21157 21098 21121
747 766 856 856 917 1109 1166 1835 1842 1875 2361 2282 2274 2559 2764 2927 3111 3746 4176 4660 4980 5154 5260 5478 5503 5662 5920 6389 6925 7591 8210 8853 9352 9784 9917 10250 10696 10989 11249 11644 12024 12462 12510 12510 12691 12917 13257 13518 13735 14030 14195 14496 14703 15298 15924 16505 16781 17216 17581 18340 18725 19149 19516 19824 20234 20714 20877 20879 20978 21120
394 451 520 691 972 936 1182 1721 1739 1875 2126 2197 2276 2556 2669 2670 3115 3557 3966 4481 4747 4891 5194 5330 5477 5746 6122 6691 7234 7924 8456 8906 9419 9653 9846 10467 11030 11283 11471 11774 11992 12347 12446 12712 12924 13044 13235 13404 13646 13943 14103 14336 14671 15248 15897 16479 16749 17164 17580 18209 18755 19217 19468 19929 20186 20657 20794 20903 21144 21256
103 228 520 711 759 893 1050 1465 1686 1719 1906 2050 2187 2314 2400 2510 2787 3245 3670 4136 4414 4661 4898 5129 5342 5634 6019 6600 7232 7864 8390 8840 9247 9534 9886 10291 10728 11041 11313 11568 11807 12118 12380 12674 12761 12912 13116 13372 13639 13827 14037 14376 14769 15317 15876 16346 16630 17167 17460 18049 18576 18952 19240 19735 20105 20419 20687 20906 21096 21223
