44151 44361 44919 45066 45069 45459 45649 46088 46283 39141 39497 40090 39789 39898 39753 39798 38372 36499 35162 34740 34645 35012 35769 36294 36805 37540 38107 38473 38995 39605 39813 39673 40210 40464 40209 39883 39257 39328 38702 38594 38307 38636 39472 39175 39373 40000 40312 40375 40644 40687 40877 41371 41873 42236 42232 41961 41862 41802 41947 41702 40966 41099 40555 40566 39386 39326 39676 39740 39571 39622
43775 44012 44520 44637 44974 45096 45348 45612 45649 38456 38815 39226 38855 38968 38937 38991 37665 35946 34713 34289 34430 34930 35568 35940 36591 37140 37799 38114 38676 39009 39116 39517 40120 40064 39761 39642 38903 38832 38382 38134 37975 38637 39133 38777 39465 39985 39885 40572 40373 40416 40870 41386 41818 41872 41870 41465 41584 41737 41716 41501 40699 40962 40357 40367 39156 39214 39705 39454 39407 39255
43522 43859 44212 44631 44664 44922 44879 45374 45241 37886 38025 38330 37865 38036 37961 38038 36900 35347 34309 33966 34094 34363 34867 35399 35828 36415 37121 37471 37796 38037 38521 39030 39446 39630 39181 39134 38447 38325 37935 37646 37778 38103 38259 38424 38955 39112 39676 39990 39854 40229 40512 41023 41232 41415 41225 40807 41127 41372 41366 41224 40384 40499 40039 40210 38874 39029 39175 39119 39213 39104
42975 43208 43757 44013 44188 44240 44377 44784 44991 37584 37726 38010 37442 37583 37538 37627 36539 34996 34033 33694 33730 33950 34507 34843 35390 35938 36532 36752 36940 37561 38044 38435 39009 39197 38697 38646 38058 38020 37737 37346 37363 37655 38165 38043 38254 38884 39220 39525 39723 39805 40271 40592 41039 40926 41102 40491 40757 40967 40937 40799 40245 40386 39795 39965 38699 38800 38929 38894 39007 38888
42650 43009 43377 43794 43691 43759 43972 44683 44406 37169 37400 37709 37061 37205 37151 37192 36132 34641 33669 33300 33431 33754 34213 34697 35199 35754 36200 36237 36863 37454 37861 38349 38871 38873 38322 38323 37851 37708 37512 37195 37196 37663 37809 37718 38426 38687 38913 39355 39412 39701 40048 40580 40623 40710 40817 40246 40435 40623 40618 40842 40002 40205 39656 39716 38562 38615 38861 38783 38901 38803
42251 42556 43148 43430 43232 43420 43723 44539 43957 36749 36888 37086 36373 36517 36442 36498 35624 34264 33466 33172 33125 33281 33766 34200 34651 34984 35367 35824 36341 36949 37388 37827 38353 38540 37932 37895 37516 37445 37261 36906 37000 37142 37376 37459 37821 38164 38538 38921 39177 39443 39842 40036 40251 40383 40417 39823 40050 40304 40523 40478 39863 39888 39383 39519 38350 38412 38513 38518 38750 38643
41707 42014 42572 42648 42766 43066 43473 44104 43112 36191 36379 36637 35970 36128 36152 36227 35337 34068 33241 32909 33001 33305 33734 34172 34499 34786 35576 36057 36666 37393 37870 38427 38899 38298 37761 37739 37455 37330 37230 36855 36953 37239 37753 38015 38444 39047 39707 39659 39433 39544 39744 40026 40291 40283 40233 39710 39999 40287 40489 40208 39759 39880 39315 39494 38268 38396 38505 38398 38532 38404
41248 41614 41884 42204 42434 42900 43170 43550 42595 35781 35914 36187 35477 35656 35693 35808 34928 33727 32989 32702 32786 32974 33457 33690 33934 34594 35304 35824 36499 37121 37672 38098 38400 37854 37426 37515 37220 37121 37082 36663 36705 37222 37766 37729 38353 39072 39048 39333 39148 39212 39386 39775 39969 39937 39920 39463 39778 40328 40163 39900 39643 39834 39186 39285 38141 38253 38591 38285 38387 38274
40700 40982 41321 41695 42094 42275 42393 42728 42014 35363 35518 35819 34878 35029 35018 35198 34343 33175 32566 32344 32291 32460 32780 32943 33485 34120 34965 35409 36048 36751 37054 37238 37923 37268 36887 36946 36744 36685 36635 36329 36395 36985 37191 37351 38116 38246 38427 38998 38620 38664 38917 39276 39395 39541 39386 39045 39509 39752 39892 39538 39326 39469 38765 38964 37817 37974 38227 37985 38159 38075
40323 40656 41042 41563 41711 41827 41955 42200 41690 35148 35309 35625 34426 34655 34403 34560 33672 32552 32002 31793 31622 31678 31979 32403 33004 33679 34429 34912 35561 35991 36123 36734 36952 36482 36200 36258 36201 36272 36227 35949 36095 36453 36836 37108 37314 37520 37979 38219 38076 38072 38363 38617 38938 39223 38826 38583 38883 39352 39339 39082 39002 39205 38404 38617 37521 37680 37866 37717 37851 37996
39785 40052 40600 40946 41025 41085 41152 41380 41037 34711 34907 35375 33915 34139 33805 33966 32979 31882 31401 31261 31218 31394 31927 32434 33314 34096 34761 35119 35293 35507 36159 36309 36291 36058 35792 35797 35786 35878 35888 35707 35814 36230 36650 36730 36915 37420 37620 37786 37759 37802 38033 38514 39009 38994 38509 38411 38771 39001 38952 38788 38774 39002 38158 38329 37306 37543 37636 37577 37795 37803
39326 39708 40101 40368 40357 40468 40548 40881 40578 34347 34612 35058 33361 33529 33151 33315 32265 31151 30751 30678 30706 31034 31719 32431 33150 33711 34411 34372 34574 35264 35586 35480 35530 35454 35218 35272 35292 35509 35475 35350 35406 35788 36151 36149 36614 36903 37070 37459 37405 37396 37759 38360 38501 38676 38081 38107 38329 38466 38481 38683 38475 38825 37875 37923 37098 37193 37407 37716 37756 37644
38878 39207 39611 39807 39888 39961 39991 40370 40184 34004 34183 34550 32634 32763 32344 32496 31489 30484 30255 30301 30356 30836 31594 32171 32638 33183 33648 33551 34082 34695 34559 34511 35125 34761 34669 34713 34963 35114 35236 34915 34912 35366 35746 35668 36092 36323 36628 36967 36959 37090 37652 37937 38241 38204 37732 37705 37896 38042 38223 38313 38420 38691 37542 37490 36861 36943 37469 37409 37360 37503
38361 38599 39040 39513 39316 39419 39534 39749 39963 33748 33873 34051 32104 32266 31843 31931 31066 30052 29898 29909 30162 30525 31237 31565 32037 32374 32605 32864 33429 33435 33478 33993 34359 34079 34177 34480 34650 34945 35132 34505 34516 34906 35248 35232 35589 36020 36319 36769 36689 37146 37351 37642 37646 37909 37486 37284 37579 37889 38003 38206 38597 39067 37220 37233 36713 36920 37293 37120 37164 37316
37821 37985 38645 38814 38621 38833 38818 39321 39544 33280 33333 33449 31607 31726 31369 31380 30672 29592 29458 29615 29824 30149 30694 31055 31324 31505 32011 32348 32441 32555 33107 33437 33553 33631 34005 34301 34493 34762 34858 34216 34227 34350 34704 34858 35218 35665 36154 36323 36661 36808 36960 36964 37422 37352 37012 36890 37235 37596 38160 38338 38612 38569 36926 37007 36544 36758 36928 36975 37286 37350
37108 37368 37837 37925 38020 38242 38353 38714 38696 32676 32771 32912 31234 31372 31108 31157 30460 29326 29044 29079 29272 29445 29920 30170 30415 30789 31205 31265 31384 32037 32422 32586 32906 33346 33772 34165 34385 34612 34777 33863 33795 34014 34456 34424 34808 35279 35545 36219 36074 36137 36234 36617 36841 36655 36451 36345 36880 37473 37789 38139 38132 38204 36596 36713 36289 36462 36584 36744 37089 36936
36638 36879 37159 37484 37640 37897 37860 38139 38155 32307 32403 32662 30919 31001 30775 30943 30190 29062 28766 28903 28792 28975 29316 29502 29866 30163 30430 30440 31065 31592 31741 32053 32841 33356 33952 34502 34687 35006 34647 33704 33545 33905 34237 34103 34569 34813 35550 36112 35615 35627 35985 36267 36308 36218 36033 36212 36851 37338 37894 38112 37883 37924 36407 36411 36164 36289 36661 36739 36791 36932
36257 36300 36849 37201 37454 37532 37601 37777 38200 32126 32246 32373 30651 30664 30458 30580 29844 28679 28332 28578 28114 28144 28500 28737 29014 29178 29532 29894 30336 30619 31091 31863 32661 33276 33952 34240 34488 34842 34372 33360 33187 33446 33606 33830 34092 34813 35388 35616 35090 35288 35701 35700 35830 35653 35776 36154 36765 37615 38173 37732 37542 37509 36125 36447 36049 36239 36550 36483 36901 36657
35719 35813 36432 36799 36778 36968 36994 37366 37602 31453 31528 31637 30216 30273 30141 30254 29315 28179 27595 27642 27086 27137 27603 27834 28108 28325 28754 29201 29476 29991 30918 31660 32378 32996 33529 33985 34152 34692 33943 32816 32663 32867 33244 33315 33838 34444 34603 34946 34507 34578 34815 34863 34906 35048 35524 35626 36706 37322 37705 37153 36887 36928 35824 36071 35682 35964 36073 36374 36610 36228
35159 35343 35941 36095 36206 36392 36519 36849 36759 30793 30897 31198 29826 29849 29790 29925 28816 27679 26886 26757 26097 26264 26726 26972 27274 27569 28132 28384 28886 29868 30685 31425 32155 32674 33266 33711 34062 34622 33513 32413 32230 32490 32729 33070 33507 33623 33954 34394 33775 33803 34062 34009 34343 34735 35056 35557 36328 36828 37239 36580 36231 36242 35497 35639 35367 35543 36014 36012 36147 35927
34618 34842 35313 35645 35763 36102 36081 36248 36117 30341 30520 31008 29459 29657 29525 29708 28464 27346 26395 26034 25262 25379 25754 26017 26378 26762 27213 27637 28501 29439 30321 31048 31750 32417 33016 33556 34030 34597 33223 31931 31737 32023 32583 32622 32714 33028 33425 33553 33154 33060 33285 33540 34031 34538 34983 35335 36075 36459 36563 35946 35781 35991 35176 35322 35137 35499 35652 35570 35673 35513
34161 34353 34799 35140 35424 35669 35520 35692 35603 29947 30251 30861 28963 29127 28942 29105 27764 26617 25665 25312 24616 24791 25272 25479 25841 26171 26885 27592 28480 29382 30239 31013 31813 32380 32941 33516 33940 34536 32817 31577 31282 31715 32269 32038 32293 32700 32849 33068 32711 32630 32867 33400 34028 34521 35121 35457 35780 36030 35962 35586 35410 35687 34901 34965 35038 35245 35683 35377 35460 35329
33953 34167 34650 35071 35224 35712 35048 35305 35142 29447 29841 30532 28195 28427 28124 28219 26938 25900 25019 24722 24070 24256 24708 24961 25222 25846 26897 27821 28658 29586 30505 31409 32331 33073 33711 34411 34554 34652 32368 31236 31032 31367 31898 31560 31931 32245 32290 32403 32235 32305 32720 33614 34231 34572 35121 34989 35389 35656 35562 35389 35055 35326 34646 34883 34853 35120 35336 35159 35269 35272
33390 33612 34178 34481 34811 34907 34161 34361 34420 28558 28989 29513 27018 27146 26952 27160 25779 24895 24166 24044 23516 23723 24162 24304 24878 25772 26911 27727 28730 29846 30961 31820 32739 33595 34260 34897 33967 34098 31767 30687 30474 30898 31317 30968 31252 31500 31485 31895 31816 32006 32610 33365 33945 34384 34480 34415 34832 35049 35035 34964 34623 34805 34275 34424 34429 34655 34959 34807 35013 35265
32910 33167 33740 34189 34200 34225 33474 33752 33869 27774 27968 28194 25810 25863 25710 25866 24468 23776 23178 23156 22819 23011 23411 23813 24660 25610 26762 27636 28637 29803 30821 31668 32654 33427 34068 34347 33218 33192 31087 30006 29871 30171 30406 30293 30595 30684 30940 31317 31533 31871 32465 33110 33713 34046 33755 33766 34253 34414 34472 34825 34120 34061 33860 34020 34047 34221 34396 34510 34890 35253
32427 32664 33504 33688 33647 33688 32961 33257 33540 27195 27062 27306 24977 25038 24869 25004 23581 23059 22528 22512 22282 22451 23031 23715 24773 25809 27057 28089 29253 30575 31762 32686 33732 34635 34069 33809 32721 32622 30718 29527 29410 29618 30058 29869 30065 30271 30626 31210 31505 31896 32470 33104 33578 34031 33313 33441 33863 33989 34379 34631 33801 33695 33639 33799 33896 33971 34263 34534 34856 35327
31659 32023 32738 32912 32883 32901 32326 32674 32764 26424 25960 26233 23993 24076 23947 24122 22634 22226 21731 21694 21645 21961 22853 23733 25005 26308 27854 29056 30497 32119 33507 34208 35173 34841 33313 33232 32119 31932 30271 28889 28769 29085 29557 29346 29684 29949 30803 31524 31915 32286 32483 32884 33424 33823 32865 33012 33489 33803 34076 34660 33342 33307 33397 33590 33558 33751 34161 34417 34652 35313
30801 31209 31826 32016 32025 32061 31661 32090 32124 25887 25167 25340 23107 23157 22998 23233 21729 21364 20993 20987 21042 21639 22696 23740 25140 26512 28148 29144 30591 32071 32948 33811 35019 33784 32488 32489 31373 31226 29766 28231 28033 28448 28900 28693 29209 29923 30898 31509 31786 31860 32111 32651 33274 33109 32427 32566 33134 33429 34003 34196 32910 32925 33118 33207 33292 33579 34019 34171 34740 35360
29858 30207 30828 31095 31081 31162 30924 31425 31486 25320 24361 24219 22128 22144 21958 22122 20734 20420 20171 20209 20492 21164 22397 23602 24937 26275 27679 28866 30131 31207 32181 33300 34417 32429 31434 31428 30424 30334 29105 27436 27192 27629 27964 27900 28928 29785 30457 31264 31140 31259 31696 32314 32414 32190 31814 31885 32472 33156 33402 33345 32356 32460 32590 32851 32958 33194 33580 34007 34656 34687
29130 29485 30137 30410 30346 30436 30344 30900 31008 24756 23562 23134 21245 21249 21089 21220 19955 19744 19580 19677 19960 20769 22095 23328 24646 25762 27324 28439 29327 30494 31661 32737 33550 31135 30423 30428 29616 29578 28560 26720 26483 26853 27206 27511 28571 29221 30007 30591 30382 30667 31246 31450 31368 31257 31102 31146 32116 32608 32532 32498 31867 32033 32238 32567 32592 32782 33414 33891 34633 34207
28424 28825 29438 29682 29629 29725 29714 30320 30365 24122 22739 22079 20442 20497 20370 20502 19316 19238 19106 19169 19602 20537 21796 23098 24198 25510 26981 27770 28727 30100 31188 31981 32367 29932 29466 29548 28872 28858 28079 26056 25827 26283 26874 27167 27948 28753 29238 29494 29689 30076 30487 30420 30387 30389 30392 30862 31562 31883 31623 31593 31410 31698 31917 32261 32198 32660 33230 33757 34339 33766
27723 28185 28699 28936 28935 29029 29092 29708 29660 23519 21996 21129 19616 19721 19586 19716 18738 18735 18680 18828 19373 20158 21509 22611 23823 25140 26387 27082 28314 29623 30374 30750 30998 28847 28566 28704 28134 28125 27506 25446 25287 25781 26458 26509 27467 28057 28172 28634 29062 29446 29607 29456 29475 29614 30048 30396 30840 30896 30804 30887 30935 31233 31701 31802 32089 32325 33036 33453 33925 33370
26733 27183 27681 28079 28014 28100 28190 28639 28680 22740 21140 20115 18581 18749 18575 18728 18065 18119 18219 18475 18909 19695 20870 22091 23230 24422 25634 26417 27652 28665 28961 29151 29420 27737 27583 27752 27245 27276 26683 24707 24672 25056 25603 25916 26737 27009 27312 27760 28300 28616 28669 28495 28514 29120 29363 29675 29801 29976 30053 30169 30261 30678 31195 31494 31642 31813 32482 32857 33041 32687
25679 26120 26684 27096 26995 27096 27056 27509 27572 21983 20383 19295 17759 17969 17768 17907 17465 17582 17758 18045 18662 19363 20659 21827 22873 24064 25262 26080 27038 27555 27650 27871 28035 26812 26723 26896 26448 26528 25931 24101 24134 24431 25099 25487 25940 26353 26633 27106 27617 27866 27755 27733 28197 28576 29002 28834 28991 29281 29408 29521 29779 30226 30885 31079 31153 31406 31963 32002 32181 31966
24459 24868 25472 25860 25804 26053 25786 26221 26191 21112 19555 18457 16972 17216 17008 17142 16884 17033 17250 17799 18420 19264 20545 21615 22679 23869 25027 25587 26083 26363 26491 26645 27022 25958 25920 26145 25704 25844 25178 23559 23630 23938 24667 24867 25427 25758 26157 26485 26937 26956 27064 27482 27706 28244 28629 28079 28320 28622 28785 28982 29320 29923 30487 30602 30694 30957 31329 31155 31333 31206
23233 23586 24162 24552 24664 24743 24468 24803 24767 20188 18663 17546 16206 16401 16296 16388 16313 16487 16997 17615 18435 19293 20495 21574 22651 23798 24640 24791 25093 25342 25409 25824 26073 25186 25237 25356 25032 25159 24456 23094 23222 23526 24069 24492 24896 25362 25663 25953 26135 26361 26852 27028 27453 27914 28045 27444 27679 28031 28347 28549 29020 29623 30047 30592 30217 30406 30656 30428 30594 30570
22053 22381 22919 23392 23398 23613 23168 23445 23384 19357 17948 16915 15723 15936 15850 15931 15925 16316 16819 17564 18533 19453 20616 21643 22694 23518 24000 23882 24176 24380 24734 24982 24984 24510 24593 25003 24458 24553 23839 22685 22860 23123 23706 24080 24502 24807 25158 25202 25488 26023 26359 26759 27187 27446 27368 26894 27086 27550 27912 28251 28811 29303 29976 30144 29738 29911 30049 29811 29939 30031
20825 21151 21715 22063 22230 22422 21843 22092 22024 18564 17310 16384 15312 15441 15448 15553 15724 16092 16705 17578 18508 19366 20498 21525 22294 22816 23189 22892 23163 23644 23852 23872 24153 23797 24220 24726 23829 23959 23196 22217 22363 22724 23206 23636 23858 24195 24361 24518 25067 25420 25985 26397 26641 26660 26865 26297 26558 27032 27551 27991 28464 29191 29438 29465 29191 29302 29358 29169 29323 29429
19667 19977 20475 20921 21101 21090 20511 20694 20641 17777 16672 15872 14977 15180 15163 15384 15593 16025 16806 17768 18734 19589 20585 21257 21747 22164 22147 22020 22523 22911 22884 23089 23126 23441 24014 24343 23264 23385 22626 21790 22035 22416 22862 23126 23363 23493 23715 24214 24542 25030 25724 25954 25993 26357 26247 25806 26091 26718 27324 27699 28463 28927 28774 28861 28692 28878 28706 28599 28745 29038
18471 18728 19234 19813 19717 19692 19162 19320 19430 17061 16119 15434 14711 14877 14978 15186 15394 15995 16808 17846 18817 19529 20326 20756 21179 21156 21177 21436 21863 21933 22139 22177 22761 23227 23608 23640 22646 22733 22039 21360 21670 22029 22282 22737 22671 22816 23460 23747 24200 24773 25235 25283 25684 25860 25660 25371 25763 26435 27024 27712 28369 28177 28113 28302 28191 28395 28120 28087 28353 28766
17095 17314 17977 18331 18169 18183 17782 18010 18278 16302 15598 15096 14523 14720 14811 14946 15272 15822 16644 17547 18408 19028 19610 19947 20032 19973 20320 20543 20646 20956 21021 21620 22302 22583 22759 22744 21895 21892 21355 20795 21143 21354 21730 21990 21864 22291 22839 23243 23726 24052 24362 24741 24986 25189 24903 24788 25254 25855 26807 27394 27497 27338 27363 27668 27544 27784 27481 27549 27875 28192
15632 15955 16428 16779 16629 16660 16438 16747 16933 15477 15002 14700 14331 14596 14624 14822 15105 15594 16245 17108 17936 18342 18810 18847 18907 19169 19361 19376 19689 19836 20464 21203 21583 21727 22198 21811 21152 21087 20732 20206 20542 20920 21119 21092 21419 21694 22338 22786 23020 23146 23866 24041 24287 24335 24170 24213 24724 25591 26382 26523 26704 26578 26708 26871 26878 27096 26860 26915 27152 27527
14253 14536 14947 15328 15234 15396 15203 15621 15814 14834 14565 14380 14099 14335 14425 14731 14942 15385 16075 16856 17353 17594 17697 17708 18006 18128 18244 18369 18503 19243 19965 20445 20816 21316 21531 20910 20416 20368 20165 19681 20100 20323 20255 20537 20826 21276 21925 22074 22190 22816 23257 23468 23466 23570 23622 23869 24612 25343 25598 25950 25912 25883 26057 26673 26298 26523 26217 26236 26583 26916
12942 13193 13559 13783 14045 13981 14237 14678 15040 14329 14266 14206 14000 14154 14311 14426 14593 15069 15691 16159 16648 16535 16651 16815 17027 17016 17256 17217 17934 18748 19238 19670 20318 20546 20664 19978 19615 19616 19579 19121 19353 19437 19619 19960 20375 20730 21158 21371 21883 22083 22508 22538 22724 23010 23358 23666 24230 24462 24993 25113 25227 25329 25702 25893 25683 25804 25694 25803 26002 26257
12172 12359 12701 13240 13201 13531 13802 14255 14434 14004 14030 14061 13918 14102 14091 14230 14641 15091 15393 15844 15853 15769 16027 16115 16145 16309 16435 16970 17713 18360 18878 19493 19944 20041 20347 19476 19187 19290 19301 18823 18844 19068 19430 19831 20176 20371 20756 21292 21483 21729 21956 22165 22515 22965 23325 23641 23814 24298 24542 24749 24951 25330 25424 25361 25418 25435 25754 25528 25661 25825
11548 11701 12376 12578 12883 13096 13368 13492 13781 13436 13548 13747 13532 13682 13750 14335 14706 14809 15127 15426 15116 15070 15331 15287 15440 15585 16283 16806 17473 18124 18798 19191 19616 19819 19893 19016 18861 19100 18932 18533 18622 18777 19384 19654 19810 20189 20675 20771 21137 21303 21684 21990 22434 22773 23121 23247 23764 24041 24366 24400 24790 25040 24976 25087 25066 25249 25292 25108 25276 25380
10994 11238 11690 12213 12424 12788 12776 12929 12970 12862 13054 13315 13144 13302 13759 14100 14167 14355 14643 14579 14419 14533 14749 14766 14938 15658 16390 16783 17396 18135 18714 19141 19558 19363 19397 18625 18546 18644 18588 18297 18367 18680 19170 19543 19857 20164 20367 20695 20952 21195 21584 22037 22411 22665 22957 23175 23521 23804 24107 24289 24511 24837 24768 24900 24887 25041 25216 24974 25040 25249
10615 10827 11550 11913 12294 12352 12264 12430 12603 12466 12635 12747 12681 13214 13470 13608 13838 14232 14176 14137 14031 14116 14266 14270 14959 15631 16299 16709 17440 18097 18676 19024 19486 19059 19124 18413 18299 18545 18369 18100 18197 18551 19170 19451 19715 19892 20308 20676 20937 21189 21604 22149 22628 22771 23070 23213 23458 23913 24415 24452 24849 25246 24660 24761 24865 25083 25115 24935 25119 25383
9948 10211 10852 11446 11483 11512 11493 11688 11736 11725 11754 12038 12397 12786 12840 13121 13537 13480 13424 13436 13464 13450 13696 14207 14836 15484 16140 16668 17321 17949 18492 18976 19487 18620 18632 18055 17928 18071 17930 17801 18021 18245 18823 19315 19345 19710 20285 20519 20807 21170 21656 22105 22371 22565 22944 22906 23340 23862 24173 24345 24609 24722 24418 24684 24651 24903 24811 24914 25146 25355
9127 9424 10177 10424 10439 10471 10459 10698 11235 11033 11362 12053 12243 12471 12717 13096 13311 12963 12851 12937 12923 13069 13755 14269 15001 15772 16504 17054 17860 18688 19359 19237 19337 18289 18220 17772 17654 17836 17618 17606 17786 18236 18777 18955 19134 19640 20097 20447 20714 21071 21522 21885 22257 22551 22752 22902 23234 23630 23994 24186 24253 24299 24204 24393 24480 24622 24884 24907 25051 25315
8470 8825 9410 9631 9624 9675 9643 10346 10445 10676 11290 11811 11952 12395 12696 13132 13009 12633 12492 12515 12563 12993 13643 14282 14974 15704 16548 17148 17879 18666 18899 18694 18727 17944 17805 17540 17398 17431 17376 17515 17758 18113 18515 18728 19264 19742 20262 20732 21076 21422 21872 22237 22391 22517 22704 22879 23269 23629 23964 24121 23941 24033 24167 24375 24439 24601 24764 24931 25284 25514
7908 8216 8737 9065 9031 9069 9329 9739 10206 10779 11106 11516 11827 12317 12713 13118 12702 12389 12274 12311 12588 13149 13998 14774 15481 16186 16987 17374 17800 18216 18287 18056 18229 17557 17532 17287 17203 17296 17454 17721 17764 18091 18669 18963 19591 20054 20454 20908 21196 21576 21955 22093 22282 22540 22845 23204 23605 23857 23767 23860 23838 24153 24291 24435 24534 24607 24946 25136 25377 25570
7566 7803 8537 8634 8655 8858 8921 9591 10258 10259 10517 11084 11546 12039 12401 12474 12200 12069 12101 12451 12757 13302 14129 14614 15220 15971 16719 16902 17209 17508 17556 17402 17622 17181 17240 17076 16983 17241 17503 17655 17609 18009 18873 19116 19465 19946 20368 20804 21280 21534 21640 21883 22235 22484 22832 23156 23515 23534 23630 23647 23920 24343 24441 24406 24548 24711 25157 25285 25455 25647
7150 7435 8012 8175 8346 8376 8767 9399 9572 9492 9950 10727 11199 11680 11665 11729 11604 11673 11996 12314 12671 13160 13869 14383 15040 15789 16514 16317 16566 16790 16818 16883 17058 16806 16867 16811 16757 17138 17383 17511 17630 18031 18706 19006 19456 20044 20444 20797 21159 21320 21518 21826 22129 22316 22723 22961 23125 23324 23495 23494 23811 24236 24309 24406 24554 24751 25077 25191 25435 25448
6774 7052 7500 7827 7833 8133 8479 8808 8838 9100 9801 10551 10959 11091 11053 11088 11279 11652 11966 12284 12589 13054 13686 14284 14928 15664 16268 15814 15984 16181 16327 16395 16678 16506 16576 16539 16723 17075 17319 17533 17699 18099 18605 18924 19430 19919 20225 20624 20878 21044 21366 21742 22033 22245 22644 22650 22823 23155 23288 23518 23709 24125 24182 24420 24593 24725 25013 25148 25355 25371
6415 6625 7185 7326 7602 7787 7852 8063 8420 8892 9566 10284 10321 10493 10447 10734 11302 11654 12165 12672 13017 13447 13985 14422 14988 15545 15674 15381 15507 15823 15971 16118 16365 16283 16347 16525 16778 17190 17410 17656 17900 18344 18911 19143 19313 19744 20047 20433 20643 20827 21274 21685 22032 22257 22366 22472 22757 23010 23294 23486 23694 24048 24135 24398 24556 24754 24955 25073 25213 25472
6025 6280 6638 7079 7238 7247 7305 7728 8309 8729 9318 9903 9706 9865 10084 10673 11116 11660 12208 12799 13295 13898 14642 14825 14939 15043 15134 14967 15226 15455 15797 15984 16096 16023 16400 16706 16916 17220 17396 17602 17883 18431 18807 18962 19287 19659 20049 20416 20600 20838 21441 21901 22172 22096 22233 22509 22857 23305 23753 24032 24309 24815 25021 25307 25449 25705 26012 26209 26457 26655
5656 5778 6350 6749 6708 6727 7002 7769 8459 8970 9176 9321 9246 9597 10036 10541 11166 11662 12310 13068 13661 14154 14206 14202 14246 14312 14473 14518 14662 15087 15440 15547 15611 15923 16309 16524 16651 17090 17319 17558 17850 18134 18486 18781 19058 19510 19828 20151 20463 20865 21489 21806 21770 21901 22340 22436 22951 23372 23766 24154 24446 24867 24981 25397 25654 25978 26156 26384 26842 27198
5230 5423 6033 6332 6181 6393 6974 7518 8223 8248 8420 8758 8983 9627 10198 10951 11775 12493 13370 14321 13897 13609 13701 13715 13839 13953 14085 14240 14568 15002 15266 15291 15582 15883 16239 16433 16768 17328 17537 17933 18138 18331 18647 18990 19059 19322 19576 19968 20451 20791 21372 21376 21652 21869 22131 22573 22924 23240 23802 24061 24399 24893 25230 25580 25850 26117 26527 26960 27408 28048
4486 4679 5278 5365 5565 5991 6403 6872 7333 7269 7589 8245 8779 9608 10258 11026 11820 12464 13223 13860 13181 13039 13180 13279 13406 13550 13852 14027 14320 14680 14957 15126 15414 15621 15958 16279 16518 17068 17448 17675 17859 18066 18510 18798 18952 19216 19423 19861 20367 20640 21116 21329 21529 21694 22158 22457 22858 23215 23563 23817 24267 24841 25095 25439 25738 26064 26434 26762 27305 27736
3942 4187 4495 4925 5292 5491 5780 6082 6312 6421 7100 8032 8692 9614 10364 11209 12051 12746 13165 13035 12693 12715 12962 13099 13224 13855 14545 15067 15638 16146 16635 17186 17868 18135 18473 18818 19084 19459 19857 20160 20521 21152 21634 22002 22488 23171 23501 23703 23760 24001 24582 25114 25491 25427 25618 25860 26377 26901 26924 27057 27301 27728 27923 28354 28527 28591 28583 28323 28480 28616
3519 3782 4174 4639 4773 4849 5011 5575 5795 6239 7104 7992 8750 9738 10653 11551 12224 12598 12533 12479 12243 12375 12583 12645 13257 13952 14701 15095 15576 16147 16751 17249 17757 18063 18353 18714 19037 19545 20077 20400 20821 21136 21614 21824 22432 22922 22911 23372 23595 23862 24356 24939 25225 25099 25537 25792 26253 26578 26751 27016 27242 27666 27767 28201 28147 28204 28146 28090 28371 28574
3090 3386 3911 4162 4265 4243 4663 5103 5517 6047 6805 7749 8502 9461 10265 11029 11581 11702 11851 11886 11750 11920 12105 12550 13146 13845 14564 14892 15398 16105 16661 17093 17620 17911 18234 18550 18969 19527 20005 20381 20440 20772 21258 21744 22224 22237 22648 23035 23464 23801 24150 24658 24712 24873 25346 25651 25941 26321 26663 26853 26993 27431 27662 27791 27719 27713 27857 27975 28279 28464
2605 2932 3388 3769 3643 3914 4161 4719 5254 5675 6479 7472 8237 9127 9829 10510 10810 11147 11349 11481 11368 11506 12043 12471 13048 13762 14454 14741 15348 16047 16624 17061 17575 17874 18238 18610 19027 19657 20068 20052 20181 20416 21214 21665 21666 22100 22500 22946 23461 23726 24069 24293 24569 24812 25247 25543 25886 26304 26541 26645 26821 27369 27399 27422 27363 27502 27742 27950 28126 28204
2120 2367 2923 2998 3286 3377 3780 4438 5008 5560 6427 7405 8097 8892 9423 9873 10308 10631 10870 10967 11018 11456 12085 12489 13145 13855 14605 15007 15768 16481 17030 17480 18155 18443 18759 18992 19252 19586 19768 19939 19893 20378 21133 21242 21679 22187 22580 23116 23527 23777 23905 24304 24698 25036 25359 25563 25897 26205 26429 26459 26736 27084 27165 27117 27204 27365 27823 27819 27929 27996
1891 2143 2557 3043 3033 3417 3881 4549 5071 5557 6341 7290 7995 8631 8949 9604 10088 10414 10536 10647 10882 11190 11806 12362 12977 13668 14441 14936 15574 16262 16850 17407 18024 18350 18630 18971 19117 19435 19675 19788 19908 20328 20914 21128 21687 22213 22599 23171 23502 23572 23952 24399 24765 24911 25157 25324 25823 26197 26336 26468 26616 26981 27009 27103 27201 27418 27632 27667 27955 27868
1673 1906 2572 2745 3158 3561 3805 4550 5121 5729 6526 7332 7734 8239 8789 9434 9911 10122 10301 10610 10764 11120 11825 12360 12990 13705 14616 15162 15720 16554 17158 17589 18147 18475 18715 18895 19109 19449 19612 19901 20131 20582 21159 21408 21912 22417 22794 23154 23332 23645 24102 24410 24639 24775 25016 25350 25853 26155 26362 26524 26602 26859 26917 27093 27205 27258 27506 27659 27789 27919
1303 1572 2182 2742 3111 3379 3897 4461 5122 5626 6278 7043 7512 8199 8810 9372 9755 9967 10235 10423 10571 11037 11677 12206 12898 13708 14498 14931 15641 16415 17032 17458 18038 18321 18684 18894 19202 19705 19977 20175 20210 20657 21305 21746 21922 22309 22670 23065 23362 23652 23978 24220 24482 24698 25141 25485 25845 26057 26253 26403 26742 27212 27130 27148 27138 27274 27506 27555 27667 27921
878 1183 2062 2534 2822 3214 3613 4343 4898 5253 5887 6636 7217 7912 8406 8932 9291 9687 9951 10206 10506 10998 11709 12288 12976 13783 14520 15024 15840 16642 17263 17796 18374 18610 18868 19044 19252 19582 19860 19958 20134 20487 21271 21480 21813 22234 22656 22978 23448 23630 23758 24106 24432 24751 25139 25492 25701 25977 26230 26432 26699 26940 26990 26905 27074 27171 27409 27503 27662 27836
313 872 1716 2263 2627 3025 3405 4052 4556 4969 5631 6440 6977 7641 8159 8744 9212 9581 9897 10215 10499 10963 11643 12222 12922 13661 14485 15049 15770 16575 17241 17755 18345 18679 18980 19165 19353 19620 19741 19938 20138 20566 21117 21344 21803 22249 22668 23073 23296 23528 23897 24285 24636 24891 25123 25376 25747 25993 26217 26396 26518 26735 26794 26929 26989 27088 27286 27372 27520 27710
