45808 33727 32951 32866 33188 26409 26307 26026 21774 21714 21730 20411 20696 20509 20597 21108 21144 20164 20233 20494 20658 21352 21976 22557 23366 24008 24687 25146 25611 25982 26114 26487 26704 27157 27540 27874 28298 28964 29605 30531 31339 31974 32516 32994 33211 33188 33466 33761 33902 34313 34556 35046 35184 35482 35587 36111 36463 36088 36172 36544 36774 36903 36960 37088 37513 37949 38231 38181 38482 38526
45220 33454 32699 32851 33143 25930 25854 25785 21530 21454 21551 20292 20408 20359 20626 20713 20686 19969 20218 20178 20643 21243 21708 22470 23149 23792 24249 24660 25015 25277 25709 25928 26550 26963 27337 27708 28127 28787 29455 30278 30900 31687 32166 32623 32779 32887 33216 33377 33757 33853 34545 34759 34950 34987 35373 35616 35808 35694 35842 36126 36492 36544 36809 37154 37601 37928 37966 38022 38296 38285
44462 33109 32437 32490 32582 25334 25226 25340 21230 21263 21467 20164 20261 20232 20252 20263 20220 19689 19867 20165 20561 21032 21683 22371 23052 23471 23884 24178 24403 24887 25063 25636 26224 26586 26960 27355 27783 28370 28954 29750 30475 31239 31742 32269 32519 32797 32848 33192 33472 33911 34442 34421 34454 34790 34947 34956 35150 35359 35550 35759 36018 36261 36737 36851 37345 37491 37759 37767 37915 38149
43824 32615 32050 32085 32145 24979 24858 24995 21034 21194 21367 19942 19985 20167 20028 19954 20115 19502 19637 19976 20200 20974 21646 22336 22774 23181 23472 23688 24164 24398 24941 25477 25996 26335 26775 27264 27718 28294 28901 29718 30425 31058 31661 32162 32482 32605 32872 33274 33678 33919 34149 34197 34415 34583 34588 34704 35017 35325 35482 35646 35866 36226 36524 36608 36932 37341 37453 37477 37595 37940
43321 32452 31772 31779 31966 24712 24633 24709 20965 21052 21286 19788 19910 19937 19868 19922 19958 19410 19602 19628 20213 21004 21692 22077 22527 22789 23016 23463 23677 24297 24841 25322 25809 26235 26792 27261 27652 28180 28750 29468 30028 30783 31321 31920 32162 32478 32744 33134 33334 33396 33901 34053 34276 34207 34229 34503 34992 35188 35245 35497 35957 36070 36375 36448 36898 37039 37225 37346 37780 37950
42712 31991 31501 31407 31465 24298 24205 24232 20764 20927 20987 19602 19741 19770 19558 19652 19586 19174 19150 19682 20310 20974 21319 21784 22091 22299 22744 22922 23513 24092 24515 24932 25485 25973 26434 26824 27143 27695 28255 28998 29715 30408 31078 31643 32019 32325 32636 32934 33004 33528 33926 33806 33792 33854 34016 34394 34732 34926 35101 35421 35687 35866 36109 36212 36492 36731 37074 37259 37569 37888
42194 31616 31158 31227 31477 24062 24041 24059 20676 20725 20815 19404 19496 19494 19497 19498 19431 19023 19156 19583 19961 20409 20874 21161 21444 21860 22032 22564 23117 23640 24093 24580 25182 25572 26039 26444 26906 27557 28208 28993 29662 30387 30999 31561 31889 32201 32429 32732 32972 33299 33530 33477 33544 33815 34107 34485 34771 35033 35234 35499 35876 36139 36484 36686 37241 37661 37973 38149 38466 38835
41532 31248 30925 31107 31386 23703 23689 24011 20553 20716 20598 19299 19309 19341 19576 19261 19378 18872 19245 19408 19627 20186 20437 20717 21155 21307 21831 22354 22852 23359 23813 24344 24890 25303 25776 26337 26915 27715 28568 29676 30513 31449 32258 32643 32783 32927 32781 32895 33165 33049 33255 33257 33503 33821 34119 34389 34899 35353 35476 35681 35949 36419 36915 37011 37669 38249 38708 38974 39203 39541
41005 30882 30580 30690 30753 23298 23297 23575 20316 20518 19981 18955 18997 19189 19297 18986 19097 18642 18826 18920 19313 19683 19944 20385 20565 21083 21604 22099 22583 23060 23518 24020 24580 25046 25589 26173 26716 27404 28188 29118 29976 30992 31468 32040 32325 32551 32320 32521 32577 32719 33388 33054 33446 33717 33954 34343 34847 35154 35311 35520 35942 36227 36575 36912 37575 38103 38555 38717 39030 39521
40354 30489 30163 30232 30335 22919 22886 23237 20064 20299 19558 18666 18731 18876 18874 18726 18772 18321 18474 18722 18907 19353 19812 20032 20595 21143 21703 22251 22791 23343 23792 24243 24810 25261 25667 26065 26477 27125 27792 28696 29595 30198 30885 31542 31884 31910 31798 31936 32115 32656 32750 33061 33306 33525 33887 34333 34660 34969 35173 35466 35718 35983 36407 36690 37337 37981 38352 38644 38931 39269
39910 30251 29968 30119 30000 22661 22676 23006 19894 20001 19078 18463 18464 18626 18600 18537 18519 18133 18312 18318 18619 19184 19375 19911 20458 21016 21582 22141 22702 23194 23633 24169 24746 25136 25557 25956 26412 27038 27718 28585 29145 29913 30607 31191 31356 31351 31371 31579 32118 32213 32802 32960 33293 33635 33889 34290 34750 34949 35230 35427 35800 36177 36457 36797 37624 38294 38566 38668 38852 39335
39326 29988 29728 29735 29546 22303 22351 22595 19667 19849 18722 18308 18483 18286 18294 18325 18275 17925 18033 18205 18693 18894 19474 20104 20724 21345 21877 22237 22624 23096 23592 24126 24657 25035 25470 25931 26475 27210 27702 28262 28962 29784 30405 30812 30938 31037 31088 31564 31711 32132 32597 32963 33323 33406 33839 34302 34599 34977 35146 35429 35840 36005 36468 36892 37704 38245 38395 38590 38967 39353
38808 29503 29462 29436 29099 21989 21984 22169 19382 19483 18337 18102 18111 17923 17886 17976 17836 17600 17813 18196 18224 18882 19463 20092 20733 21261 21643 22040 22531 23063 23578 24069 24533 24892 25310 25727 26182 26723 27138 27912 28716 29425 29915 30270 30492 30550 30892 31232 31595 32076 32622 32902 33074 33432 33799 34064 34555 34846 35060 35344 35646 36043 36506 36828 37467 37934 38277 38435 38855 39160
38430 29106 29064 29012 28575 21738 21699 21848 19167 19198 17997 17848 17741 17795 17655 17614 17506 17452 17807 17813 18287 18976 19607 20241 20663 21045 21413 21877 22385 22982 23463 23909 24383 24751 25159 25550 25827 26214 26713 27555 28213 28929 29402 29953 30188 30466 30734 31124 31711 32167 32924 33221 33526 33963 34399 34719 35209 35524 35802 36083 36400 36763 37145 37035 37620 37972 38171 38439 38693 39138
37854 28852 28693 28452 27927 21353 21325 21282 18984 18981 17616 17671 17609 17624 17455 17434 17343 17417 17434 17879 18340 19092 19546 19946 20370 20709 21130 21573 22095 22638 23031 23450 23987 24348 24826 25221 25533 25931 26538 27255 27886 28596 29204 29762 30168 30596 31072 31702 32258 33175 34270 34500 34661 35386 35654 35950 36452 36321 36278 36300 36329 36656 36781 37007 37598 37834 38348 38485 38728 39301
36881 28156 27851 27624 27232 20790 20785 20960 18632 18771 17334 17222 17195 17375 17190 17080 17058 17106 17196 17585 17992 18562 18978 19414 19845 20220 20627 21038 21507 22009 22435 22875 23366 23701 24235 24729 25171 25858 26600 27416 28128 28913 29619 30262 30689 31110 31461 31954 32395 32970 33788 34146 34549 35029 35393 35760 36020 35833 35776 35786 35988 36187 36606 36856 37432 37791 38029 38272 38555 39012
36207 27739 27432 27127 26747 20457 20517 20651 18498 18746 17063 17009 17094 17179 17007 16915 16920 16926 17130 17438 17767 18301 18741 19186 19617 19994 20386 20792 21238 21718 22119 22513 22958 23355 23924 24474 25106 25958 26766 27682 28617 29613 30414 30951 31411 31732 32159 32840 33507 34365 35399 35931 35058 35231 35568 35590 35883 35500 35499 35611 35804 36215 36715 36807 37393 37623 38023 38343 38664 39194
35745 27345 26933 26646 26268 20288 20287 20169 18333 18281 16751 16896 16827 16913 16742 16666 16729 17024 17280 17736 18393 19557 19990 20339 20602 20948 21407 21879 22462 23061 23533 23886 24322 24678 25143 25629 26023 26522 27052 27815 28622 29503 30133 30748 31199 31564 32064 32781 33489 34563 35888 35543 34653 35034 35187 35312 35355 35125 35218 35384 35708 36264 36434 36601 37046 37591 38107 38608 38714 39151
34599 26804 26019 25873 25694 19700 19710 19845 17929 17930 16558 16443 16323 16611 16386 16348 16580 16963 17078 17463 18262 18859 19208 19501 19904 20320 20819 21356 21962 22588 23057 23466 24014 24486 25116 25610 26028 26593 27269 27887 28552 29351 30041 30653 31095 31556 31967 32837 33603 34405 35915 34811 34251 34455 34557 34547 34619 34598 34637 35005 35448 35755 36023 36237 36924 37372 38038 38265 38216 39031
33497 26243 25174 25030 25023 19165 19222 19292 17553 17498 16283 16000 15994 16005 16137 16315 16501 16726 16854 17405 17691 18189 18494 18936 19425 19875 20421 20950 21539 22105 22557 23016 23623 24136 24771 25327 25899 26605 27149 27849 28519 29289 29973 30545 31026 31456 31998 32843 33358 34405 34679 34097 33694 33999 33898 33952 34106 34077 34430 34823 35029 35422 35720 36030 36743 37321 37743 37799 38147 38642
32608 25537 24304 24412 24558 18784 18812 19126 17189 17073 16107 15567 15501 15799 15950 16132 16308 16587 16796 16955 17099 17538 17991 18522 19054 19573 20111 20641 21201 21782 22320 22874 23492 24013 24655 25238 25823 26489 27120 27827 28544 29322 30041 30720 31263 31697 32110 32766 33393 33355 33602 33397 33274 33281 33383 33408 33603 33941 34257 34438 34722 35123 35505 35833 36676 37055 37282 37564 37748 38275
31967 25208 23948 24108 24328 18464 18459 18546 16928 16664 15817 15384 15371 15624 15917 16106 16397 16494 16856 16708 16973 17504 18067 18716 19351 19940 20332 20936 21602 22296 22950 23597 24114 24650 24994 25290 25818 26630 27531 28628 29669 30720 31582 32219 32650 32812 32777 33044 33007 32658 33007 32875 33010 32855 32946 33151 33735 33942 34152 34338 34725 35126 35488 35787 36400 36946 37346 37511 37717 38114
31344 25018 23689 23819 23893 18061 18038 17917 16676 16377 15570 15272 15348 15566 15991 16234 16222 16458 16889 16545 16881 17494 18193 18870 19360 19705 20457 21254 21871 22461 22923 23379 24036 24315 24614 25095 25712 26561 27475 28600 29573 30630 31318 32071 32430 32407 32344 32570 32355 32137 32507 32565 32628 32480 32627 33138 33534 33810 33969 34244 34779 35176 35449 35663 36445 37025 37305 37428 37782 38256
30257 24569 23340 23276 23303 17247 17265 17138 16163 16108 15257 15044 15162 15495 15810 15769 15955 16212 16316 16077 16441 17201 17768 18256 18608 19322 20148 20720 21305 21801 22228 22819 23318 23661 24201 24919 25736 26706 27661 28734 29639 30482 31261 31969 32317 32033 32060 32340 31924 31816 32160 32228 32177 32095 32431 32896 33313 33556 33780 34130 34718 35021 35203 35599 36347 36833 37105 37279 37651 38170
29293 24098 22950 22795 22757 16604 16567 16358 15622 15719 14941 14796 14991 15230 15243 15443 15623 15703 15732 15762 16287 16904 17272 17636 18362 19164 19770 20324 20834 21308 21914 22364 22842 23347 24070 24817 25604 26562 27476 28479 29243 30203 31001 31628 31789 31499 31503 31710 31305 31355 31752 31742 31730 31886 32225 32690 33096 33344 33634 34029 34559 34855 35059 35412 36032 36596 36964 37108 37522 38011
28487 23652 22604 22503 22469 16186 16099 15941 15302 15357 14724 14617 14837 14905 15013 15654 15293 15398 15387 15668 16022 16478 16766 17497 18316 18907 19468 19956 20439 21122 21613 22038 22650 23292 24152 25015 25884 26768 27444 28276 29160 30071 30813 31469 31184 30977 31029 31092 30894 31131 31380 31467 31597 32045 32480 32942 33239 33373 33752 34195 34599 34892 35097 35485 36099 36611 36929 37161 37641 38138
27559 23032 22085 22109 22191 15620 15497 15599 14828 15031 14422 14303 14435 14631 15103 15473 14882 14990 15180 15352 15504 15848 16483 17277 17891 18435 18896 19326 19994 20590 21071 21630 22374 23126 24060 24933 25724 26509 27260 28186 29037 29898 30662 31089 30538 30404 30378 30435 30567 30637 30901 31311 31624 32020 32428 32762 33115 33404 33711 34019 34526 34889 35193 35652 36426 36865 37026 37161 37562 37961
26766 22316 21606 21673 21745 15145 14930 15206 14359 14519 13941 13930 14132 14652 15203 14806 14472 14640 14834 14941 15054 15766 16483 17085 17632 18101 18484 19129 19697 20224 20755 21425 22229 22977 23868 24623 25277 26112 26989 27920 28725 29568 30151 30165 29795 29724 29717 30044 30145 30347 30856 31354 31758 32204 32648 32965 33368 33792 34147 34453 35028 35535 35378 35582 36200 36668 36886 37043 37329 37817
25872 21378 20899 20937 20990 14629 14270 14408 13728 13712 13376 13525 14014 14547 14987 14082 13941 14095 14277 14328 14774 15591 16127 16699 17198 17593 18199 18740 19243 19802 20432 21149 21926 22600 23342 23926 24603 25584 26502 27459 28235 28905 29204 29140 28993 28996 29105 29505 29728 30142 31045 31541 32016 32576 33081 33528 34101 34630 35057 34935 35105 35012 34928 35056 35813 36262 36636 36587 36896 37637
24795 20414 20116 20090 20274 14054 13549 13689 13145 13135 13033 13489 14098 14379 14504 13455 13430 13591 13630 13962 14459 15101 15621 16183 16634 17231 17760 18217 18759 19430 20120 20801 21565 22139 22747 23423 24289 25317 26279 27291 27883 28296 28426 28479 28495 28593 28668 29210 29490 30276 31305 31705 32173 32750 33340 33945 34496 34685 34652 34529 34399 34361 34379 34597 35410 35860 36125 36068 36633 37233
23706 19367 19216 19324 19768 13509 12877 13260 12568 12697 12932 13481 13796 13896 14113 12856 12916 13002 13127 13479 13775 14403 14939 15464 16144 16658 17129 17623 18296 19055 19750 20428 21107 21582 22297 23163 24062 25198 26242 27073 27438 27647 27869 28011 28104 28121 28280 28957 29396 30210 31095 31557 32081 32848 33497 33766 34043 34398 34135 33969 33611 33665 33874 34148 34934 35159 35403 35657 36128 36609
22894 18395 18350 18596 19082 13016 12273 12860 12012 12336 12849 13230 13355 13450 13532 12294 12412 12392 12688 12922 13278 13874 14375 15115 15747 16198 16679 17268 17974 18708 19334 19915 20444 20965 21816 22664 23603 24777 25624 26247 26435 26779 27079 27399 27486 27555 27884 28567 29247 29929 30927 31259 32143 33034 33400 33197 33637 33903 33567 33412 32868 33032 33427 33655 34278 34399 34954 35159 35628 35916
22272 17315 17382 17578 18009 12413 11604 12297 11297 11732 12287 12542 12762 12921 12671 11536 11726 11682 11940 12340 12723 13243 13969 14626 15236 15698 16227 16811 17433 18086 18565 18998 19505 20102 20868 21692 22569 23494 24070 24497 24850 25328 25808 26263 26498 26686 27154 27939 28704 29596 30430 31001 32005 32564 32865 32533 32897 33136 32797 32671 32056 32318 32795 32973 33486 33793 34267 34504 34948 35159
21822 16347 16435 16673 16995 11926 11118 11852 10651 11100 11566 11911 12138 12336 11898 10911 11048 11058 11338 11742 12057 12840 13525 14138 14760 15276 15810 16323 16877 17400 17764 18193 18761 19291 20038 20797 21418 22069 22406 22883 23377 23982 24569 25152 25532 25876 26477 27354 28224 29054 30119 30912 31584 32071 32394 31888 32196 32414 32082 31960 31418 31720 32193 32339 32943 33166 33608 33962 34241 34543
21358 15391 15493 15874 15678 11431 10656 11383 9998 10329 10906 11333 11509 11814 11176 10336 10431 10486 10717 11052 11628 12362 13001 13602 14279 14795 15237 15662 16060 16467 16819 17291 17791 18274 19005 19590 20053 20494 20937 21532 22158 22834 23528 24215 24725 25222 25938 26878 27683 28712 29987 30509 31112 31683 31636 31314 31561 31730 31418 31336 30896 31212 31648 31882 32432 32607 33097 33364 33641 33778
20847 14543 14731 15032 14418 10941 10213 10780 9388 9797 10433 10877 11065 11513 10554 9881 9969 9930 10117 10665 11181 11854 12454 13098 13761 14177 14528 14790 15067 15461 15852 16249 16746 17245 17859 18380 18749 19298 19878 20606 21294 22086 22861 23647 24289 24929 25670 26487 27511 28653 29668 30175 30857 30960 31451 30838 31018 31052 30872 30856 30499 30808 31311 31434 31981 32241 32594 33055 32904 33107
20270 13789 13997 14338 13334 10480 9819 10344 8909 9353 10014 10415 10743 11065 10032 9483 9553 9480 9675 10182 10658 11337 12014 12638 13166 13494 13691 13876 14161 14624 14976 15395 15946 16382 16981 17452 17928 18549 19190 19880 20654 21497 22344 23198 23947 24692 25385 26317 27356 28290 29322 29960 30056 30707 30752 30259 30436 30349 30252 30244 30041 30372 30873 31085 31575 31733 32254 32737 32253 32490
19633 13004 13268 13464 12247 9952 9365 9819 8410 8867 9511 10032 10232 10471 9475 9012 9118 9023 9141 9667 10176 10948 11622 12106 12525 12703 12821 13033 13392 13819 14191 14673 15168 15596 16154 16738 17283 17936 18506 19227 20046 20946 21835 22773 23620 24345 25216 26078 26876 27853 28996 29094 29659 29883 29863 29562 29678 29557 29522 29599 29496 29798 30453 30605 30968 31372 31862 31957 31595 31842
19025 12303 12541 12766 11330 9547 9032 9543 7994 8469 9171 9485 9648 10231 9006 8631 8654 8613 8609 9077 9640 10438 10974 11351 11616 11721 11887 12202 12565 13047 13546 14003 14513 14968 15651 16284 16810 17379 17918 18646 19505 20456 21463 22483 23324 24234 24993 25707 26479 27635 28259 28872 29002 29112 29267 28919 28965 28892 28878 29043 29003 29465 30017 30156 30631 30956 31114 31573 30944 31303
18403 11636 11928 11861 10483 9125 8687 9133 7574 8124 8665 8971 9359 9951 8532 8254 8214 8260 8092 8654 9288 9956 10390 10603 10760 10919 11191 11528 11949 12538 12992 13460 13994 14557 15302 15930 16423 16960 17527 18240 19149 20169 21225 22192 23206 24052 24690 25311 26260 26900 27977 28701 28230 28460 28641 28268 28261 28245 28386 28556 28694 29048 29578 29732 30152 30323 30753 30982 30408 30931
17508 10784 11099 10753 9568 8557 8182 8540 7035 7511 7986 8546 8848 9161 7938 7754 7711 7697 7504 8175 8672 9291 9599 9715 9913 10179 10461 10864 11386 11933 12401 12874 13495 14062 14834 15471 15990 16548 17144 17864 18804 19809 20824 21906 22796 23583 24138 24924 25282 26336 27597 27926 27344 27667 27666 27498 27483 27579 27764 28102 28090 28475 28993 29091 29374 29841 30024 30216 29832 30410
16487 9764 9929 9543 8692 7899 7617 8145 6390 6908 7476 7891 7957 8201 7330 7183 7146 7016 6931 7447 7811 8339 8584 8750 9082 9353 9708 10186 10672 11253 11759 12306 12909 13475 14257 14931 15514 16178 16834 17587 18516 19440 20570 21507 22298 22946 23659 24029 24584 25789 26664 26957 26458 26677 26783 26677 26790 26932 27279 27538 27482 27936 28416 28325 28953 29095 29231 29340 29212 29611
15765 8748 8915 8398 7739 7355 7147 7596 5796 6356 6886 7071 7157 7503 6726 6594 6552 6425 6324 6819 7142 7561 7847 8146 8498 8852 9270 9698 10200 10782 11301 11819 12377 12902 13646 14298 14911 15673 16396 17205 18105 19154 20136 21026 21714 22467 22808 23368 24158 25065 25814 25779 25525 25849 25969 25980 26126 26537 26849 26966 27029 27366 27614 27850 28241 28382 28424 28610 28564 29130
14901 7865 7993 7398 7020 6813 6656 6901 5269 5837 6175 6337 6386 6565 6134 6053 6046 5853 5759 6171 6430 6958 7384 7710 8067 8500 8892 9413 9963 10545 11047 11538 12089 12629 13370 14065 14771 15495 16189 16881 17845 18712 19655 20421 21192 21736 22274 23010 23557 24377 24722 24766 24832 25069 25270 25472 25822 26143 26313 26496 26504 26606 27168 27113 27369 27648 27749 28181 28068 28353
14336 7350 7597 6868 6667 6524 6409 6616 5056 5482 5863 5839 5847 5864 5808 5718 5733 5551 5519 5793 6165 6773 7186 7522 7982 8372 8869 9424 10051 10718 11220 11699 12239 12807 13480 14120 14622 15331 15910 16719 17521 18398 19210 20091 20687 21327 22072 22646 23189 23574 23999 24229 24299 24631 24883 25254 25658 25787 25931 26169 26050 26517 26847 26678 26979 27239 27702 27878 27784 27844
13855 6916 6891 6225 6100 6161 6089 6285 4771 5120 5291 5314 5265 5632 5439 5378 5241 5296 5175 5478 5888 6412 6809 7243 7739 8199 8732 9268 9862 10464 10958 11441 12031 12540 13184 13639 14107 14666 15284 16005 16837 17734 18627 19504 20295 20973 21540 22089 22311 22619 23381 23489 23705 24144 24500 24752 25122 25269 25415 25499 25847 26112 26240 26428 26754 27091 27375 27472 27403 27804
13241 6670 6474 5821 5869 5944 5831 5899 4579 4880 5101 5065 5101 5206 5216 5280 5106 5034 5180 5408 5754 6230 6647 7110 7611 8109 8627 9155 9702 10279 10790 11305 11867 12330 12887 13393 13907 14582 15268 16103 16981 17904 18756 19602 20274 20845 21255 21503 21701 22222 22820 23209 23599 23971 24234 24680 24989 25017 25076 25472 25760 25957 26193 26212 26655 27099 27238 27312 27445 27615
12777 6529 6368 5704 5742 5688 5598 5760 4524 4751 5009 5063 4936 5260 5059 5056 4937 5102 5283 5476 5937 6530 7123 7807 8548 9282 10052 10861 11733 12679 13567 14479 15436 16026 16637 16992 17186 17343 17536 17996 18529 19080 19503 20028 20383 20730 20983 21144 21674 22184 23074 23290 23589 23808 24183 24534 24835 24768 25153 25361 25726 25899 26048 26251 26860 27056 27197 27394 27549 27922
12061 6272 6114 5329 5327 5277 5203 5343 4296 4552 4904 4881 4846 5220 4800 4823 4855 5019 5169 5673 6264 6989 7687 8476 9371 10269 11110 11788 12500 13173 13818 14443 15151 15624 16129 16452 16663 16911 17366 17878 18389 18857 19368 19789 20199 20495 20565 20964 21538 22156 22717 23064 23325 23628 24010 24402 24505 24787 24973 25292 25593 25756 26183 26239 26580 26975 27176 27494 27628 28091
11357 5965 5769 4946 5065 4897 4899 5028 4145 4349 4645 4587 4751 4886 4626 4741 4865 4923 5070 5531 6098 6880 7642 8477 9369 10189 10837 11534 12163 12888 13509 14162 14804 15265 15763 16179 16468 16927 17298 17741 18157 18700 19106 19606 19923 20147 20527 20944 21466 21924 22574 22876 23155 23514 23876 24111 24512 24616 24863 25229 25411 25703 26025 26062 26470 26825 27136 27409 27716 28107
10921 5700 5445 4656 4716 4777 4737 4790 4053 4248 4363 4497 4655 4677 4542 4779 4947 5129 5289 5768 6354 7126 7795 8531 9335 9963 10619 11208 11888 12628 13316 13937 14555 15023 15572 15954 16329 16744 17027 17418 17937 18482 19026 19463 19801 20165 20502 21019 21319 21886 22510 22879 23153 23493 23758 24103 24448 24664 24849 25126 25434 25643 25916 26073 26578 26946 27292 27504 27884 28274
10417 5226 5114 4375 4584 4582 4548 4480 3929 4095 4308 4366 4548 4411 4555 4882 5113 5197 5433 5794 6289 7026 7740 8566 9221 9859 10432 11059 11767 12534 13163 13706 14263 14683 15135 15560 15894 16332 16724 17339 17882 18449 18945 19391 19769 20084 20514 21072 21522 21959 22517 22787 23213 23578 23918 24402 24969 25256 25574 26061 26599 26872 27187 27390 27797 28177 28562 28721 29161 29390
9887 4918 4931 4208 4385 4294 4240 4281 3818 4025 4265 4278 4282 4367 4586 4833 5031 5242 5466 5757 6277 6997 7735 8375 9070 9612 10223 10875 11606 12326 12883 13393 13936 14321 14786 15103 15333 15766 16255 16923 17468 18128 18643 19241 19651 20017 20548 21169 21789 22216 22908 23206 23615 24043 24435 24892 25448 25717 26083 26564 27063 27359 27607 27784 28156 28430 28796 28950 29282 29513
9344 4692 4661 3896 4098 3983 3923 4060 3652 3885 4126 4107 4164 4414 4642 4818 5041 5211 5464 5808 6268 6971 7500 8163 8790 9351 9963 10586 11221 11871 12391 12867 13351 13691 14083 14333 14635 15167 15762 16410 17036 17730 18392 19018 19519 19943 20435 21078 21652 22063 22820 23099 23669 24080 24498 25031 25605 25956 26321 26808 27308 27634 28034 28256 28762 28988 29310 29491 29613 29682
8827 4457 4429 3618 3746 3720 3664 3658 3541 3721 3943 3988 4232 4452 4665 4876 5207 5355 5433 5678 6209 6743 7332 7941 8566 9138 9753 10326 10926 11521 11999 12424 12885 13200 13519 13845 14223 14847 15401 16114 16785 17572 18234 18917 19448 19919 20405 20998 21448 22025 22737 23133 23685 24083 24544 25243 25932 26285 26596 27184 27679 27928 28333 28346 28536 28837 29285 29234 29391 29382
8279 4210 4207 3458 3398 3440 3385 3512 3426 3572 3836 3909 4190 4463 4621 4916 5190 5212 5223 5513 5857 6472 7019 7619 8241 8821 9414 9981 10568 11148 11618 12054 12526 12856 13242 13622 14033 14608 15141 15857 16632 17424 18113 18830 19409 19866 20377 20900 21383 22017 22749 23254 23651 24079 24595 25269 25883 26179 26553 27104 27581 27867 28194 28099 28327 28786 28985 28937 29095 29333
7736 4027 4070 3363 3248 3101 3280 3539 3293 3722 4082 4255 4506 4886 5054 5009 5073 5103 5254 5376 5804 6384 6918 7492 8087 8651 9234 9795 10373 10952 11446 11902 12380 12763 13216 13632 14128 14840 15483 16254 17091 17940 18730 19510 20192 20717 21301 22046 22740 23596 24526 25089 25586 26056 26239 26431 26868 26958 27292 27604 27990 28039 28069 27910 28525 28905 28750 28837 29162 29577
7320 3778 3849 3111 2912 3155 3090 3142 3373 3819 4103 4368 4694 5277 4795 4788 4929 5276 5090 5498 6296 7361 8229 8716 9335 9676 10010 10275 10975 11674 12229 12549 12889 13266 13940 14515 15074 15753 16332 16998 17742 18528 19318 20133 20891 21592 22343 23246 23905 24987 26251 26096 25635 25669 25823 26248 26578 26902 27111 27546 27821 27646 27605 27822 28258 28348 28514 28838 29180 29654
6514 3422 3333 2807 2738 2757 2887 3227 3655 4108 4240 4252 4696 4804 4541 4589 4956 5097 4996 5485 6317 7271 7769 8375 8776 9062 9375 10026 10736 11423 11862 12159 12646 13292 13983 14539 15111 15927 16467 17316 18587 19870 21133 22354 23525 24341 24792 25312 25155 25609 25806 25317 25014 25199 25362 25846 26448 26553 26794 27302 27197 27183 27495 27768 27802 27992 28468 28940 29344 29411
5954 2918 2568 2397 2391 2618 2835 3216 3310 3595 3667 3858 4005 4262 4118 4321 4610 4890 4779 5318 6003 6561 7161 7509 7892 8175 8864 9525 10236 10861 11347 11855 12565 13231 13833 14269 14798 15505 16181 17267 18566 19872 21101 22336 23366 23590 23979 24261 24139 24376 24481 24289 24448 24592 24864 25522 25989 26110 26331 26561 26585 26903 27302 27278 27309 27752 28324 28719 28771 28771
5455 2647 2074 2089 2260 2612 3035 3447 3016 3110 3599 3462 3656 3806 4095 4165 4529 4550 4803 5084 5397 6058 6393 6731 7120 7762 8459 9092 9707 10326 10951 11636 12382 12953 13424 13896 14376 15129 16042 17342 18656 20049 21273 22475 22746 23008 23139 23278 23287 23301 23558 23770 24059 24337 24709 25261 25649 25860 25829 26103 26518 26916 27077 26983 27385 28060 28399 28364 28394 28488
4778 2418 1790 1918 2090 2617 2945 3059 2767 3282 3645 3207 3346 3738 3897 4067 4269 4342 4619 4531 5002 5483 5811 6188 6840 7517 8207 8840 9494 10184 10893 11626 12401 13066 13799 14613 15492 16599 17597 18673 19518 20463 21261 21920 22328 22584 22637 22713 22709 22908 23414 23589 23959 24231 24497 24975 25335 25407 25505 25976 26491 26483 26574 26829 27372 27836 28086 27981 28068 28071
4033 2157 1696 1751 2012 2434 2384 2444 2688 3030 3613 3033 3207 3380 3628 3788 3920 4089 4180 4390 4804 5190 5506 6133 6795 7460 8124 8772 9453 10167 10856 11563 12323 12985 13782 14600 15495 16419 17335 18208 19108 19970 20609 21300 21668 21849 21896 21930 22329 22732 23078 23202 23764 23897 24118 24641 24840 24970 25362 25773 26191 26126 26412 26659 27052 27657 27765 27715 27962 27812
3403 1877 1632 1703 1922 1935 1908 2410 2437 3007 3180 2881 2937 3193 3300 3467 3732 3770 4050 4253 4568 4875 5409 6021 6687 7324 7980 8636 9325 10050 10736 11438 12188 12894 13725 14557 15284 16230 17013 17938 18804 19495 20155 20705 20998 21076 21139 21578 22120 22418 22645 22995 23412 23517 23803 24131 24480 24835 25120 25486 25832 26027 26335 26454 26976 27403 27481 27571 27635 27827
3077 1695 1538 1565 1717 1674 1814 2228 2363 2518 2690 2683 2743 2920 3168 3379 3504 3712 3987 4107 4350 4959 5564 6262 6967 7546 8201 8858 9575 10323 10983 11652 12391 13039 13718 14331 15037 15866 16697 17539 18242 18951 19506 19984 20249 20300 20668 21242 21696 21915 22478 22726 23141 23301 23510 23917 24441 24722 24999 25368 25787 25987 26187 26391 26783 27125 27368 27328 27629 27726
2635 1515 1350 1313 1407 1530 1815 2235 2199 2424 2640 2597 2773 2968 3192 3248 3524 3712 3998 3948 4419 5110 5744 6283 6917 7533 8185 8816 9517 10243 10914 11592 12322 12892 13502 14130 14730 15583 16298 17108 17777 18516 19069 19626 19850 20113 20507 21087 21437 21751 22417 22718 22991 23181 23495 23972 24499 24832 25019 25356 25735 25979 26241 26316 26778 27043 27232 27330 27513 27736
2175 1319 1170 1063 1211 1545 1887 2043 2192 2411 2522 2596 2878 3004 3076 3397 3583 3766 3727 4071 4542 5207 5599 6232 6980 7620 8296 8883 9577 10298 10947 11582 12256 12804 13415 13965 14599 15315 15956 16727 17429 18141 18736 19290 19696 20040 20463 20975 21298 21773 22436 22581 22882 23241 23585 24091 24591 24775 25072 25543 26045 26111 26117 26299 26676 26906 27209 27229 27594 27808
1484 986 898 982 1270 1639 1935 2166 2260 2538 2961 2676 2816 2935 3121 3356 3555 3590 3794 3979 4370 4797 5349 6082 6769 7410 7994 8633 9338 10103 10799 11427 12115 12673 13307 13969 14550 15277 15949 16733 17400 18125 18745 19457 19944 20273 20673 21116 21540 21829 22223 22626 23164 23495 23776 24206 24569 24801 25121 25532 25855 25915 26142 26293 26562 27035 27105 27233 27499 27568
960 839 934 1174 1474 1588 1811 2130 2108 2476 2745 2581 2662 2853 3003 3252 3395 3517 3700 3883 4197 4726 5347 5977 6632 7186 7812 8481 9208 9977 10612 11263 11942 12521 13235 13791 14325 14991 15622 16299 17006 17759 18474 19157 19629 20020 20471 20853 21315 21613 22230 22613 23105 23291 23560 23964 24479 24703 24959 25280 25666 25827 26083 26153 26546 26815 27074 27193 27434 27472
493 723 896 1028 1216 1476 1723 1928 2005 2227 2390 2419 2616 2768 2875 3123 3309 3418 3533 3765 4140 4734 5280 5883 6506 7093 7707 8327 8996 9692 10299 10887 11524 12050 12656 13217 13787 14517 15196 16000 16768 17568 18256 18912 19379 19759 20188 20656 21022 21489 22101 22446 22748 23099 23442 23887 24356 24566 24814 25182 25573 25787 26004 26137 26528 26851 27042 27117 27344 27539
