201 166 151 248 413 431 436 491 451 530 387 461 516 437 821 1187 1249 1219 1200 1166 1095 1041 1002 1074 1024 807 808 1002 735 639 697 674 635 499 486 380 387 328 290 297 519 397 504 504 384 300 570 243 361 568 426 350 566 517 345 585 311 342 336 465 453 393 177 584 192 228 274 346 212 179
427 296 145 288 306 306 288 317 300 370 370 324 350 484 1066 1377 1309 1355 1329 1269 1237 1183 1087 1133 979 785 695 765 561 489 489 517 648 605 560 445 485 416 205 211 334 306 376 272 295 148 365 250 277 485 320 269 593 258 165 315 229 215 222 279 519 400 346 570 414 337 407 527 489 289
474 244 302 272 349 172 135 81 151 133 189 225 143 337 693 749 706 779 820 750 733 690 615 674 666 612 517 509 369 307 343 224 305 389 447 477 456 287 163 63 173 99 419 259 89 282 187 132 173 213 288 132 292 322 176 175 395 328 224 138 147 122 246 394 255 199 242 280 330 300
439 335 261 443 348 340 243 147 154 300 157 383 109 169 500 656 613 618 618 562 520 485 441 512 461 417 478 588 444 480 652 625 697 621 595 563 555 358 292 245 264 176 271 253 254 247 213 125 110 286 249 194 279 296 234 337 264 129 152 94 268 183 205 198 219 153 222 203 293 223
459 255 147 328 264 136 78 113 189 184 178 215 177 386 849 1051 935 1065 1105 1022 1017 948 795 799 721 632 501 447 342 371 424 406 514 586 617 606 621 448 239 87 245 214 377 172 163 207 186 174 226 375 317 167 360 196 136 163 209 267 217 175 278 199 249 439 370 250 367 433 421 261
325 236 221 366 238 236 162 129 157 194 70 364 201 131 415 611 563 574 599 555 529 507 466 533 551 511 495 552 455 446 597 517 508 461 485 588 504 270 319 171 235 183 408 305 212 492 198 188 120 207 277 270 258 429 293 323 313 338 242 167 173 158 90 170 188 122 236 195 172 106
428 191 196 258 291 175 60 61 125 79 94 220 148 269 677 819 791 840 850 773 755 719 664 741 718 653 586 589 477 414 444 305 325 350 373 391 362 221 149 43 135 74 297 155 80 242 197 124 130 204 192 187 229 196 117 191 246 231 174 90 169 155 182 255 223 146 199 209 308 191
760 541 417 608 543 317 253 182 246 355 277 350 144 475 824 931 819 967 1030 935 924 829 677 679 577 526 505 494 387 518 633 631 769 786 762 716 818 593 342 273 367 310 384 285 342 195 221 171 298 464 407 209 422 321 278 330 389 281 242 169 345 224 377 401 409 310 428 456 545 488
799 578 472 573 551 444 321 174 230 245 314 376 147 367 697 722 736 853 931 872 843 796 720 771 711 681 620 534 390 373 402 352 462 484 515 514 575 413 207 243 183 207 338 175 215 304 142 144 224 258 272 145 260 244 152 153 306 241 165 111 312 259 486 448 440 323 345 496 642 452
741 372 408 594 645 450 255 202 219 252 212 417 177 383 717 788 817 897 957 851 776 696 640 713 733 729 706 707 563 617 716 534 472 424 428 386 439 307 234 201 269 161 199 226 185 235 330 136 307 317 259 178 191 308 240 369 405 234 167 116 162 211 258 251 199 114 145 225 392 392
725 361 408 447 580 423 286 244 180 208 291 336 178 376 782 854 876 917 938 846 782 723 704 804 787 749 702 745 583 552 569 394 398 355 342 270 320 230 151 171 185 83 165 202 133 177 332 149 249 242 164 167 286 253 157 309 434 202 138 124 279 269 358 354 254 180 148 271 441 385
625 257 266 399 496 334 221 229 247 188 291 279 251 489 924 1029 1050 1202 1285 1189 1116 1030 916 943 947 875 673 556 388 363 361 243 248 316 403 365 417 339 139 82 211 185 325 176 75 238 291 172 363 341 289 82 284 263 120 157 330 304 177 219 190 217 309 550 294 183 208 469 481 392
412 319 309 214 365 213 337 291 202 291 312 173 194 340 571 710 694 788 849 811 783 701 613 634 573 432 359 434 257 243 269 297 425 419 452 434 519 331 161 157 263 214 466 361 215 236 193 77 199 285 295 84 483 457 201 253 430 344 190 289 308 129 259 558 198 207 243 412 288 303
546 436 382 345 365 278 319 280 133 306 266 263 136 250 572 742 635 635 602 546 540 488 461 538 426 338 396 593 492 526 616 611 764 673 590 543 592 372 305 277 272 171 308 342 320 220 259 177 116 284 210 273 543 379 264 418 483 231 199 197 481 249 332 313 288 264 301 292 353 311
443 514 526 363 251 368 460 381 260 371 382 477 331 155 418 560 432 335 283 293 319 364 403 517 488 454 482 681 605 501 618 608 788 765 768 899 742 449 564 428 339 273 688 593 414 780 334 454 126 231 385 510 651 681 490 479 678 560 482 403 607 414 484 492 529 497 525 432 397 278
479 351 297 331 226 204 150 117 81 121 129 243 78 118 442 564 460 486 481 430 439 424 384 455 414 402 384 435 390 393 489 440 561 576 589 646 594 349 319 172 140 94 331 199 166 379 129 192 52 158 178 235 307 251 181 208 325 249 207 122 331 188 304 265 348 249 300 285 371 204
442 362 331 294 308 333 369 315 138 254 280 226 92 108 307 396 371 414 432 400 363 322 287 333 313 280 251 338 240 267 380 422 573 581 651 633 648 423 335 251 202 147 370 273 179 358 183 161 119 217 196 107 376 342 181 220 387 224 177 268 406 162 378 506 291 236 209 393 383 285
504 630 644 532 475 797 773 465 420 599 545 795 492 256 567 634 733 546 467 507 435 518 667 860 834 737 839 1056 800 503 637 611 749 621 624 676 519 388 455 607 384 392 759 692 523 846 472 489 204 292 471 534 654 822 555 569 661 436 430 380 582 519 567 489 467 483 435 473 554 463
674 671 621 593 387 678 605 386 255 413 430 660 328 158 528 593 565 434 353 354 313 380 494 662 620 609 661 812 698 531 674 644 818 728 710 787 641 443 517 543 253 276 552 488 431 800 354 512 139 200 311 513 593 616 452 450 636 366 357 278 630 500 617 366 569 481 454 497 645 448
397 432 461 331 251 481 546 357 246 364 424 480 322 182 489 540 533 469 444 459 406 448 497 607 611 548 476 573 402 205 320 340 534 554 645 738 597 406 392 372 234 258 700 523 284 757 282 410 157 185 374 303 582 684 384 286 612 447 346 360 449 318 471 577 429 388 366 531 466 377
726 387 441 444 508 487 360 310 138 181 316 365 187 258 664 729 746 743 740 666 592 563 597 721 727 718 652 712 579 516 546 380 401 341 340 307 305 203 205 218 119 50 157 206 118 332 329 235 205 144 92 201 321 301 169 292 501 216 134 154 359 319 421 355 300 202 134 317 470 363
629 423 284 452 364 452 366 292 152 282 339 395 228 292 842 1061 1021 1028 1014 961 893 860 845 938 824 718 648 716 527 466 501 479 580 448 370 302 331 246 145 245 152 163 138 168 226 222 256 219 170 226 115 200 448 257 127 257 307 113 59 112 460 388 378 344 362 240 260 454 500 289
862 516 494 592 648 631 449 380 402 366 501 647 580 684 1383 1597 1634 1605 1584 1513 1443 1432 1461 1620 1535 1381 1263 1283 1029 781 681 453 419 284 183 159 140 175 135 303 286 300 356 371 345 428 549 427 423 364 320 500 585 472 316 476 535 419 296 235 484 646 491 440 499 402 423 532 661 474
874 544 481 573 674 769 601 518 427 386 570 610 608 663 1290 1490 1636 1652 1656 1599 1480 1450 1493 1632 1561 1377 1196 1155 889 622 499 345 311 170 136 82 123 206 98 339 239 346 369 318 316 474 534 421 470 365 270 402 598 477 240 383 483 372 219 326 536 630 562 591 471 372 332 704 774 542
584 373 335 361 500 567 419 364 340 231 330 416 457 431 834 1012 1204 1239 1261 1220 1133 1104 1136 1253 1234 1068 942 890 691 450 363 231 167 84 131 139 160 164 89 214 165 263 427 241 206 476 364 254 310 267 221 306 379 382 159 266 289 332 195 288 349 380 368 473 285 233 206 506 563 348
614 466 501 354 627 680 622 625 512 375 496 512 687 536 836 1065 1293 1282 1293 1276 1201 1178 1256 1395 1399 1193 1089 1127 928 637 498 343 228 97 138 179 192 189 228 358 331 399 640 495 373 702 574 397 441 366 336 519 604 653 351 514 530 597 398 553 549 543 470 666 349 371 312 592 567 400
820 517 536 372 681 533 476 538 420 223 440 289 504 596 844 971 1137 1271 1337 1272 1227 1147 1134 1207 1203 1056 876 784 688 536 364 216 160 158 246 272 382 324 219 249 253 327 562 330 257 546 439 315 465 364 289 373 524 464 225 336 523 576 349 503 502 410 550 733 404 375 316 671 704 526
1003 683 649 483 665 578 574 563 401 251 558 320 514 688 1019 1078 1174 1354 1433 1369 1319 1241 1206 1254 1216 1077 795 623 542 385 214 139 215 273 376 436 548 470 259 311 219 390 669 362 295 671 379 444 513 358 351 364 699 570 261 240 678 652 362 525 591 459 720 852 586 499 456 940 927 722
771 538 484 371 372 438 444 365 283 203 486 323 422 566 1078 1136 1124 1234 1251 1203 1162 1141 1108 1173 1106 977 682 536 426 201 105 76 275 395 495 571 555 469 239 243 134 306 686 329 215 658 280 483 356 276 353 319 703 511 224 104 596 536 327 386 524 414 651 757 626 499 493 882 860 623
642 460 428 422 264 414 425 305 274 276 469 423 404 517 1081 1123 1029 1111 1112 1066 1012 1013 957 1009 974 890 590 459 338 147 181 187 434 605 735 831 723 592 371 278 207 343 782 421 231 757 296 570 358 327 479 317 720 613 332 126 648 552 390 385 457 380 589 733 646 494 536 859 786 618
724 581 425 526 236 299 419 386 230 379 492 335 281 487 995 1116 838 994 1012 947 935 879 719 684 576 523 260 187 158 228 354 514 873 1031 1101 1149 1130 859 574 366 342 419 702 430 362 624 248 562 369 468 505 295 861 578 379 203 683 529 397 443 652 375 631 785 749 560 675 953 790 632
966 943 660 828 464 391 671 738 458 746 721 456 413 659 969 1204 781 1022 1088 1023 1064 936 665 528 355 307 124 137 197 553 768 1102 1531 1635 1647 1672 1775 1329 1011 698 760 773 909 727 777 745 413 712 608 851 786 510 1217 846 692 571 929 799 657 788 1058 557 831 1070 1000 827 1031 1237 918 808
1010 1001 773 974 586 475 729 747 470 809 695 576 382 565 731 924 523 734 830 772 803 678 429 304 193 211 119 183 238 661 960 1253 1609 1653 1654 1714 1803 1297 1090 774 823 772 874 808 829 822 426 671 602 814 809 521 1098 956 804 696 1009 832 676 764 973 524 771 945 915 764 973 1087 790 777
1100 1061 874 1027 648 515 757 804 458 795 681 609 400 526 641 837 429 603 683 621 660 540 336 240 149 198 152 272 376 818 1119 1354 1660 1649 1614 1705 1786 1249 1158 824 831 749 836 853 874 906 482 714 598 772 764 627 1119 1021 876 818 1131 894 714 785 1026 571 784 850 905 766 963 1015 761 771
1100 986 860 960 619 496 697 733 354 687 614 580 360 475 668 851 457 571 612 540 567 464 323 282 195 245 213 379 471 846 1116 1262 1531 1474 1393 1481 1538 1049 1030 748 707 610 690 791 785 841 479 684 513 630 624 623 1074 974 819 809 1159 814 625 664 955 555 718 670 804 672 837 862 686 721
976 929 861 954 686 561 675 666 415 729 531 644 320 393 455 574 276 340 360 292 318 237 130 118 80 164 268 479 560 918 1253 1356 1567 1526 1488 1548 1570 1081 1096 787 778 608 750 823 798 834 528 621 478 687 689 648 898 927 855 886 1055 739 680 645 856 479 667 591 707 629 762 654 616 694
1006 964 946 997 807 625 724 725 510 805 586 707 358 432 419 506 235 285 307 239 275 196 93 88 78 187 345 586 663 1034 1378 1449 1633 1610 1591 1632 1649 1150 1191 853 884 648 818 907 850 861 625 640 538 773 773 706 879 956 928 990 1102 797 783 721 893 517 730 677 743 692 798 619 630 736
888 898 881 971 780 685 737 641 501 802 512 743 353 390 355 410 244 277 299 243 238 171 101 114 122 199 376 594 614 905 1278 1352 1504 1461 1471 1515 1523 1072 1084 829 831 652 854 886 818 873 575 576 494 733 776 642 787 981 899 933 997 706 705 647 735 419 618 561 596 573 678 553 584 727
1009 894 967 996 917 732 722 653 499 739 522 747 339 403 349 346 222 242 271 198 189 122 83 128 182 305 493 711 734 1017 1345 1305 1382 1337 1348 1380 1392 970 1047 797 794 557 742 848 746 834 634 549 517 674 705 639 676 920 872 959 1053 711 701 619 696 441 657 547 573 552 598 453 581 739
1188 1114 1210 1131 1098 943 897 801 652 829 644 895 459 444 268 197 142 133 153 99 108 71 88 166 250 412 656 872 937 1173 1478 1404 1463 1431 1475 1545 1533 1092 1232 982 887 663 925 976 881 1090 753 690 601 738 803 835 728 1030 1005 1089 1181 867 880 771 872 589 892 681 748 743 730 557 786 880
1180 1184 1320 1153 1085 1002 1005 869 718 861 737 1024 594 423 220 152 106 47 85 75 95 103 162 268 391 556 770 988 1023 1160 1434 1335 1375 1325 1382 1563 1467 1005 1264 1038 893 702 1074 1114 928 1364 771 787 608 645 857 935 781 1235 1113 1122 1310 1071 983 850 905 696 943 757 834 838 824 628 763 833
1117 1038 1147 1029 943 712 804 784 588 738 667 774 439 418 256 228 46 95 181 142 187 140 79 101 202 376 484 647 723 1008 1275 1235 1336 1367 1435 1594 1555 1040 1200 854 839 611 938 975 784 1129 634 672 585 632 791 730 751 1075 972 951 1239 1028 892 804 834 561 844 825 808 767 804 651 656 744
1247 1047 1220 1068 1173 893 789 697 635 649 613 817 428 466 266 113 145 185 275 219 231 195 205 291 437 624 786 875 906 1069 1254 1062 1033 1063 1167 1280 1272 882 1025 807 737 526 842 836 680 1037 664 560 594 578 712 699 477 896 851 897 1092 894 817 679 673 530 879 726 705 689 629 506 768 821
747 659 694 708 743 608 502 469 423 446 327 542 243 189 86 110 156 202 274 232 230 189 163 218 309 405 544 626 618 768 956 873 841 830 928 987 987 651 734 529 517 359 569 502 447 693 410 286 334 437 455 426 251 529 508 598 551 516 506 461 479 309 523 514 431 400 386 328 480 416
616 763 621 778 568 575 646 617 476 725 475 676 349 183 193 438 296 296 341 342 364 326 246 258 225 244 419 650 595 835 1116 1245 1352 1218 1191 1237 1226 808 893 707 719 560 636 692 718 721 437 398 329 587 577 535 600 726 672 772 594 563 561 568 763 484 515 591 581 539 646 506 405 317
678 531 521 576 565 651 508 487 261 345 296 523 279 102 285 448 508 442 419 378 321 307 388 524 547 556 660 835 771 784 906 793 736 551 525 529 512 320 487 455 302 212 252 347 360 564 430 306 208 252 154 432 346 432 356 567 483 287 268 312 546 415 428 278 313 257 207 268 424 277
469 244 237 372 494 391 217 279 239 228 143 311 191 212 461 660 734 764 776 697 649 584 557 637 646 599 649 736 627 665 740 607 512 425 439 366 407 276 279 195 282 149 183 178 185 202 358 92 214 340 169 232 162 170 162 399 190 156 182 209 293 224 209 287 152 108 105 143 287 173
722 401 439 500 599 569 376 474 253 281 263 427 310 282 622 825 855 808 740 641 582 534 596 738 738 714 777 954 914 930 997 799 705 550 494 417 434 319 439 359 317 175 173 294 307 380 565 340 295 364 138 478 419 320 311 620 508 255 278 315 551 434 394 260 284 224 173 220 453 342
681 413 519 600 673 524 307 318 298 339 174 510 249 291 492 586 607 571 535 432 394 350 378 505 555 591 741 911 872 937 1111 884 782 698 683 656 634 434 544 382 433 225 351 419 361 445 533 296 299 428 337 488 297 428 455 685 551 335 392 273 351 297 304 163 231 208 215 67 357 389
340 220 270 306 377 327 306 313 187 335 156 297 191 213 432 608 598 588 551 477 417 350 338 411 406 328 398 604 508 558 742 693 712 631 634 578 594 398 390 269 364 217 395 410 292 314 389 192 198 385 292 275 448 476 345 523 468 246 249 296 316 133 139 252 72 90 125 148 187 279
350 146 171 266 206 160 98 135 97 91 73 215 147 169 501 660 591 650 672 600 567 524 459 508 538 508 402 409 348 355 466 375 393 429 498 565 504 297 284 78 164 106 358 218 85 408 199 195 148 199 216 181 271 328 195 214 338 312 209 187 171 111 131 274 195 104 177 249 228 162
233 145 15 224 194 235 176 240 220 263 134 230 253 280 685 996 978 1045 1030 964 916 848 756 783 706 549 488 537 417 414 509 543 588 554 580 518 540 414 266 154 292 275 383 209 226 233 285 179 207 438 276 220 415 245 154 286 115 170 184 268 341 193 133 373 202 140 234 366 316 170
380 351 148 352 232 395 371 438 216 377 224 321 296 208 592 969 914 920 856 803 753 692 662 714 588 433 448 616 547 595 724 818 897 728 664 590 637 472 414 355 340 340 321 283 404 338 358 297 196 448 208 377 617 351 257 469 258 168 191 344 623 348 261 322 287 220 298 447 403 216
415 265 128 431 262 333 219 252 160 312 140 335 170 219 653 920 824 859 817 729 671 607 535 576 501 432 429 528 458 558 756 781 854 784 761 681 689 513 412 268 317 255 260 216 286 255 317 258 200 439 252 270 429 255 237 384 241 107 175 207 409 238 205 237 265 154 249 327 376 256
312 183 113 451 339 379 232 236 286 402 167 466 279 304 732 1000 965 979 959 880 806 753 674 724 696 612 624 718 561 605 816 787 782 722 729 653 619 480 400 268 426 319 373 322 307 294 411 250 280 521 396 289 357 347 316 457 220 181 258 241 284 249 124 281 214 139 250 256 281 229
341 161 225 371 489 470 323 343 330 367 240 485 357 286 625 864 950 904 896 836 753 715 719 830 864 778 816 967 755 698 803 646 521 396 401 334 299 219 283 243 383 221 303 363 245 315 503 189 284 392 293 299 272 391 298 527 307 250 259 280 267 308 145 331 120 110 119 132 181 159
472 235 275 447 453 449 336 316 206 331 258 409 185 224 560 695 695 706 713 636 543 488 456 527 559 546 529 632 475 525 698 616 615 564 601 522 511 370 343 253 310 167 240 293 183 290 387 204 257 342 252 157 289 353 258 391 395 180 184 231 280 224 244 368 188 116 112 240 292 288
443 397 411 639 493 719 517 408 411 497 327 798 454 173 490 688 763 636 610 595 507 546 615 764 833 825 906 1049 859 757 966 839 746 598 618 663 496 352 533 487 437 345 479 503 409 745 529 418 284 367 407 496 315 597 499 610 418 368 395 332 395 475 315 306 342 277 299 264 341 222
549 605 633 876 753 970 932 806 671 918 623 1027 711 394 537 780 863 773 799 801 667 649 681 768 858 803 889 1111 870 884 1191 1191 1101 880 910 936 849 648 808 794 815 703 794 918 744 988 779 589 588 685 733 613 683 1113 857 965 787 665 602 708 597 595 402 619 380 388 445 534 369 464
581 584 478 860 580 774 672 571 465 712 423 888 521 274 562 874 854 786 802 784 686 666 666 749 756 711 802 989 802 873 1158 1160 1097 835 768 801 735 515 656 643 620 546 488 636 643 756 557 460 401 527 512 542 544 808 659 793 549 452 404 430 536 541 298 317 372 302 426 430 339 299
711 513 454 771 716 617 393 245 440 510 342 724 385 506 908 1064 1110 1133 1189 1123 1056 1016 956 1042 1016 958 1010 1037 788 767 897 759 697 586 544 511 513 400 323 379 474 387 396 405 422 365 435 234 387 497 492 360 281 454 409 531 340 316 310 175 259 407 309 313 352 279 379 320 459 398
929 521 413 798 828 695 350 435 491 404 365 632 465 592 1066 1322 1396 1481 1524 1408 1341 1263 1193 1271 1246 1202 1176 1124 990 1034 1047 841 668 552 516 411 485 446 389 367 456 378 191 204 371 302 590 323 532 602 341 459 266 186 278 549 241 290 317 297 484 580 464 438 482 333 370 450 679 419
724 352 281 655 719 604 316 491 481 413 314 545 478 548 986 1309 1366 1446 1466 1343 1269 1172 1091 1148 1143 1075 1042 1048 938 1021 1075 903 713 605 594 469 535 483 451 338 514 393 236 253 360 295 652 334 543 669 358 456 330 230 303 608 247 303 347 399 486 515 345 463 376 260 306 399 535 345
757 405 312 686 657 558 356 477 322 399 281 457 299 398 751 1022 1011 1115 1152 1031 944 824 733 760 748 720 697 741 665 865 1005 922 819 686 659 538 648 511 460 350 444 329 130 228 340 249 506 265 447 558 266 308 350 275 290 550 339 220 219 329 463 382 312 371 295 170 222 389 468 364
420 313 116 332 226 342 311 324 149 275 235 280 233 220 678 1005 965 1010 1003 955 892 832 778 823 705 553 479 552 411 414 479 542 624 482 430 372 428 305 195 216 195 229 198 157 248 229 223 182 158 296 124 190 472 257 114 261 182 117 59 202 464 300 237 341 265 164 233 461 386 174
449 291 156 393 256 285 219 193 138 232 210 346 204 228 715 988 912 950 978 929 882 840 769 823 744 646 565 605 431 424 496 478 529 423 372 366 365 221 155 152 178 165 178 165 189 238 182 147 142 220 160 161 335 262 136 228 207 172 82 100 308 283 192 281 278 158 254 359 303 125
214 133 100 186 233 356 266 267 247 236 175 337 352 240 642 913 999 975 944 908 838 821 831 932 909 747 694 769 590 422 462 395 367 287 321 312 262 197 178 161 218 217 414 268 189 390 339 212 177 293 228 280 370 350 180 311 191 232 197 262 296 259 146 340 159 130 160 295 277 131
499 273 181 468 547 508 315 436 373 402 228 418 373 401 770 1104 1170 1212 1193 1094 1018 925 872 934 888 765 799 902 781 842 934 855 743 598 570 426 508 435 378 310 453 348 249 258 354 208 543 232 383 597 290 375 383 246 257 570 193 177 248 350 460 369 228 357 213 160 205 302 399 270
447 300 187 380 336 267 231 446 272 316 201 276 299 261 565 942 825 888 880 799 797 710 611 628 573 496 486 614 611 772 879 873 860 768 738 702 740 509 528 288 432 312 310 297 357 341 422 287 292 502 264 408 494 302 297 527 310 342 330 421 579 355 252 418 343 260 355 372 316 152
266 132 113 198 266 259 185 220 179 180 136 251 218 173 509 753 789 800 806 758 711 672 642 719 706 599 568 650 496 437 487 408 379 310 332 313 299 177 168 105 196 125 268 196 127 253 263 98 133 239 159 178 249 243 123 274 172 192 148 195 248 192 126 317 134 94 122 202 195 70
