36306 28243 26460 26479 25648 25565 24984 25045 25309 25474 25900 25996 26355 26348 25052 23588 23696 23628 23913 23969 23915 23750 24076 24690 25349 25680 26012 26224 26785 27382 27716 28062 28533 29147 29868 30382 30848 31507 32037 32492 33063 33676 34330 35098 35788 36483 37352 38061 38583 39224 38732 38889 39140 39328 39602 40057 40368 40111 39761 39726 39586 39671 39719 39855 40197 40681 40364 40540 41135 41324
35941 28060 26316 26433 25391 25325 24736 24898 25019 25303 25569 25861 25928 25951 24758 23225 23301 23469 23576 23564 23532 23470 23845 24394 25036 25511 25550 26120 26834 27340 27635 28140 28610 29186 29883 30494 31117 31878 32573 33169 33793 34470 35256 36031 36711 37047 37644 38526 39037 39239 38336 38644 38913 39042 39474 39773 40224 39648 39236 39318 39019 39217 39351 39256 39846 39795 40028 40463 40929 41091
35338 27811 26141 26245 24974 25022 24535 24584 24938 25385 25541 25529 25700 25668 24589 23064 23112 23215 23285 23492 23405 23384 23897 24543 25004 25069 25413 25955 26523 27029 27448 27928 28502 29185 30072 30840 31550 32310 32978 33414 34015 34571 35137 35825 36336 36769 37573 38224 38272 38581 37646 38015 38200 38389 38730 39132 39588 38895 38610 38872 38482 38704 38616 38888 39042 39450 39875 40317 40662 40736
34894 27592 25898 25953 24691 24716 24237 24491 24737 25080 25199 25143 25440 25313 24317 22870 22897 22946 23112 23080 23139 23294 23692 24134 24506 24904 25263 25702 26258 26832 27146 27748 28382 29205 29969 30668 31319 32015 32608 33260 33844 34414 35038 35688 36199 36825 37295 37451 37649 37813 37088 37428 37715 37848 38322 38660 38743 38417 38253 38289 38171 38217 38418 38439 38827 39275 39605 40053 40397 40454
34614 27426 25720 25913 24514 24567 24094 24175 24355 24641 24890 25078 25091 25131 24118 22751 22729 22939 22874 22955 23019 23033 23331 23656 24315 24752 25060 25477 26101 26570 26959 27576 28233 28901 29716 30427 31022 31731 32477 32999 33623 34275 34861 35506 36149 36392 36598 36950 37025 37556 36624 36999 37279 37607 37943 37968 38208 38003 37903 38091 37818 38184 38177 38192 38846 39346 39818 40038 40160 40375
34127 27220 25543 25618 24244 24378 23917 24009 24212 24797 25160 24787 24873 24934 23975 22594 22564 22636 22702 22892 23052 22963 23082 23767 24365 24643 24830 25253 25730 26268 26699 27349 28011 28786 29577 30147 30744 31548 32202 32833 33460 34002 34533 35252 35727 35635 35833 36056 36373 36684 35854 36225 36668 36818 36925 37064 37544 37318 37327 37371 37560 37596 37565 37918 38668 39088 39371 39519 39980 40206
33895 26994 25336 25381 24156 24096 23662 23825 24124 24596 24906 24501 24657 24606 23678 22282 22280 22456 22578 22697 22681 22611 22959 23535 24141 24462 24728 25147 25694 26212 26625 27220 27826 28498 29230 29932 30616 31381 32107 32711 33299 33875 34467 35152 35418 35003 35219 35667 35855 36162 35420 35833 36146 36112 36299 36665 36996 36811 36792 36990 37138 37312 37443 37958 38514 38793 39053 39616 40165 40128
33576 26859 25151 25324 23969 23867 23474 23738 24334 24835 25089 24309 24382 24411 23522 22127 22181 22387 22445 22592 22464 22607 23190 24027 24485 24591 24831 25384 26220 26973 27444 28145 28765 29420 30210 31050 32068 33037 33957 34620 34767 34941 35040 35121 34864 34494 34812 35103 35309 35575 34930 35326 35432 35384 35840 36031 36302 36408 36375 36692 36791 37034 37533 37747 38171 38472 39019 39606 39906 39936
32946 26565 24791 24853 23553 23474 23210 23597 23975 24520 24438 23815 23971 23984 23182 21907 21965 22034 22180 22213 22303 22438 23163 23523 23907 24176 24553 25119 25937 26576 27052 27691 28273 29014 29889 30829 31701 32685 33460 33559 33732 33807 33833 33934 33725 33457 33676 34104 34208 34425 34018 34385 34462 34721 34945 35130 35697 35813 35984 36441 36452 36983 37351 37399 37921 38516 38867 39374 39410 39731
32293 26265 24459 24414 23184 23110 22982 23287 23680 23912 23931 23358 23573 23682 22893 21752 21902 21795 21882 22051 22148 22371 22678 23130 23610 23997 24419 24996 25700 26339 26806 27399 27987 28638 29482 30331 31194 32085 32320 32472 32643 32699 32766 33130 32699 32567 32886 33121 33270 33558 33288 33661 33950 34033 34312 34746 35231 35536 35808 36158 36416 36783 36913 37162 37772 38166 38557 38694 39215 39380
31942 26140 24239 24197 22925 22884 22801 23093 23212 23278 23575 22986 23303 23218 22634 21525 21689 21537 21683 21795 22031 22009 22319 22717 23439 23948 24429 25044 25729 26396 26863 27411 27911 28547 29356 30233 31038 31385 31621 31715 31796 31830 32089 32183 31835 31628 31902 32184 32440 32654 32597 33196 33448 33653 34186 34587 35276 35649 35884 36254 36480 36614 36887 37165 37670 38085 38144 38671 39106 39248
31496 25973 24008 24129 22572 22590 22566 22656 22687 23069 23350 22649 22778 22878 22398 21364 21538 21341 21439 21698 21802 21682 22027 22737 23506 23996 24453 24961 25783 26480 26986 27385 27987 28636 29530 30241 30521 30834 31013 31050 31105 31302 31305 31439 31104 30898 31125 31453 31687 31983 32172 32715 33053 33433 33940 34570 35307 35704 36073 36425 36248 36530 37038 37393 37593 37723 38419 38580 39030 38994
30973 25807 23870 23909 22261 22377 22374 22395 22666 22987 23194 22204 22369 22461 22204 21160 21182 21061 21318 21505 21491 21484 22245 22954 23465 23959 24252 24937 25676 26406 26762 27453 28224 28677 29296 29578 29752 30051 30214 30246 30460 30460 30402 30459 30151 30004 30253 30567 30743 31370 31622 32231 32709 33138 33914 34653 35277 35666 35849 36191 35990 36450 36874 36826 36967 37598 37880 38196 38580 38760
30378 25533 23615 23512 21939 22026 22027 22223 22298 22536 22804 21606 21869 21858 21795 20892 20800 20846 20990 21042 21111 21474 22009 22507 23246 23596 24037 24615 25467 26061 26641 27404 27704 28178 28569 28800 28939 29206 29344 29491 29620 29521 29472 29528 29358 29295 29566 29915 30434 31087 31427 32104 32559 33135 33880 34477 35107 35376 35574 35764 36066 36462 36597 36481 36954 37319 37585 38019 38281 38612
29874 25215 23255 23128 21555 21870 21653 21644 21780 22174 22279 21239 21486 21425 21415 20677 20540 20679 20650 20743 21043 21343 21778 22478 22986 23443 23835 24471 25190 25938 26496 26776 27104 27510 27880 28162 28392 28580 28784 28902 28846 28760 28690 28753 28721 28708 28966 29623 30241 30903 31120 31655 32339 32810 33395 34007 34666 35073 35170 35652 36140 36299 36266 36709 37168 37733 38040 38610 39036 39428
29321 24578 22711 22541 21134 21325 20969 21128 21183 21581 21771 20770 20945 21008 20828 20227 20174 20323 20206 20411 20674 20970 21431 22053 22637 23063 23490 24103 24910 25636 25568 25832 26049 26399 26906 27421 27556 27813 28115 28041 28056 28094 28084 28270 28323 28475 29000 29773 30274 30714 30783 31263 31844 32167 32772 33376 34199 34471 34804 35371 35701 35883 36105 36511 37062 37398 37975 38519 38979 39275
28949 24285 22418 22178 20918 21159 20674 20726 20939 21403 21539 20566 20753 20771 20590 20064 20150 20045 20184 20460 20833 21179 21919 22730 23474 24139 24342 24582 24860 24917 24887 25056 25262 25714 26339 26642 26863 27234 27265 27286 27394 27433 27540 27767 27994 28339 28927 29501 29857 30297 30287 30828 31272 31683 32344 33074 33815 34299 34695 35216 35455 35754 36063 36380 36882 37459 38092 38617 39198 39673
28528 23985 22181 21851 20689 20749 20362 20577 20770 21114 21051 20186 20435 20306 20434 19917 19974 19924 20359 20466 20767 21301 22390 23224 23736 23985 23647 23739 23871 24130 24058 24215 24417 24838 25298 25795 26092 26299 26414 26438 26615 26817 26989 27373 27797 28225 28719 29122 29508 29843 30065 30512 31027 31571 32313 33104 33997 34617 35190 35823 36580 37397 37825 38410 39097 40005 40528 41307 41974 40184
27937 23370 21660 21383 20189 20376 19755 19919 19872 20383 20089 19551 19841 19782 19999 19503 19515 19663 19869 20095 20530 21099 21769 22451 22913 23047 22719 22860 23209 23359 23304 23525 23687 23979 24558 25003 25040 25292 25458 25667 26086 26383 26784 27326 27796 28243 28732 29293 29877 30397 30811 31619 32395 33102 34022 34890 35856 36387 36873 37518 38281 38708 39137 39664 40331 40922 41484 41903 41812 39586
27361 22742 21131 20890 19703 19758 19177 19093 19324 19950 19383 19110 19306 19462 19459 19174 19253 19387 19655 19963 20380 20788 21395 22016 22202 22267 21914 22146 22360 22627 22429 22575 22640 23091 23615 23930 24126 24418 24729 25182 25681 26170 26668 27284 27784 28192 28656 29191 29761 30375 30756 31396 32155 32886 33780 34663 35595 36219 36791 37508 38063 38703 39129 39709 40262 41043 41448 41270 41273 39095
26788 22183 20756 20421 19302 19106 18610 18858 19092 19053 18725 18518 18896 18937 18973 18846 19020 19111 19434 19770 20162 20382 20792 21119 21295 21369 21004 21165 21491 21674 21498 21569 21830 22161 22608 23043 23188 23645 24251 24808 25494 26101 26751 27518 28126 28753 29591 30523 31476 32358 32914 33911 34731 35414 36216 36892 37597 38002 38278 38649 38946 39242 39558 39839 40266 40719 40917 40570 40657 38526
26353 21927 20511 20249 18949 18671 18301 18636 18627 18492 18261 18204 18438 18725 18707 18669 18940 19157 19504 19743 19940 20156 20462 20670 21041 20840 20479 20667 20948 21070 20974 21232 21408 21625 22017 22390 22814 23539 24161 24839 25553 26137 26907 27857 28712 29489 30446 31451 32392 33349 33997 35033 35880 36647 37577 38412 39275 39868 40323 40754 41144 41397 41294 40175 40433 40477 40450 40142 40188 38294
25793 21667 20351 20065 18567 18291 18123 18538 18147 17994 17891 17893 18347 18511 18559 18676 19110 19655 20002 20329 20275 19889 20116 20472 20710 20320 19990 20092 20312 20442 20637 20816 20934 21153 21516 22058 22677 23430 24169 24824 25430 26092 26951 27961 28873 29758 30854 32028 33134 34214 35009 36158 36634 37061 37973 38638 39423 39861 40377 41038 41145 40952 40808 39844 40024 40094 40110 39805 39802 38032
25026 21273 19967 19757 17929 17832 17719 18173 17390 17338 17396 17531 17973 18137 18266 18562 19133 19356 19746 19815 19977 19499 19744 19949 20065 19789 19586 19734 19963 20315 20490 20661 20907 21231 21846 22651 23430 24382 25195 25940 26721 27464 28363 29416 30391 31072 31900 32761 33628 34408 34929 35718 36158 36837 37677 38292 39092 39742 40345 41041 40385 40083 40028 39123 39293 39569 39584 39137 39322 37754
24189 20871 19633 19482 17315 17345 17402 17883 16802 16867 16930 17071 17400 17835 18166 18514 18945 19064 19249 19437 19557 19047 19229 19378 19488 19228 19123 19268 19732 20129 20382 20662 20972 21468 22245 23105 23910 24889 25708 26435 27229 27922 28632 29448 30133 30800 31611 32481 33311 34144 34625 35372 35968 36686 37490 38156 39001 39631 40316 41095 39694 39232 39140 38360 38588 38807 38830 38439 38615 37307
23614 20602 19356 19237 16993 17119 17282 17563 16372 16461 16616 16741 17248 17813 18261 18608 18913 18787 19010 19064 19326 18689 18694 18890 18940 18861 18871 19359 19860 20258 20527 20808 21166 21773 22657 23561 24318 25245 26021 26735 27544 28268 28993 29832 30456 31121 31928 32798 33627 34408 34849 35569 36193 36976 37871 38645 39581 40391 41268 42230 39030 38465 38411 37574 37721 37975 37918 37681 37905 36869
22909 20149 18874 18857 16547 16722 16786 16758 15830 15898 16091 16304 16950 17638 17975 18223 18521 18362 18373 18486 18683 18058 18048 18219 18388 18525 18874 19422 20133 20745 21227 21758 22359 23175 24261 25421 26437 27559 28549 29466 30487 31424 32361 33402 34208 34989 35983 37208 38396 39498 39527 40113 40397 40714 41277 41837 42566 42773 41662 41893 38141 37599 37725 36632 36685 36851 37079 36837 37016 36338
22100 19721 18350 18440 16067 16297 16242 15990 15345 15506 15653 16004 16709 17405 17673 17920 18026 17965 17820 17901 17901 17502 17552 17827 18160 18679 19288 20170 21284 22288 23117 23977 24858 25890 27210 28651 29940 31348 32614 33746 34802 35604 35834 36130 36396 37067 37443 37875 38317 38822 39036 39504 39682 40132 40861 41429 42026 41871 40777 41036 37443 36823 36821 35722 35624 35837 36011 35858 36004 35711
21010 19090 17727 17888 15384 15573 15557 15164 14838 15040 15151 15564 16288 16974 17384 17342 17429 17620 17098 17111 17033 16827 17027 17491 18088 18697 19393 20386 21577 22708 23654 24664 25635 26630 27794 29033 30158 31410 32572 33583 34508 34715 34897 35371 36149 36332 36435 36852 37340 38060 38141 38512 38789 39386 40154 40596 41199 40737 39709 40000 36715 35925 35734 34752 34631 34653 34779 34793 35051 34912
20029 18466 17237 17477 14729 14943 15044 14554 14439 14772 14873 15389 16183 16847 17228 16955 17068 17335 16467 16462 16409 16332 16672 17381 18018 18698 19473 20587 21963 23329 24484 25735 26914 28059 29341 30608 31762 33062 33837 33913 33918 34069 34439 35297 36143 35680 35750 36161 36797 37542 37257 37568 38052 38616 39227 39678 40321 39653 38744 39009 35983 34965 34723 33790 33716 33609 33795 34005 34314 34200
19164 17814 16819 17170 14106 14429 14543 14140 14112 14474 14698 15405 16151 16721 17232 16593 16698 16985 15829 15844 15829 15863 16351 17042 17771 18560 19349 20649 22436 24204 25725 27424 28745 29664 30602 31776 32369 32634 32898 33049 33341 33699 34488 35484 35620 35029 35165 35703 36290 36888 36336 36740 37301 37734 38318 38845 39257 38676 37844 37958 35260 33996 33826 32852 32892 32681 33053 33329 33476 33720
18218 17100 16366 16828 13439 13917 13959 13758 13794 14266 14737 15418 15976 16780 17441 16248 16303 16454 15264 15332 15338 15567 16132 16823 17541 18257 19145 20642 22707 24624 25995 27073 28018 28901 30242 31041 31223 31598 31881 32238 32672 33426 34275 35079 34468 34107 34336 34905 35269 35975 35137 35601 36159 36543 37154 37575 37952 37503 36836 36771 34638 33227 32960 32113 32305 32048 32557 32724 32931 33448
16974 16105 15616 16029 12573 13076 13250 13144 13243 13886 14395 14997 15680 16645 16613 15594 15600 15508 14516 14603 14732 15119 15727 16331 16934 17701 18711 20350 22325 23958 24753 25637 26455 27796 28962 29436 29760 30188 30605 30968 31728 32559 33200 34018 32768 32632 32912 33415 33803 34493 33522 33987 34581 34987 35411 35916 36152 35901 35439 35314 33876 32454 31941 31352 31578 31399 31892 32177 32341 32914
15857 15130 14844 15171 11795 12361 12507 12459 12614 13270 13931 14622 15498 15811 15708 14870 14808 14595 13745 13899 14128 14539 15014 15507 16261 17205 18415 20011 21711 22758 23320 24053 25234 26327 27187 27827 28203 28796 29200 29851 30705 31376 32036 32673 31055 31030 31372 31947 32363 32962 31983 32549 33239 33520 34002 34384 34592 34504 34200 34093 33211 31863 31183 30792 31012 30883 31440 31712 31881 32646
14773 14105 13972 14198 11001 11516 11620 11747 11921 12692 13573 14352 14575 14765 14705 14045 13942 13640 12977 13149 13391 13863 14230 14885 15814 16963 18155 19482 20614 21386 21769 22831 23717 24520 25560 26338 26934 27500 28151 28874 29562 30249 30711 31362 29446 29473 29866 30453 30846 31338 30473 31106 31696 32030 32401 32756 33083 33048 32922 32866 32447 31359 30515 30294 30463 30494 31062 31351 31702 32443
13776 13148 13140 13347 10215 10650 10870 11061 11414 12378 13448 13411 13581 13750 13739 13273 13100 12732 12246 12416 12717 13173 13722 14548 15681 16831 17791 18583 19467 20047 20792 21582 22210 23226 24345 25355 25958 26730 27435 28019 28707 29144 29609 29897 28059 28115 28509 29025 29392 29770 29084 29638 30282 30467 30837 31295 31675 31778 31767 31775 31695 30939 29971 29933 30252 30350 30856 31395 31841 32579
13029 12310 12359 12539 9578 9987 10201 10433 10971 12182 13455 12597 12777 12844 13013 12562 12392 11934 11623 11812 12071 12566 13240 14293 15569 16510 17035 17634 18291 19183 19583 20110 20868 21983 23366 24335 25147 25978 26582 27148 27648 28205 28394 28458 26894 26957 27387 27909 28168 28533 27968 28510 29015 29225 29625 30096 30642 30967 30794 31074 30961 30498 29569 29591 29966 30153 30750 31426 31802 32639
12313 11462 11518 11762 8932 9274 9515 9874 10670 12104 12915 11771 11889 12089 12269 11810 11667 11139 10990 11124 11425 11984 12875 14080 15200 15696 16061 16446 17409 17945 18056 18705 19529 20913 22268 23442 24328 25045 25647 26016 26640 26989 26965 26996 25742 25834 26298 26735 26992 27322 26889 27300 27864 28104 28491 29132 30017 29897 30121 30345 30239 30044 29189 29238 29667 29994 30662 31252 31831 32693
11693 10702 10826 11041 8382 8690 9025 9594 10548 11496 12179 10926 11167 11364 11531 11105 10964 10411 10326 10498 10865 11519 12517 13583 14351 14762 14959 15718 16316 16566 16824 17566 18622 19923 21452 22619 23322 24081 24510 24995 25475 25649 25628 25661 24685 24826 25318 25754 25975 26335 25977 26451 26958 27233 27766 28694 28979 29263 29454 29528 29766 29512 28850 28920 29417 29935 30445 31243 31850 32608
11127 9997 10190 10210 7833 8197 8664 9429 9957 10764 11769 10139 10437 10652 10755 10404 10240 9756 9698 9899 10379 11187 12079 12811 13511 13733 14346 14752 15078 15467 15843 16816 17775 19208 20652 21663 22453 23018 23554 23895 24190 24443 24335 24458 23700 23839 24312 24686 25017 25382 25096 25605 26190 26623 27484 27811 28489 28863 28779 29152 29323 29100 28600 28765 29396 29754 30562 31290 32162 33018
10457 9111 9228 9180 7187 7642 8205 8608 8975 10204 10916 9270 9614 9701 9889 9550 9453 9036 8995 9210 9837 10582 11164 11944 12449 13056 13362 13487 13944 14388 14938 15777 16766 18082 19349 20516 21147 21828 22230 22381 22834 22986 23128 23417 22752 22909 23264 23713 24110 24374 24246 24763 25452 26223 26480 27154 27936 27963 28186 28499 28660 28542 28223 28522 28918 29594 30216 31308 32073 32466
9687 8061 8119 8069 6498 7018 7266 7584 8243 9224 9677 8265 8553 8764 8672 8524 8531 8217 8152 8478 9077 9559 10094 10765 11667 12017 12042 12372 12886 13483 13906 14753 15600 16669 18081 19123 19829 20376 20598 20966 21331 21755 22040 22468 21816 21915 22339 22837 23161 23653 23451 24053 25054 25221 25851 26603 26977 27297 27481 27704 28029 27920 27845 28062 28637 29143 30197 31140 31594 31532
8907 7106 7339 6979 5857 6178 6519 7118 7541 8215 8898 7309 7668 7647 7608 7673 7694 7433 7504 7882 8252 8715 9145 10122 10757 10697 10817 11120 11784 12310 12753 13457 14152 15394 16730 17858 18448 18796 19229 19510 20056 20555 20922 21082 20703 20830 21216 21675 22130 22444 22485 23456 23952 24482 25217 25639 26323 26661 26735 27327 27567 27492 27505 27934 28417 29299 30181 30774 30946 30669
8232 6328 6439 6039 5284 5578 5906 6264 6507 7457 7807 6463 6642 6642 6855 6938 6940 6837 6995 7117 7498 7735 8531 9316 9606 9719 9955 10439 11030 11528 11861 12441 13247 14325 15546 16437 16824 17387 17765 18210 18903 19531 19709 19969 19737 19809 20197 20770 21150 21675 22131 22745 23498 24177 24617 25230 25935 26123 26462 26928 26987 27130 27326 27569 28324 29068 29580 29896 30049 29815
7880 5904 5866 5478 5082 5417 5510 5697 6312 6865 7258 5995 6057 6327 6457 6538 6550 6712 6689 6842 7013 7598 8205 8605 9021 9262 9647 10074 10598 11002 11246 11906 12557 13522 14591 15256 15797 16363 16892 17433 18229 18645 18888 19119 18965 19120 19685 20213 20714 21618 21834 22604 23463 23885 24496 25145 25613 25969 26291 26496 26771 27067 27054 27425 28193 28634 29043 29241 29194 29590
7357 5305 5358 4804 4762 4990 4964 5436 5624 6203 6448 5408 5740 5843 5983 6067 6247 6257 6380 6426 6837 7180 7411 7849 8282 8704 8945 9282 9737 10115 10418 10903 11489 12404 13436 14276 14769 15496 16074 16702 17185 17585 17742 17886 18026 18390 19000 19751 20537 21162 21544 22349 23022 23540 24104 24633 25187 25571 25869 26152 26682 26749 26986 27331 27973 28362 28701 28675 28958 28949
7059 4968 4974 4564 4536 4589 4683 5001 5437 5744 5754 5135 5309 5586 5709 5854 6066 6125 6129 6275 6526 6759 7153 7668 8216 8490 8723 9059 9515 9930 10222 10682 11230 12020 12983 13849 14569 15344 15975 16295 16823 17055 17093 17496 17737 18153 18906 19726 20447 21200 21514 22175 22826 23340 23923 24454 25048 25379 25705 26094 26481 26809 27108 27283 27774 28141 28287 28442 28652 28811
6895 4925 4810 4465 4457 4582 4582 5128 5295 5319 5550 5003 5375 5616 5671 5980 6101 6020 6185 6290 6807 7310 7599 7924 8388 8719 9046 9318 9687 10096 10483 11020 11647 12505 13464 14327 14866 15350 15719 16097 16364 16436 16747 17155 17515 18032 18873 19787 20573 21123 21425 22306 23170 23690 24337 24972 25724 26267 26527 26963 27607 27396 26881 26923 27467 27702 27955 28044 28563 28606
6623 4680 4438 4289 4148 4219 4433 4739 4829 5014 5193 4840 5110 5358 5646 5706 5748 5976 5984 6375 6771 7199 7497 7947 8398 8727 8880 9117 9603 10147 10635 11390 12207 13229 14191 14938 15480 15921 15892 15836 15948 16227 16499 17063 17446 18040 18880 19665 20302 20917 21277 22130 22816 23351 24074 24797 25670 26011 26422 26948 27559 27051 26526 26690 27168 27429 27659 28164 28516 28390
6464 4451 3991 3986 3908 4051 4079 4065 4162 4394 4911 4603 4940 5254 5327 5378 5610 5732 5984 6232 6618 6866 7126 7512 8208 8433 8626 9019 9650 10218 10717 11439 12177 13098 13969 14679 15147 15208 15191 15198 15537 15872 16373 16986 17416 17941 18743 19482 20114 20810 21189 21882 22630 23235 23978 24760 25550 26008 26474 26966 26941 26637 26320 26370 26872 27164 27566 27985 28102 28192
6266 4265 3739 3833 3720 3955 3757 3718 3757 4193 4262 4426 4767 4968 5094 5243 5444 5689 5842 6131 6374 6486 6667 7262 7775 8055 8279 8825 9467 10133 10669 11366 12077 12907 13861 14600 14520 14626 14689 14898 15294 15836 16386 17083 17610 18164 18912 19772 20578 21391 21843 22748 23464 24165 25036 25685 26317 26391 26450 26762 26483 26263 26122 26294 26696 27242 27651 27692 27994 27851
6017 4067 3579 3698 3600 3696 3496 3566 3781 3894 4175 4396 4592 4875 5003 5177 5373 5656 5840 6014 6192 6312 6618 7091 7606 7890 8216 8760 9433 10096 10603 11264 11979 12812 13699 13789 13817 13988 14297 14679 15268 15861 16434 17078 17725 18227 18991 19787 20458 21316 21832 22497 23347 24116 24854 25409 25886 25948 26133 26153 26013 25857 25805 26005 26757 26959 27217 27440 27605 27697
5715 3938 3481 3524 3462 3660 3381 3565 3616 3915 4345 4551 4802 5125 5233 5359 5525 5752 5965 6101 6223 6343 6588 7007 7502 7940 8345 8980 9795 10552 11155 11928 12375 12805 13097 13208 13248 13701 14167 14653 15321 15833 16356 17065 17624 18219 19020 19829 20600 21347 21722 22496 23320 23936 24514 24924 25314 25456 25481 25428 25461 25242 25389 25728 26199 26508 26922 26969 27298 27512
5322 3651 3246 3276 3216 3328 3135 3267 3531 3935 4301 4469 4676 4958 5096 5234 5435 5739 5893 5902 5973 6225 6583 7096 7740 8245 8717 9395 10241 11074 11305 11500 11716 11960 12339 12646 13030 13682 14195 14663 15207 15705 16270 16961 17564 18189 18968 19829 20478 21177 21595 22260 22931 23378 23790 24180 24593 24616 24663 24713 24722 24845 25238 25254 25910 26349 26657 26858 27110 27452
5067 3472 3104 3051 3023 3044 2994 3196 3580 4057 4467 4598 4771 4989 5125 5321 5590 5869 5766 5798 5976 6182 6697 7452 8365 8972 9465 10004 10545 11018 10634 10805 10923 11263 11785 12341 12938 13603 14122 14554 15088 15630 16186 16862 17492 18065 18917 19652 20210 20960 21269 21847 22466 22774 23183 23584 23999 24055 24126 24167 24387 24823 24853 25051 25892 26154 26498 26684 27172 27502
4891 3354 3012 2877 2900 2892 3017 3221 3569 3993 4372 4577 4988 5303 5392 5457 5563 5529 5603 5868 5978 6257 6813 7597 8459 8976 9358 9838 10301 10431 10082 10177 10412 10865 11623 12259 12796 13457 13982 14435 14990 15537 16091 16762 17310 17961 18819 19521 20095 20706 21041 21633 22130 22460 22862 23231 23644 23639 23700 23845 24258 24470 24560 24934 25536 25974 26212 26628 27157 27299
4747 3275 2900 2839 2771 2854 2872 3137 3487 3797 4329 4627 5098 5416 5196 5180 5419 5319 5585 5630 5953 6319 7004 7732 8535 9042 9683 9867 10012 10045 9833 10020 10286 10873 11902 12897 13694 14191 14493 15121 15845 16504 17158 17773 18010 18628 19541 20250 20813 21421 21678 22298 22813 23257 23495 23582 23550 23428 23585 23814 24046 24312 24509 24752 25286 25740 26198 26573 27091 27389
4532 3134 2801 2728 2583 2690 2931 3187 3273 3920 4652 4920 5051 5016 5020 5068 5152 5342 5377 5687 6159 6585 6918 7643 8351 9086 9053 9120 9201 9226 9313 9561 9972 10783 11977 12903 13311 13788 14524 15273 16074 16755 16999 17339 17900 18598 19398 20018 20578 21152 21490 22096 22771 22967 23125 23095 23217 23368 23626 23872 24237 24396 24646 24972 25820 26418 27032 27442 27890 28093
4345 2804 2538 2540 2410 2622 2640 2676 3071 4081 5255 4605 4681 4731 4673 4715 5105 5007 5474 5830 6037 6116 6582 7325 8385 8722 8480 8618 8637 8844 8918 9256 9798 10738 11808 12412 12756 13688 14630 15499 16152 16405 16627 17319 18000 18940 19992 20417 20978 21519 21849 22141 22469 22713 22619 22668 23039 23192 23675 23524 23854 24445 24392 24903 25629 26496 26935 27235 27774 28104
3910 2233 2111 2102 2042 2121 2053 2334 2881 3906 4556 3748 3820 3914 3960 4159 4443 4676 5092 5125 5113 5254 5685 6707 7383 7573 7378 7502 7759 8072 8300 8755 9333 10041 10931 11525 12240 13482 14395 14879 15254 15574 16124 17011 17732 18618 19433 20128 20621 21256 21451 21775 22214 22213 22196 22617 22764 23000 23142 23110 23848 24081 24364 24780 25616 26207 26690 27010 27453 27852
3527 1786 1851 1758 1776 1676 1709 2169 3048 3572 3498 3172 3281 3417 3595 3764 4172 4529 4751 4643 4513 4734 5518 6125 6592 6610 6606 6865 7219 7624 7910 8391 8810 9433 10258 11167 12278 13401 13897 14122 14494 15059 15768 16707 17417 18037 19016 19679 20251 20797 20854 21328 21539 21536 21956 22110 22479 22464 22733 23110 23592 24273 24706 25122 25864 26615 27056 27688 27774 27807
3073 1566 1576 1445 1561 1534 1548 2239 2591 2679 2702 2738 3086 3269 3439 3778 4118 4243 4284 4232 4402 4640 5035 5420 5889 6064 6288 6576 7019 7451 7776 8212 8716 9361 10229 11172 12106 12703 13046 13379 13940 14624 15489 16322 16917 17628 18468 19286 19739 20154 20349 20900 21033 21350 21550 21774 22078 22345 22723 23203 23794 24257 24625 24923 26020 26585 26970 27154 27611 27421
2613 1393 1281 1219 1307 1421 1543 1910 2186 2259 2493 2701 2883 3300 3450 3720 3889 4040 3993 4151 4450 4693 4973 5356 5794 6074 6307 6651 7112 7574 7912 8355 8892 9578 10446 11226 11702 12183 12557 12981 13625 14402 15073 15777 16449 17038 17859 18463 18833 19448 19582 20000 20469 20643 21031 21212 21770 22156 22638 23146 23621 23906 24184 24708 25672 26131 26462 26734 27149 27060
2289 1266 1056 1050 1187 1422 1406 1711 1947 2085 2505 2581 2960 3381 3353 3453 3681 3763 3923 4163 4462 4705 4963 5255 5841 6149 6542 7041 7593 7999 8285 8540 8958 9620 10421 10991 11415 11947 12395 12862 13586 14176 14691 15462 15968 16542 17178 17684 18214 18754 18802 19412 19774 20158 20468 20960 21606 22028 22565 22942 23324 23524 23973 24355 25242 25591 26147 26282 26707 26872
1959 1117 863 947 1091 1361 1260 1519 1677 1966 2292 2536 2826 3211 3150 3223 3482 3685 3939 4120 4324 4531 4779 5213 5691 6112 6442 6818 7266 7741 7884 8211 8668 9242 9927 10555 11047 11706 12163 12664 13242 13687 14263 14929 15390 15733 16297 16950 17426 17931 18157 18683 19297 19629 20221 20890 21528 22024 22507 22874 23212 23555 24036 24328 25052 25494 25921 26106 26532 26800
1494 906 762 856 1003 1129 1163 1397 1634 1996 2254 2438 2802 2974 3067 3219 3469 3720 3990 4195 4303 4393 4824 5358 5978 6064 6205 6475 7023 7371 7604 8002 8419 8945 9704 10370 10905 11545 12073 12522 12989 13492 13998 14576 14972 15367 15989 16563 16976 17562 17756 18417 18796 19271 20003 20628 21342 21849 22301 22718 23110 23518 23916 24289 24953 25411 25824 26125 26489 26677
1068 722 685 787 854 1074 1052 1278 1537 1896 2164 2410 2677 2918 3122 3366 3644 3893 4070 4152 4219 4398 4791 5384 5604 5826 5899 6310 6714 7136 7420 7805 8237 8829 9559 10166 10666 11321 11835 12257 12740 13160 13574 14101 14539 14975 15535 16085 16568 17136 17429 17965 18564 19165 19880 20546 21323 21835 22419 23050 23699 24340 24829 25483 26427 27287 27972 28499 29181 29486
794 562 659 715 864 864 972 1392 1711 1803 2212 2335 2598 2976 3136 3413 3745 3802 3905 3896 4169 4417 4755 4970 5441 5632 5881 6265 6765 7234 7560 8010 8547 9281 10133 10833 11415 12072 12560 13029 13706 14393 15119 15983 16743 17455 18246 18908 19553 20192 20558 21101 21850 22481 22943 23528 24152 24474 24879 25189 25634 25935 26063 26577 27587 28147 28387 28870 29401 29618
547 481 583 712 681 1029 1039 1276 1473 1755 2142 2325 2606 3040 3147 3402 3539 3801 3703 3934 4288 4503 4530 4865 5309 5623 5942 6495 7236 7953 8405 8933 9520 10209 10925 11464 11885 12476 12998 13522 14214 14881 15448 16171 16625 17171 17910 18704 19258 19974 20210 21007 21757 22164 22792 23372 23938 24276 24632 25008 25402 25527 26019 26449 27366 27724 28472 28720 29262 29583
224 311 395 491 571 749 876 1156 1424 1789 2133 2318 2638 2903 3034 3211 3426 3577 3746 3933 4175 4350 4708 5266 5843 6175 6431 6851 7344 7796 8100 8533 9032 9706 10535 11241 11821 12518 13085 13574 14143 14686 15223 15876 16390 16907 17597 18291 18872 19532 19861 20499 21102 21618 22247 22823 23467 23858 24254 24707 25129 25539 25873 26338 27108 27782 28351 28779 29335 29549
