544 223 338 382 349 428 335 301 171 206 296 188 263 181 106 211 198 140 268 363 546 828 755 794 832 755 798 834 936 1007 915 917 981 851 912 855 766 864 914 1142 1089 1159 947 909 536 423 462 468 445 432 702 339 271 399 301 369 460 234 239 329 277 264 239 115 223 98 194 96 169 211
375 107 180 180 289 356 276 291 150 373 449 152 299 218 198 276 326 155 256 264 485 676 668 739 792 720 762 780 867 925 832 814 853 761 825 820 872 1117 1152 1383 1370 1399 1200 1182 839 646 741 720 693 561 713 408 482 419 402 558 631 320 366 527 432 251 269 152 206 236 254 108 238 57
579 91 238 268 377 507 418 317 189 313 456 181 310 233 238 292 360 186 342 342 615 817 797 879 926 865 917 929 1011 1067 967 946 977 827 825 786 774 996 1119 1430 1409 1477 1215 1205 814 627 675 669 738 542 790 399 507 493 487 670 740 400 466 646 559 375 388 227 235 290 352 179 278 135
593 244 417 443 401 533 412 386 273 417 471 295 367 345 247 282 341 289 346 397 653 913 861 894 935 828 887 916 1051 1139 1048 1039 1117 1037 1149 1121 1086 1227 1265 1455 1408 1470 1279 1258 866 724 807 818 739 672 976 539 549 566 430 578 649 391 426 535 441 347 280 198 211 137 319 160 226 180
536 325 403 399 344 459 356 501 269 562 572 352 520 525 393 270 489 384 463 517 804 1026 859 815 809 722 752 724 780 798 752 753 824 786 884 969 1068 1396 1495 1755 1704 1782 1667 1597 1127 987 934 1006 738 728 812 428 601 463 351 627 620 534 410 529 485 374 430 375 409 460 558 274 360 285
327 264 181 167 253 407 283 454 255 678 735 282 466 472 340 414 460 301 341 399 579 699 683 716 790 727 756 770 844 899 840 846 906 889 1028 1061 1156 1398 1344 1466 1491 1464 1415 1442 1165 1004 1056 943 820 767 732 628 745 505 487 708 652 443 447 586 461 215 312 209 304 393 289 199 299 51
277 182 207 196 340 319 273 429 195 491 536 213 437 304 343 357 508 214 380 303 483 641 580 617 641 583 602 587 620 632 563 555 569 506 550 644 840 1266 1349 1672 1673 1705 1507 1453 1037 792 859 866 770 643 643 388 518 421 452 615 732 474 406 569 498 358 459 335 441 514 417 227 387 163
740 275 246 244 281 447 368 223 113 243 316 139 245 257 133 214 178 192 221 477 725 959 895 935 963 909 957 971 1046 1100 1016 1009 1091 944 1008 901 760 805 804 909 813 867 764 754 528 520 466 485 411 468 688 346 475 422 328 557 486 285 336 478 486 242 273 130 257 252 338 147 266 210
806 319 161 153 299 700 624 426 321 523 551 168 437 425 438 592 564 385 416 413 634 747 749 830 879 870 912 896 938 962 896 892 942 819 862 837 870 1071 1074 1223 1200 1208 1110 1178 961 867 872 768 742 688 808 677 846 687 746 1056 953 617 689 874 885 431 492 374 529 645 407 273 447 164
1319 617 681 623 590 1106 1052 591 565 655 558 396 646 640 660 907 837 583 530 564 622 763 729 761 779 779 839 823 883 919 816 798 846 698 769 697 699 857 897 1069 1135 1198 1080 1207 1069 1011 1081 952 1117 1290 1653 1266 1167 1451 1417 1555 1602 1073 1235 1372 1378 1074 1021 766 1010 957 652 616 609 554
877 356 480 433 468 666 612 415 310 459 376 246 413 428 436 440 567 400 348 394 638 840 793 816 806 725 792 759 855 894 801 766 831 732 823 809 866 1105 1120 1266 1216 1272 1133 1168 917 810 913 998 910 1013 1360 804 922 934 846 1090 1158 759 809 971 958 690 638 478 632 592 625 374 471 334
331 207 218 259 361 313 224 463 194 493 577 258 370 365 298 204 370 265 390 403 692 884 816 842 868 775 808 804 878 921 869 876 939 890 981 1034 1116 1403 1436 1640 1564 1593 1452 1392 979 803 816 890 692 566 628 318 548 289 247 483 496 371 280 411 352 199 280 211 291 329 426 178 327 149
540 325 241 206 469 567 521 391 345 617 692 288 535 311 414 659 598 352 454 426 605 760 837 972 1047 984 1025 1064 1152 1220 1117 1098 1125 1037 1109 1108 1204 1492 1478 1672 1623 1612 1391 1375 1075 873 1032 902 895 657 735 593 751 627 634 820 920 504 622 845 777 398 424 326 334 435 404 248 545 112
500 298 211 288 447 472 405 337 227 235 382 156 268 77 142 411 266 141 321 352 459 697 741 858 931 869 909 971 1083 1174 1082 1106 1162 1016 1076 1000 909 977 934 1086 987 987 760 753 462 342 459 370 421 325 530 381 370 415 386 425 548 234 275 387 366 218 234 85 269 128 122 93 309 138
328 245 244 497 832 527 473 894 411 710 939 394 343 392 557 471 578 348 684 354 511 579 663 786 854 776 815 855 960 1065 1039 1120 1173 1112 1223 1270 1374 1648 1703 1905 1838 1823 1584 1581 1173 887 993 1021 1188 726 882 596 908 605 689 707 894 641 577 630 588 470 589 395 661 563 489 372 484 219
322 226 160 415 606 507 379 821 355 547 824 329 304 395 402 332 417 277 606 406 592 702 712 792 873 818 846 874 957 1038 1025 1112 1176 1084 1149 1167 1162 1315 1357 1565 1519 1505 1335 1360 948 736 732 719 805 507 598 466 660 367 459 541 567 457 326 354 294 244 407 231 512 421 294 267 309 192
386 373 429 389 336 201 156 469 214 360 331 286 388 395 201 180 263 207 258 453 616 884 747 738 750 695 700 686 711 705 623 591 623 529 576 569 602 797 756 962 982 1021 928 852 593 455 473 633 420 658 687 385 212 268 284 324 345 256 148 227 160 282 349 258 566 458 364 287 318 507
256 167 234 335 407 239 135 537 163 426 583 268 251 357 205 98 219 151 321 389 601 776 719 746 799 726 752 766 835 890 836 857 913 831 907 892 881 1042 1052 1239 1236 1252 1135 1112 789 616 610 696 661 598 674 365 446 272 286 369 378 281 196 263 154 185 307 137 366 309 308 217 205 235
251 247 298 387 565 151 149 528 155 484 607 297 226 274 204 223 180 105 293 376 437 592 601 684 746 692 707 770 831 911 833 856 894 807 923 857 846 990 965 1109 1119 1131 979 910 704 519 571 642 769 630 703 382 393 363 393 264 404 222 247 298 230 288 387 186 502 378 306 267 291 340
309 280 224 284 445 163 147 664 228 725 729 323 301 555 393 207 301 324 366 410 646 748 721 773 812 756 771 774 812 849 813 822 885 866 1023 1025 1115 1330 1254 1299 1293 1287 1276 1214 1037 871 852 1027 887 780 756 460 655 284 361 468 391 342 308 377 350 212 326 280 601 613 487 311 365 343
181 439 258 433 643 232 203 850 309 745 873 421 389 491 441 337 396 318 563 507 589 691 658 695 741 680 678 711 756 817 818 906 980 974 1150 1208 1297 1526 1469 1554 1485 1456 1403 1329 1025 852 823 893 806 636 529 405 633 297 334 333 385 408 234 232 237 228 433 309 704 591 447 346 450 362
281 162 221 385 481 248 207 676 230 447 562 246 184 347 268 176 217 166 381 274 427 574 542 613 669 634 648 672 720 771 726 762 802 707 780 759 775 931 958 1167 1199 1228 1074 1032 733 516 520 638 712 541 653 372 341 250 372 308 358 249 189 199 155 237 321 207 572 439 234 223 191 337
567 487 497 551 608 302 274 642 270 382 522 425 444 459 302 200 299 272 485 734 925 1182 1028 1030 1033 994 993 985 979 973 911 915 949 789 770 725 656 813 859 1117 1061 1124 990 878 572 473 353 559 447 556 562 236 271 236 268 319 329 343 179 257 248 385 565 380 708 629 619 471 516 708
598 348 316 341 445 341 283 431 203 168 307 224 312 274 174 174 230 187 333 571 836 1110 1029 1083 1105 1061 1083 1067 1094 1092 1007 982 1014 810 748 661 551 645 632 847 764 796 638 593 340 254 220 389 267 410 513 233 257 194 257 416 381 256 163 304 282 257 381 212 499 441 444 309 437 497
753 569 539 624 597 527 422 660 403 276 382 401 427 450 296 224 318 395 514 720 1023 1365 1238 1248 1256 1170 1201 1185 1261 1282 1223 1227 1309 1144 1148 1085 931 942 888 1027 875 911 788 737 409 366 330 551 271 494 691 373 363 277 245 419 366 361 172 234 242 304 367 284 595 396 522 375 492 644
519 577 390 509 680 504 401 691 392 351 551 368 416 332 303 405 401 295 495 645 769 1009 1010 1072 1129 1055 1081 1098 1186 1239 1181 1221 1287 1137 1166 1105 994 1015 868 943 815 757 644 671 444 364 435 486 388 560 639 539 570 435 459 541 580 438 278 348 309 311 474 238 655 432 402 397 559 478
625 619 382 504 632 532 484 800 449 416 483 327 408 426 415 481 461 378 529 557 660 865 835 891 924 893 905 895 938 953 917 959 1019 880 920 888 849 914 773 843 753 714 643 664 482 401 434 536 409 609 678 601 563 458 567 623 614 502 331 360 412 387 523 373 926 687 418 429 569 595
975 893 445 782 1030 969 954 1263 778 640 776 494 545 566 794 854 771 702 1039 716 803 960 960 1063 1084 1074 1087 1090 1143 1184 1221 1365 1465 1323 1392 1413 1372 1431 1361 1422 1185 1156 1025 1033 705 640 600 665 596 481 629 677 871 631 769 829 853 813 554 499 749 587 732 657 1303 972 608 573 851 741
990 844 575 776 750 771 712 994 598 494 578 489 501 622 520 562 463 553 740 808 899 1140 1016 1031 1047 1043 1049 1053 1083 1105 1102 1192 1294 1137 1200 1130 954 878 801 858 732 753 721 713 485 512 371 465 343 546 677 607 538 512 556 583 486 552 344 283 433 474 595 493 1079 771 495 522 587 832
1395 1161 797 1204 1254 1195 1183 1704 1021 950 1050 807 687 1061 1061 927 844 979 1284 1035 1105 1227 1115 1151 1154 1198 1195 1186 1185 1207 1279 1450 1571 1423 1518 1479 1333 1252 1232 1259 1121 1152 1147 1158 921 932 685 854 867 851 1026 967 1040 861 1039 993 860 1032 750 568 861 886 1052 972 1808 1419 875 924 915 1250
1651 1388 903 1286 1289 1405 1351 1766 1137 1161 1366 1015 932 1290 1148 1140 917 1117 1445 1415 1433 1533 1384 1401 1438 1525 1508 1529 1494 1522 1599 1789 1922 1752 1841 1740 1463 1271 1273 1289 1178 1214 1282 1302 1107 1220 813 803 882 872 900 1048 1135 959 1095 1087 811 1083 850 679 960 925 1179 1052 1797 1529 950 1067 1021 1367
1096 784 551 904 921 855 862 1304 687 696 776 540 424 766 739 616 521 662 953 728 815 951 826 868 874 916 913 921 917 945 991 1132 1236 1094 1188 1142 1015 986 1037 1141 1048 1122 1064 1025 749 721 475 633 695 576 768 616 647 563 712 630 538 670 475 323 580 620 735 686 1378 1062 588 601 570 938
808 350 232 637 774 730 722 1053 431 600 733 280 123 480 588 454 399 414 739 318 404 443 423 506 535 548 577 610 666 759 801 962 1073 972 1129 1106 1048 1100 1217 1327 1246 1313 1185 1203 875 767 617 676 947 535 862 572 801 642 747 678 700 633 553 429 637 524 596 471 1022 761 371 333 287 415
697 277 368 531 483 545 526 643 243 400 404 193 188 370 353 344 333 214 387 248 258 382 280 286 293 295 321 331 367 418 385 454 520 413 530 505 500 644 760 975 1023 1118 989 1009 731 618 554 579 789 749 1043 629 557 756 769 676 779 567 543 502 570 606 634 420 856 639 300 299 167 404
843 569 444 504 459 575 601 608 332 551 343 229 345 461 473 497 466 447 422 351 414 591 478 464 427 387 417 409 470 510 491 547 662 638 871 903 976 1159 1120 1134 1033 1096 1075 1043 817 797 779 855 684 799 1047 679 741 781 673 746 796 637 581 568 758 560 516 490 908 683 467 283 398 434
821 255 304 380 418 570 589 492 249 340 232 83 178 296 376 396 393 284 326 163 306 462 417 477 467 450 495 480 535 568 509 523 583 464 560 534 581 773 827 989 965 1048 892 904 673 557 592 691 752 719 1088 621 630 737 771 828 908 572 620 674 786 588 524 423 789 638 375 238 290 342
790 161 200 389 404 641 582 565 227 365 451 133 163 345 353 312 323 256 447 271 449 570 489 531 550 547 589 593 643 700 675 743 822 690 766 734 685 818 986 1218 1195 1298 1138 1159 799 700 580 581 746 523 846 468 604 603 620 721 714 519 521 543 630 457 481 336 599 523 306 192 157 226
862 224 335 362 354 516 513 448 180 329 320 158 273 407 345 290 354 245 342 379 569 725 587 602 588 606 632 597 580 568 501 493 523 352 348 299 295 515 682 981 1021 1147 1002 984 723 626 497 604 696 700 929 459 493 609 671 787 768 540 562 664 722 599 650 470 749 764 513 351 304 470
770 269 185 318 449 426 422 538 156 356 452 153 138 369 295 232 195 218 358 438 621 737 677 741 760 773 799 800 806 836 800 840 907 740 788 679 565 622 673 790 745 807 733 727 571 534 372 480 594 516 693 359 545 423 504 601 505 387 398 454 556 369 490 303 701 660 434 303 310 411
567 183 228 230 339 273 278 298 71 206 224 74 154 190 152 189 188 86 161 289 447 635 590 653 668 646 675 672 698 717 625 602 632 471 493 410 385 544 561 747 739 793 646 623 453 344 352 468 516 573 762 358 366 425 476 535 580 304 347 470 478 371 424 230 543 486 348 223 281 335
512 146 145 165 280 277 270 298 81 221 230 31 122 168 142 212 176 84 149 209 367 541 523 605 636 616 646 650 690 718 633 618 654 509 551 475 462 605 594 751 746 783 644 637 470 350 383 459 500 513 698 373 363 382 453 516 539 256 313 425 435 283 317 169 483 421 233 144 222 237
1136 586 477 444 425 714 793 581 426 718 407 256 451 613 623 696 591 602 461 384 515 655 571 608 576 580 612 594 620 634 586 589 676 629 831 824 930 1148 1135 1163 1124 1215 1190 1151 1023 993 966 1038 910 942 1207 820 863 916 893 1023 986 722 833 894 1110 711 598 660 1002 937 595 372 515 527
1035 727 580 502 441 630 718 564 408 753 424 326 540 617 583 735 590 564 425 474 471 629 511 505 469 469 485 482 497 511 461 473 560 542 783 788 904 1128 1072 1079 1056 1132 1149 1092 993 992 968 988 833 1013 1169 846 801 964 875 915 938 711 782 818 1015 733 664 669 1057 936 586 418 548 598
652 674 478 359 214 517 468 545 426 878 690 444 735 728 484 677 566 536 443 613 659 837 684 645 676 661 655 668 679 688 640 645 720 746 961 1013 1130 1362 1282 1362 1414 1442 1502 1443 1226 1174 1117 983 681 863 728 732 594 609 526 656 542 480 473 541 550 363 394 453 638 669 366 312 418 418
870 859 673 339 217 694 621 373 569 901 664 552 1046 790 540 926 804 678 436 830 952 1218 1104 1091 1133 1094 1102 1095 1119 1098 973 877 913 893 1017 1037 1165 1430 1263 1364 1418 1411 1435 1399 1253 1203 1292 1115 669 1075 912 957 717 806 706 992 869 610 695 932 839 515 501 559 563 718 548 460 717 524
739 774 579 320 305 727 639 386 555 868 752 531 1019 652 532 966 844 608 509 773 859 1100 1037 1057 1117 1067 1079 1096 1144 1155 1036 974 1005 979 1091 1138 1279 1589 1476 1642 1664 1645 1579 1550 1297 1194 1321 1060 732 946 794 885 747 812 707 966 949 631 701 943 834 501 519 514 460 609 488 407 715 368
657 699 525 378 332 666 572 494 545 881 719 476 794 639 498 821 686 598 450 585 686 909 891 923 991 912 941 977 1085 1146 1055 1029 1108 1133 1357 1386 1495 1684 1492 1498 1493 1456 1442 1437 1232 1135 1303 1120 795 955 950 951 809 781 658 841 813 543 618 755 680 381 318 383 453 442 336 288 527 279
636 522 425 298 253 693 600 471 490 799 664 379 750 586 514 793 738 529 461 454 570 754 706 733 789 740 766 774 845 876 792 766 814 812 964 1037 1213 1520 1460 1625 1673 1675 1594 1603 1301 1143 1274 1077 852 912 921 886 766 789 736 942 939 619 675 832 755 457 418 444 483 545 327 269 458 212
833 603 455 329 319 769 726 648 578 898 607 348 707 744 708 849 871 683 483 385 548 673 643 669 687 654 687 639 692 688 625 588 645 654 829 913 1165 1492 1355 1400 1445 1427 1439 1501 1348 1210 1362 1318 1022 1211 1289 1147 1088 992 1029 1299 1224 870 912 1052 1061 648 588 641 899 922 532 422 595 373
894 784 550 422 436 951 900 725 711 1101 868 511 948 819 836 1143 1067 791 674 564 610 716 693 720 759 736 759 747 800 818 758 753 809 840 1044 1156 1423 1792 1691 1779 1823 1799 1784 1833 1611 1473 1614 1382 1152 1237 1215 1243 1202 1171 1148 1382 1369 997 1055 1201 1205 757 733 758 916 977 570 502 735 378
845 614 517 461 392 981 837 751 673 965 825 468 801 810 739 934 953 704 605 485 602 713 687 694 751 710 753 730 818 855 799 799 868 874 1047 1126 1307 1572 1486 1586 1668 1641 1630 1758 1511 1364 1503 1301 1141 1272 1374 1309 1218 1166 1152 1407 1346 981 1008 1121 1038 702 676 629 801 808 456 460 530 295
654 667 739 649 499 742 637 814 629 1148 895 629 859 932 784 744 938 761 608 533 678 833 721 646 649 534 573 548 658 705 660 656 751 871 1167 1333 1627 2028 1958 2035 2082 2095 2111 2120 1777 1597 1744 1717 1361 1504 1592 1237 1239 1143 971 1181 1229 1000 944 1013 920 749 686 703 813 773 695 511 552 399
875 823 915 761 431 917 762 860 807 1262 985 795 1072 1153 827 874 975 925 695 746 934 1154 989 901 931 836 867 852 952 987 922 887 979 1083 1353 1473 1682 1975 1897 1997 2109 2144 2190 2189 1851 1706 1801 1714 1284 1520 1575 1343 1108 1119 946 1172 1084 930 922 993 852 730 611 739 753 758 647 561 548 565
1008 808 877 731 388 1006 867 888 843 1320 1035 786 1084 1216 881 969 994 964 739 744 919 1099 932 865 905 857 881 870 938 963 902 869 951 1035 1286 1384 1579 1857 1826 1958 2121 2177 2226 2232 1920 1781 1814 1674 1338 1491 1538 1369 1097 1145 1036 1245 1097 936 991 1059 949 767 642 798 814 878 612 572 523 591
791 661 618 466 284 847 729 708 688 1137 912 594 963 960 747 916 923 784 624 599 761 919 811 790 841 800 820 808 864 879 812 777 836 892 1092 1201 1432 1769 1722 1879 2004 2024 2027 2037 1730 1564 1639 1460 1147 1238 1205 1153 977 953 902 1148 1037 807 857 983 882 601 536 652 668 785 491 435 515 386
615 714 575 443 377 819 689 755 711 1198 1049 635 1014 908 759 1005 988 759 664 630 719 851 805 806 883 826 842 851 924 960 896 882 937 1012 1229 1356 1612 1966 1857 1980 2082 2043 2041 2070 1770 1578 1721 1468 1179 1241 1114 1193 1072 973 925 1142 1094 833 855 990 851 563 565 617 653 752 467 457 604 313
644 608 473 315 290 732 647 591 585 1079 930 518 913 788 664 947 873 651 563 567 655 778 735 761 833 805 818 832 876 901 823 795 833 868 1050 1140 1372 1731 1669 1828 1936 1925 1894 1897 1633 1454 1556 1302 1093 1095 973 1026 925 881 860 1064 1013 717 808 975 873 527 527 570 583 743 427 388 555 273
768 642 495 303 264 796 715 534 590 1026 873 503 943 780 654 1001 886 652 550 613 691 826 774 803 874 866 878 887 915 926 835 793 821 821 965 1027 1226 1562 1511 1691 1811 1810 1773 1787 1554 1403 1486 1207 1024 1083 968 1042 896 927 917 1135 1063 732 853 1044 950 578 579 599 607 791 437 416 586 322
689 467 373 227 254 765 664 495 512 903 847 419 832 676 595 887 835 549 525 532 664 780 751 801 880 870 890 892 921 935 842 802 817 780 865 922 1107 1461 1467 1715 1834 1836 1741 1776 1494 1305 1384 1121 1025 984 906 936 873 849 884 1135 1075 708 822 1037 914 537 570 532 510 731 410 372 525 218
649 355 295 229 263 740 614 485 458 784 801 364 692 584 512 737 706 485 515 475 671 805 786 850 933 906 938 949 1008 1045 963 942 975 922 1002 1039 1158 1448 1479 1723 1795 1806 1678 1711 1371 1183 1245 1020 948 811 823 797 797 713 733 994 929 602 697 888 773 418 437 407 366 545 332 272 414 129
616 340 262 237 251 629 544 408 348 633 617 264 535 429 393 622 541 382 429 381 522 684 647 701 762 729 759 787 856 910 839 845 902 854 979 1007 1090 1335 1363 1563 1575 1608 1476 1472 1128 985 1029 841 769 640 720 631 631 623 582 761 757 473 547 682 650 346 333 316 346 411 238 156 317 103
675 457 385 334 278 651 557 384 368 604 573 324 603 439 367 625 534 407 438 487 606 827 748 770 817 766 796 829 909 966 890 897 967 922 1063 1088 1134 1349 1363 1551 1531 1576 1451 1424 1059 959 994 807 662 640 729 620 575 644 521 693 710 466 508 632 605 364 337 321 331 345 269 174 348 178
767 502 469 405 303 732 634 414 454 528 451 328 632 437 389 654 585 462 463 472 635 912 829 857 894 834 869 886 978 1020 931 915 978 910 1013 1039 1086 1290 1287 1498 1468 1517 1356 1333 949 834 927 798 587 646 816 674 519 658 557 738 770 490 513 642 617 415 328 360 391 347 277 192 388 270
921 717 687 540 360 791 707 426 533 668 516 482 820 588 464 763 671 591 512 674 808 1125 992 978 998 928 958 978 1064 1100 1000 968 1042 999 1142 1166 1209 1415 1388 1564 1529 1593 1478 1419 1063 1001 1072 941 632 820 951 777 583 796 603 788 815 573 606 741 722 536 431 483 471 434 436 312 519 440
1097 646 705 623 457 1001 900 535 641 516 454 470 835 559 541 810 785 624 671 669 887 1228 1087 1106 1121 1076 1111 1102 1169 1175 1069 1029 1066 926 921 945 969 1204 1304 1667 1640 1744 1492 1451 972 848 908 819 612 706 947 741 506 796 719 931 981 677 674 833 820 677 567 597 578 549 491 383 577 548
1210 729 769 747 540 1136 1052 744 734 694 605 553 912 723 726 930 932 742 837 707 864 1142 951 933 928 913 938 917 953 950 884 886 933 823 855 930 1009 1305 1482 1879 1879 2011 1790 1753 1227 1104 1077 964 812 841 1064 859 672 971 903 1086 1134 888 837 936 985 854 774 796 844 809 601 496 617 643
1160 805 781 780 517 1093 1002 789 736 802 655 578 877 785 717 920 865 769 797 693 792 1053 865 824 825 798 823 822 884 910 864 895 982 936 1078 1151 1214 1434 1523 1777 1769 1877 1754 1727 1267 1193 1164 1026 825 909 1122 951 748 1004 872 1010 1025 851 799 830 899 775 675 733 850 736 518 450 538 604
839 555 523 401 285 719 680 417 466 598 471 355 711 499 434 780 628 459 461 506 567 810 702 732 769 767 779 796 823 831 728 696 721 631 702 713 792 1042 1080 1361 1427 1501 1343 1299 987 863 910 743 640 723 800 713 425 728 699 776 814 509 591 724 714 549 487 495 582 589 303 291 436 426
752 504 548 449 320 805 688 552 577 636 605 443 803 590 490 788 737 498 555 544 671 916 819 852 918 907 921 922 957 957 849 803 804 697 696 727 820 1087 1142 1513 1636 1686 1491 1494 1109 906 994 819 726 802 854 821 467 716 762 879 892 576 607 760 633 556 527 507 555 593 299 362 444 436
1141 690 798 654 430 986 887 515 671 555 418 509 880 632 548 808 790 670 622 692 935 1302 1150 1160 1170 1117 1154 1137 1207 1204 1080 1007 1041 912 917 927 959 1182 1240 1573 1573 1678 1454 1410 985 864 957 911 637 836 1090 832 508 833 749 963 990 674 700 870 831 708 555 622 598 568 527 419 592 626
