53987 42485 38584 38598 38817 39001 36386 36321 34955 35065 33832 33970 34056 33712 33960 34544 35223 35820 36495 36902 37425 38073 38718 39450 40092 40601 40911 41357 41911 42529 43203 43862 44522 44837 44600 44517 44520 44210 44289 44308 44342 44205 43748 43777 43834 43830 43513 42186 42128 42274 42492 42747 42961 43411 43541 43706 43724 43728 43643 43654 44083 44289 44301 44363 44509 44631 44859 45028 45246 45340
53571 42032 38232 38476 38672 38797 36009 35968 34700 34844 33566 33737 33879 33521 33794 34516 35151 35840 36231 36748 37420 38107 38790 39570 40268 40323 40568 41266 41923 42669 43195 43823 44337 44637 44199 44062 44130 43983 43987 44009 44104 43930 43357 43415 43560 43403 43243 42008 42019 42247 42353 42466 42904 43336 43203 43453 43348 43387 43379 43593 43931 44100 44065 44229 44353 44492 44732 45099 45367 45445
53161 41622 38000 38246 38355 38386 35589 35494 34343 34516 33276 33505 33589 33252 33570 34221 34896 35271 35823 36532 37291 38038 38779 39610 39773 39942 40458 41388 42133 42329 42908 43446 43974 43972 43620 43537 43647 43580 43659 43619 43625 43521 43030 43075 43211 43081 42842 41812 41748 42041 42086 42411 42967 42914 42860 43139 43107 43123 43225 43382 43705 43923 43856 44091 44258 44390 44815 45198 45313 45416
52718 41126 37708 37872 38052 37840 35094 35000 33908 34068 32927 33144 33254 32913 33156 33827 34236 34812 35548 36342 37140 37916 38677 38972 39316 39691 40394 41320 41485 41936 42422 42951 43654 43204 42974 43028 43122 43213 43485 43129 43068 43037 42626 42613 42737 42871 42364 41554 41457 41697 41918 42389 42441 42460 42447 43034 42853 42911 43002 43070 43438 43576 43724 43930 44072 44501 44863 44956 45210 45275
52168 40467 37266 37613 37716 37304 34532 34434 33499 33572 32529 32829 32779 32681 32936 33411 34032 34763 35688 36573 37394 38024 38138 38597 39100 39726 40407 40679 41088 41469 41935 42620 42778 42453 42360 42446 42798 42947 42969 42579 42555 42770 42176 42090 42266 42302 41962 41212 41267 41569 41835 41805 41845 41957 42340 42522 42447 42624 42638 42692 42999 43350 43541 43605 44153 44312 44472 44845 45130 45211
51413 39726 36790 37151 37390 36743 34076 34238 33077 33119 32172 32428 32404 32350 32557 33215 33854 34667 35568 36397 37068 37290 37729 38309 38988 39650 39949 40495 40789 41140 41786 41930 41933 41752 41706 42026 42435 42571 42505 42109 42283 42285 41733 41731 41835 41728 41806 40953 41143 41416 41402 41582 41488 41944 42081 42407 42193 42317 42414 42504 42876 43123 43193 43630 43977 43892 44257 44585 44936 44939
50719 39210 36395 36694 36880 36190 33645 33645 32577 32637 31827 31926 32138 31946 32212 32887 33616 34432 35334 36037 36363 36917 37486 38167 38872 39135 39591 39963 40093 40605 40811 40981 40993 40998 41332 41668 42193 42036 41885 41642 41789 41787 41400 41294 41379 41248 41245 40642 40781 40973 41161 41081 41459 41600 41663 41818 41822 41989 42006 42310 42609 42895 43165 43631 43583 43821 44163 44611 44719 44921
50203 38756 36130 36352 36593 35743 33225 33256 32177 32114 31469 31806 31958 31553 31917 32651 33352 34162 34909 35283 35937 36651 37344 38131 38522 38980 39302 39627 40013 40106 40223 40200 40333 40688 41097 41506 41878 41533 41585 41292 41346 41484 41033 40949 41007 41000 40916 40508 40423 40753 40863 41051 41207 41378 41370 41616 41701 41770 41965 42170 42560 42900 43092 43265 43562 43787 44117 44346 44668 44796
49805 38438 35918 36272 36401 35380 33026 33186 31906 31829 31357 31647 31760 31339 31773 32495 33329 34109 34537 35206 36072 36928 37389 37781 38319 38578 38801 39268 39472 39381 39442 39619 40090 40540 40924 41354 41531 41185 41212 41010 41236 41207 40667 40665 40660 40565 40913 40244 40377 40580 40593 40874 41086 41066 41142 41759 41501 41667 41947 42346 42582 43011 43226 43597 43959 44035 44418 44607 44727 44732
49221 38070 35628 35694 36180 34728 32627 32737 31278 31262 30955 31133 31281 30766 31094 31866 32636 33065 33818 34736 35652 36180 36496 37050 37415 37608 37995 38462 38366 38261 38588 39251 39836 40246 40785 40961 41056 40670 40764 40573 40747 40697 40258 40244 40165 40157 40299 39841 39810 40092 40277 40673 40766 40716 41014 41596 41262 41454 41840 41999 42374 42862 43033 43504 43654 43972 44200 44237 44456 44518
48645 37483 35027 35337 35520 33826 31859 31859 30362 30495 30167 30426 30452 30153 30586 31289 31862 32683 33612 34535 35036 35335 35755 36122 36397 36631 36837 37005 36962 37226 38003 38668 39175 39708 40004 40218 40221 39924 39878 39801 40018 40243 39459 39414 39495 39425 39255 39177 39156 39514 39794 40072 40086 40305 40567 40727 40791 40973 41152 41374 41912 42269 42473 42855 43170 43449 43682 43810 44165 44119
48236 36995 34743 35136 35186 33212 31340 31338 29858 29988 29704 29951 29976 29866 30190 30823 31713 32709 33750 34140 34426 34886 35180 35540 35866 36006 36013 36148 36423 37034 37634 38082 38751 39086 39347 39444 39521 39315 39248 39436 39740 39750 38950 38935 39113 38863 38722 38831 38907 39314 39528 39530 39864 40148 40122 40548 40641 40704 40919 41173 41633 42008 42266 42563 42944 43096 43272 43664 44014 43922
47582 36437 34436 34727 34812 32774 30983 31180 29557 29640 29450 29671 29695 29553 29848 30847 31827 32677 33120 33440 33984 34402 34761 35180 35404 35419 35530 35909 36360 36815 37209 37874 38384 38723 38944 38800 38921 38834 39061 39327 39586 39329 38656 38648 38829 38468 38777 38608 38868 39224 39198 39444 39738 39788 40094 40432 40388 40858 41353 41682 42194 42521 42576 42941 42845 42840 43163 43596 43688 43707
47119 35987 34185 34209 34557 32177 30409 30563 28909 28978 29107 29111 29020 28968 29446 30402 31191 31634 32012 32605 33138 33605 34020 34350 34591 34665 34872 35463 35811 36118 36704 37294 37841 38116 38119 38106 38146 38438 38779 38800 39024 38628 38080 38136 38283 38048 38203 38282 38319 38636 38842 38974 39227 39723 39591 40074 40504 40936 40965 41393 41926 42300 42238 42499 42440 42645 42980 43229 43395 43487
46776 35729 33966 34337 34479 31940 30100 30119 28602 28863 28827 28812 28605 28748 29299 30164 30607 31000 31645 32185 32727 33198 33470 33794 34049 34251 34620 35090 35379 35937 36565 37134 37573 37664 37680 37677 38166 38489 38548 38581 38722 38315 37683 37887 38355 37740 38106 38044 38189 38723 38547 38596 39321 39243 39467 40266 40624 40634 41003 41444 41996 42099 42072 42213 42405 42676 42920 43315 43369 43539
45897 35044 33530 33827 33792 31388 29526 29367 28143 28292 28282 28551 28157 28317 28738 29389 29664 30288 30931 31506 32131 32572 32930 33350 33664 34018 34303 34655 34877 35348 35803 36176 36482 36658 36820 37115 37674 37851 38078 37986 38134 37714 37393 37651 37731 37483 37833 37619 37891 38165 38090 38463 38732 38957 39443 40059 40233 40617 40877 41087 41483 41579 41592 41845 42224 42324 42622 42791 43059 43275
44939 34418 33005 33037 33192 30917 29112 28823 27775 27866 28005 28145 27764 27808 28118 28570 29100 29677 30362 31010 31580 32067 32469 32862 33261 33541 33758 34061 34270 34621 35084 35450 35839 36166 36512 36940 37354 37558 37764 37554 37557 37304 37208 37212 37188 37556 37297 37396 37590 37723 37992 38136 38439 38996 39300 39601 40136 40530 40716 40878 41043 41230 41462 41787 41991 42146 42349 42650 42893 43108
44362 34023 32560 32813 32733 30550 28755 28598 27603 27786 27732 27946 27562 27616 27994 28537 29076 29709 30414 30990 31517 31951 32274 32643 32953 33231 33493 33884 34255 34870 35667 36411 37225 37918 38513 39121 39622 38345 37904 37346 37380 37147 36842 36989 37109 37100 37248 37447 37696 38033 38291 38591 38992 39459 39506 39897 40379 40683 40715 40916 41306 41603 41830 42019 42289 42419 42604 42643 42828 43087
43662 33518 32146 32220 32648 30161 28420 28265 27412 27608 27503 27496 27368 27471 27776 28439 29018 29669 30321 30883 31402 31804 32136 32488 32782 33006 33270 33722 34141 34759 35543 36359 37244 38019 38756 38955 39080 37951 37481 37003 37060 36880 36647 36717 36755 36954 37314 37513 37774 38217 38467 38726 39133 39127 39364 39894 40365 40509 40713 41045 41470 41605 41867 42220 42240 42301 42351 42549 42862 43208
43098 33120 31796 32191 32307 29826 28045 27820 27234 27347 27264 27480 27210 27329 27966 28606 29365 29974 30965 31720 32330 32950 33408 33844 34353 34894 35390 35803 36163 36786 37690 38491 39174 38689 38424 38301 38407 37424 37020 36668 36661 36606 36346 36387 36703 37078 37405 37600 37966 38449 38534 38571 38679 39031 39355 39838 40243 40492 40687 40972 41414 41741 42017 42056 42319 42139 42221 42573 42848 43033
42231 32599 31406 31690 31688 29259 27671 27394 26988 27071 27022 27043 26975 27287 27720 28527 29003 29944 30821 31520 32258 32808 33229 33753 34287 34833 35259 35637 36030 36749 37593 38367 38319 37947 37698 37629 37789 36841 36513 36283 36405 36265 36168 36346 36696 37011 37287 37552 37963 38287 38268 38295 38754 39079 39408 39820 40390 40812 40925 41148 41486 41672 41773 41986 42196 41966 42099 42293 42575 42865
41267 32031 30939 31037 31185 28916 27380 26979 26748 26885 26727 26774 26803 26960 27575 28223 28935 29692 30525 31292 32003 32615 33187 33822 34410 34949 35494 36180 36750 37326 37842 37557 37496 37156 36927 36869 37044 36205 36008 35982 35991 35926 36070 36397 36723 36961 37322 37497 37789 37933 38045 38289 38676 39063 39369 39886 40367 40656 40811 41045 41383 41402 41540 41835 41783 41709 41740 42060 42382 42709
40473 31531 30459 30566 30561 28465 26963 26558 26613 26536 26402 26592 26616 26941 27408 28170 28872 29663 30517 31289 32010 32670 33258 33899 34526 35133 35684 36220 36626 37054 37579 36853 36794 36627 36489 36543 36585 35893 35709 35670 35721 35944 36350 36632 36886 37256 37406 37578 37621 37863 38173 38215 38616 39171 39502 39789 40388 40699 40864 40955 41093 41224 41531 41558 41602 41539 41751 42029 42337 42665
39718 31026 29941 30100 30018 28081 26651 26416 26465 26234 26149 26431 26512 26651 27414 28256 29185 30120 31062 31925 32720 33476 34196 35007 35695 35881 36221 36577 36717 37010 37314 36378 36232 36054 35904 35931 36021 35455 35410 35439 35692 35878 36244 36599 36821 37179 37412 37341 37566 37763 37990 38241 38627 39126 39451 39825 40305 40613 40816 40919 41052 41259 41285 41302 41316 41431 41651 41878 42142 42455
39218 30764 29642 29760 29634 27760 26430 26296 26380 25967 25986 26261 26281 26570 27272 28342 29263 30181 31142 32053 32934 33809 34440 34899 35159 35554 35849 36173 36524 36698 37051 35900 35738 35616 35496 35664 35635 35208 35269 35545 35691 35922 36295 36643 36976 37297 37109 37494 37494 37661 38029 38444 38967 39669 40133 40220 40594 40845 40827 40979 41093 41224 41156 41137 41572 41859 42278 42670 42907 43085
38454 30233 29104 29241 29197 27378 26095 26192 26172 25677 25660 25911 26152 26345 27338 28571 29555 30581 31642 32602 33280 33590 33946 34228 34658 35067 35366 35873 36126 36398 36443 35404 35198 35162 35120 35222 35192 34976 35339 35439 35675 35846 36174 36656 36639 36826 37098 37229 37618 37880 38263 38608 39130 39673 39802 39880 40271 40511 40840 40840 40812 40851 40913 41174 41543 41818 42244 42520 42729 43043
37818 29929 28701 28740 28785 27156 25849 25918 26029 25322 25446 25775 25841 26422 27537 28791 29899 31052 32025 32343 32725 33195 33434 33856 34290 34718 35113 35475 35703 35643 35563 34683 34476 34494 34538 34566 34586 34885 35207 35216 35579 35766 36116 36315 36360 36608 36824 37206 37471 37821 38210 38523 39004 39451 39290 39481 39890 40418 40796 40498 40468 40700 40774 41233 41553 41833 42174 42552 42891 43290
37061 29636 28245 28202 28296 26828 25582 25761 25749 25040 25304 25452 26018 26619 27787 28932 29887 30807 31234 31667 32202 32528 32881 33267 33702 34290 34630 35105 35016 34946 34827 34196 34027 34077 34076 34148 34697 34994 35046 35248 35692 35817 35869 36171 36185 36309 36951 37010 37657 38042 38246 38631 38962 38889 39013 39125 39836 40537 40813 40193 40295 40454 40724 41163 41628 42046 42602 43204 43563 43968
35871 29060 27603 27444 27539 26362 25210 25227 25324 24636 24877 25361 25593 26050 26986 28131 28899 29256 29836 30387 30814 31320 31665 32138 32785 33425 33994 34215 34032 33951 34070 33591 33451 33499 33582 34096 34468 34619 34954 35161 35487 35403 35671 35807 35844 36224 36402 36889 37406 37695 38073 38197 38324 38682 38539 38951 39731 40243 40432 39686 39713 40068 40325 40852 41443 41916 42423 42788 43288 43573
34779 28494 26839 26743 26884 25914 24890 24952 25083 24400 24782 25112 25340 25787 26907 27779 28080 28591 29250 29684 30224 30607 30963 31551 32157 32905 33384 33179 33104 33288 33615 33178 33102 33194 33656 34024 34325 34587 34912 35146 35205 35188 35305 35742 35580 35862 36489 37101 37398 37633 37684 37838 38081 38053 38441 38805 39455 39961 39910 39366 39527 39775 40679 41291 41831 42045 42326 42704 43005 43648
32986 27500 25643 25551 25829 25046 24273 24403 24463 23902 24220 24664 24585 25070 25994 26420 26814 27400 28004 28562 29011 29427 29895 30455 31109 31829 31940 31763 31971 32426 32691 32447 32441 32932 33264 33567 33912 34249 34702 34589 34735 34721 35076 35180 35068 35553 36253 36442 36969 37002 37031 37495 37312 37730 38016 38157 38937 39518 39117 38791 38815 39608 40386 40778 41193 41496 41946 41836 42557 42861
30930 26323 24181 24131 24404 24000 23594 23606 23518 23295 23600 23714 23624 24075 24599 25034 25476 25990 26750 27188 27687 28209 28637 29180 29766 30100 30041 30243 30696 31113 31470 31685 32054 32383 32613 32944 33383 33783 33887 33871 34057 34241 34325 34357 34529 35059 35445 35765 36084 36106 36374 36527 36845 37121 37065 37471 38403 38208 38018 38005 38519 39184 39804 40027 40491 40981 40960 41222 41565 41704
29474 25512 23246 23336 23421 23314 23128 23402 23069 22991 23106 23134 23210 23235 23702 24175 24584 25286 25864 26385 26975 27428 27848 28429 28727 28820 29113 29646 30109 30590 31173 31588 31890 32153 32475 32857 33342 33515 33491 33691 33965 34026 33942 34186 34595 34814 35243 35450 35679 35976 35972 36303 36644 36632 36919 37491 37641 37526 37654 37964 38599 38984 39395 39764 40398 40421 40595 40627 40932 40874
28325 24818 22642 22599 22831 22747 22867 22879 22701 22632 22685 22863 22873 22644 22900 23407 24027 24606 25257 25846 26392 26876 27380 27780 27886 28189 28658 29148 29498 30120 30708 31018 31381 31819 32326 32683 32989 33015 33284 33544 33747 33822 34085 34415 34623 34670 35072 35212 35441 35742 35793 36114 36448 36708 36894 37104 37176 37305 37623 37829 38344 38710 39232 39754 39923 40158 40107 40155 40403 40345
27642 24312 22135 22222 22290 22503 22479 22482 22384 22276 22451 22652 22645 22364 22734 23374 23966 24678 25242 25780 26294 26815 27117 27260 27573 27961 28296 28778 29379 29943 30365 30689 31192 31729 32154 32438 32649 32898 33204 33389 33652 33890 34273 34322 34402 34884 35023 35237 35407 35555 35818 36151 36464 36659 36637 36758 37006 37400 37543 37790 38283 38716 39209 39474 39796 39755 39863 39956 40342 40063
26998 23846 21773 21867 22095 22355 22183 22123 22044 22079 22260 22321 22368 22059 22503 23125 23769 24288 24865 25367 25902 26274 26360 26699 27111 27553 28091 28858 29451 29830 30224 30687 31220 31558 31810 32059 32473 32816 33126 33445 33772 34007 34119 34179 34461 34716 34929 35131 35234 35631 35860 36176 36579 36464 36523 36897 37114 37200 37456 37736 38241 38656 38813 39180 39287 39429 39392 39733 39825 39881
26524 23489 21503 21666 21845 22051 21787 21707 21700 21862 21871 22044 22023 21767 22131 22745 23305 23923 24461 25035 25415 25503 25735 26219 26763 27285 27924 28707 29179 29556 30071 30568 30998 31270 31628 32090 32587 32886 33270 33522 33820 33836 33914 34176 34441 34484 34871 34998 35246 35667 35843 36259 36256 36340 36497 36934 37019 37223 37433 37657 38170 38358 38623 38854 39123 39067 39338 39337 39664 39775
25787 22930 21074 21211 21504 21649 21428 21313 21467 21631 21526 21756 21683 21402 21751 22298 22922 23469 24103 24486 24609 24862 25242 25878 26466 27000 27664 28261 28625 29125 29736 30204 30631 31085 31656 32079 32509 32891 33133 33418 33547 33696 33933 34026 34221 34421 34765 34965 35217 35592 35794 35909 36148 36235 36388 36776 36982 37131 37401 37565 37825 38149 38463 38649 38672 38925 39003 39124 39509 39809
25209 22491 20685 20905 21044 21106 21048 21088 21231 21227 21206 21450 21401 21062 21500 22011 22582 23232 23667 23842 24104 24480 24996 25621 26212 26780 27305 27873 28468 29000 29577 30000 30508 31067 31589 32028 32488 32821 33066 33193 33433 33570 33743 33910 34133 34353 34789 34991 35162 35454 35589 35909 36006 36145 36364 36791 37082 37180 37371 37440 37777 38031 38241 38307 38610 38715 38840 38967 39447 39587
24530 22164 20375 20496 20651 20874 20881 21008 20996 21095 21052 21203 21351 20694 21070 21635 22256 22731 23032 23346 23778 24321 24847 25460 26040 26536 27064 27725 28227 28699 29303 29851 30435 30966 31505 31953 32386 32702 32950 33138 33393 33537 33808 34045 34224 34414 34734 34876 35017 35345 35561 35747 36052 36297 36474 36813 37045 37134 37288 37451 37732 37913 38092 38371 38520 38630 38754 38927 39195 39399
24221 21996 20220 20341 20539 20652 20805 20835 20824 20974 20891 21190 21392 20498 20880 21488 21980 22321 22702 23197 23862 24478 25079 25772 26438 27010 27598 28327 28899 29449 30094 30650 31173 31521 31956 32298 32643 32888 33110 33279 33533 33665 33869 34090 34260 34431 34791 34925 35095 35416 35584 35789 36092 36326 36488 36864 37100 37212 37356 37545 37847 38068 38228 38510 38637 38725 38821 38983 39217 39378
23888 21847 20074 20196 20314 20648 20576 20642 20782 20722 21038 21292 21281 20285 20662 21132 21487 21899 22465 23320 24170 25146 25983 26849 27564 27983 28197 28576 29014 29560 30142 30635 31075 31535 32183 32760 33328 33880 34361 34814 35241 35680 36165 36451 36824 37396 38002 38454 38882 39441 39763 40290 40639 40809 41055 41486 41646 42015 42469 43002 43726 44383 45087 45900 46558 47109 47580 48259 49118 49486
23190 21318 19662 19661 19876 20159 20053 20185 20295 20530 20714 20707 20861 19799 20045 20225 20610 21187 22085 22981 23965 24801 25565 26302 26812 27079 27508 28075 28774 29417 30005 30501 30974 31529 32242 32935 33547 34086 34460 34842 35253 35640 36261 36584 36884 37493 38011 38405 38851 39379 39798 40236 40585 40852 41103 41456 41721 42195 42696 43257 43886 44414 45096 45992 46627 47176 47644 48293 49061 49467
22550 20831 19217 19262 19534 19593 19649 19737 20172 20358 20237 20372 20610 19364 19400 19644 20152 21018 21952 22952 23804 24602 25269 25754 26072 26580 27221 28017 28865 29678 30467 31085 31450 31820 32294 32876 33508 33956 34477 34901 35430 35908 36522 36992 37422 38182 38718 39046 39632 40134 40626 41137 41412 41965 42413 42983 43462 44228 44789 45387 45869 46399 46945 47699 48217 48683 49157 49732 50324 50718
21656 20174 18544 18622 18921 19151 19129 19533 19947 20018 19773 20018 20232 18828 18907 19254 19987 20760 21805 22670 23538 24269 24709 24929 25457 26159 27055 27991 28794 29641 30456 31040 31506 31979 32589 33257 33856 34410 34988 35421 36204 36928 37830 38477 38898 39849 40416 40711 40933 41656 42255 42811 43102 44003 44709 45287 45203 45604 46316 46908 47294 47869 48387 49314 49870 50386 50996 51683 52232 52637
20995 19581 17898 18005 18312 18400 18732 19042 19479 19320 19146 19300 19551 18139 18212 18726 19448 20367 21239 22154 22922 23402 23561 23964 24774 25728 26696 27693 28658 29484 30233 30963 31542 32025 32531 33176 33863 34311 34828 35406 36181 36850 37680 38261 38809 39606 40317 40169 40906 41461 42085 42593 43226 44082 44467 44662 44628 45518 46042 46721 47171 47882 48363 49369 49818 50411 51093 51772 52223 52514
20383 18981 17319 17424 17655 18013 18179 18552 18559 18544 18500 18614 18849 17404 17536 18105 18942 19687 20613 21403 21956 22212 22597 23350 24464 25464 26435 27585 28438 29197 30008 30814 31403 31826 32403 33067 33675 34119 34798 35283 36032 36713 37436 38080 38702 39497 39665 40124 40591 41263 41858 42599 43196 43753 43768 44090 44548 45237 45795 46486 47199 47879 48382 49257 49850 50416 51048 51722 52139 52339
19673 18349 16736 16871 17313 17489 17653 17801 17892 18003 17889 18003 18221 16831 16973 17753 18444 19270 20077 20643 20966 21412 22130 23202 24316 25341 26419 27378 28104 28931 29824 30622 31220 31780 32352 32946 33588 34081 34691 35274 36041 36711 37368 38031 38592 38906 39588 39913 40571 41289 41883 42535 42940 43118 43224 43943 44324 45093 45628 46401 47117 47871 48389 49290 49854 50409 51013 51660 52057 52095
18984 17714 16178 16458 16738 17214 16948 17095 17296 17499 17246 17408 17416 16237 16607 17181 17959 18654 19229 19573 20085 20871 21901 23000 24160 25241 26122 27038 27859 28783 29658 30463 31214 31848 32534 33181 33794 34348 35000 35584 36317 36935 37489 37933 38177 38849 39494 40058 40797 41548 42139 42383 42417 42649 43115 43866 44312 44993 45620 46364 47121 47985 48484 49466 50111 50522 51000 51571 51928 51825
18215 17156 15664 15872 16329 16419 16245 16491 16919 16798 16525 16585 16882 15602 15816 16494 17165 17662 18041 18624 19446 20535 21568 22670 23816 24789 25700 26739 27691 28566 29508 30521 31328 32128 32998 33828 34696 35203 35614 35936 36427 36986 37358 37631 38109 38642 39661 40278 40855 41585 41759 41924 42072 42585 43269 44228 44760 45303 45992 46787 47180 47848 48574 49413 49933 50413 50844 51284 51471 51593
17339 16437 15007 15251 15592 15474 15421 15863 15998 15924 15658 15858 15939 14750 15010 15556 15965 16227 16843 17691 18856 20001 21083 22182 23261 24238 25274 26411 27258 28256 29379 30427 31460 32314 33133 33950 34432 34773 35213 35435 36134 36554 36870 37351 37800 38663 39640 39908 40564 40952 41118 41417 41875 42651 43300 44237 44366 45125 45760 46218 46856 47800 48142 49091 49628 50043 50384 50711 51174 51130
16412 15670 14269 14590 14520 14592 14825 15131 15028 15046 14801 14965 15001 14033 14141 14522 14795 15315 16187 17367 18554 19703 20736 21762 22778 23797 24810 25852 26783 27896 29110 30399 31637 32693 33308 33644 34139 34333 34663 35152 35797 36240 36539 37005 37831 38619 39257 39715 40067 40390 40553 41248 41886 42527 43153 43708 44200 44917 45311 45891 46738 47414 48037 48791 49279 49584 49992 50575 50846 50783
15410 14639 13486 13640 13670 13928 14162 14262 14205 14172 13979 14234 14298 13546 13526 13858 14303 15026 16296 17514 18828 20129 21412 22760 24163 25465 26470 27574 28533 29496 30427 31232 31904 32260 32505 32993 33501 33704 34292 34942 35434 35861 36293 36984 37615 38601 39097 39383 39646 39871 40522 41238 41745 42430 42876 43621 44056 44590 45064 45700 46466 47204 47761 48305 48759 49071 49597 50087 50399 50437
14161 13380 12360 12464 12734 13025 13107 13171 13216 13191 12999 13255 13311 12893 12866 13227 13931 15028 16200 17637 19077 20498 21898 23024 24070 25042 26103 27208 28126 29049 29930 30800 31422 31688 31989 32506 32990 33292 33923 34478 34935 35415 36030 36602 37264 38244 38638 38805 39129 39727 40255 41024 41327 41932 42540 43197 43415 44154 44719 45370 46064 46798 47225 47737 48128 48602 49073 49556 49925 49920
12803 12079 11148 11326 11678 11902 11930 12064 12220 12172 11966 12175 12247 12122 12179 12681 13768 14777 16183 17739 19232 20457 21486 22459 23454 24441 25505 26585 27515 28450 29475 30380 30928 31239 31622 32078 32585 32927 33411 33924 34452 35137 35633 36219 36925 37640 38047 38190 38893 39437 39958 40633 40861 41588 42016 42557 42972 43756 44325 44925 45585 46179 46599 47110 47628 48110 48560 48976 49307 49384
11713 11088 10243 10458 10786 10947 10982 11192 11276 11296 11101 11233 11381 11382 11525 12425 13380 14629 16223 17707 18988 20054 20966 21901 22962 24003 25058 26174 27090 28160 29199 30033 30585 30961 31352 31800 32301 32594 33078 33524 34280 34868 35407 36058 36611 37134 37593 38022 38606 39220 39770 40266 40703 41240 41527 42325 42761 43514 43989 44648 45167 45801 46059 46827 47347 47776 48116 48548 48904 49149
10657 10166 9393 9581 9949 10307 10042 10236 10358 10400 10228 10355 10574 10670 11145 12006 13152 14570 16077 17378 18544 19564 20492 21491 22607 23678 24748 25815 26744 27794 28730 29566 30160 30545 30947 31358 31858 32165 32695 33237 33960 34624 35183 35715 36155 36620 37403 37648 38268 38963 39409 40007 40301 40692 41217 42033 42435 43120 43608 44199 44811 45322 45693 46555 47022 47294 47661 48234 48677 48941
9759 9382 8684 8822 9351 9647 9192 9374 9545 9544 9477 9634 9914 10350 10812 11776 13097 14465 15798 17000 18121 19135 20113 21181 22367 23419 24443 25528 26496 27453 28385 29259 29837 30202 30628 31017 31469 31900 32497 33004 33782 34429 34957 35353 35794 36479 37133 37395 38021 38672 39235 39697 39914 40516 41024 41891 42226 42835 43237 43939 44467 45040 45504 46375 46651 46986 47455 48022 48488 48740
8920 8654 7976 8202 8670 8674 8346 8513 8680 8720 8727 8928 9557 9974 10562 11653 12952 14164 15394 16556 17656 18697 19721 20840 22019 23008 24042 25196 26140 27110 28123 29006 29540 29908 30321 30691 31229 31720 32275 32807 33588 34134 34557 35005 35641 36150 36871 37133 37705 38454 38895 39330 39727 40309 40859 41687 41926 42417 42959 43632 44180 44856 45299 46024 46335 46795 47294 47843 48278 48588
8142 7975 7357 7571 7733 7761 7547 7704 7835 8023 8028 8635 9212 9690 10367 11469 12629 13761 14961 16110 17245 18340 19414 20565 21696 22653 23706 24859 25782 26787 27783 28605 29184 29588 30033 30475 31065 31538 32093 32612 33317 33842 34252 34847 35458 35910 36663 36869 37472 38148 38569 39152 39585 40172 40642 41462 41643 42220 42744 43375 44032 44738 45071 45777 46215 46677 47200 47701 48170 48457
7355 7280 6776 6734 6890 6891 6812 6974 7206 7402 7780 8361 9007 9516 10163 11183 12281 13403 14591 15764 16948 18083 19179 20327 21433 22393 23416 24523 25467 26449 27368 28206 28880 29385 29882 30372 30965 31416 31932 32432 33087 33658 34166 34670 35272 35797 36430 36741 37266 37932 38392 38994 39492 39998 40447 41205 41521 42098 42601 43224 43931 44569 45004 45686 46146 46598 47107 47635 48105 48342
6701 6696 6319 6126 6245 6252 6266 6545 6813 7299 7752 8349 8999 9476 10083 11073 12145 13264 14468 15664 16875 18032 19129 20275 21386 22353 23360 24449 25403 26349 27257 28107 28820 29357 29871 30439 31061 31491 32007 32493 33109 33671 34284 34829 35428 36067 36613 36932 37402 37983 38468 39081 39589 40166 40639 41340 41698 42370 42912 43528 44210 44825 45270 45962 46465 46965 47541 48096 48548 48759
6076 6095 5820 5551 5675 5721 5890 6172 6749 7280 7834 8510 9244 9751 10471 11573 12762 13916 15105 16330 17577 18817 20055 21375 22656 23765 24876 26092 27095 27981 28788 29521 30135 30545 30912 31363 31822 32127 32557 33044 33627 34177 34830 35454 36050 36763 37328 37690 38152 38651 39140 39762 40349 41050 41552 42246 42700 43435 43977 44591 45275 45964 46430 47168 47693 48226 48822 49417 49846 50045
5471 5565 5282 5005 5105 5261 5492 6097 6700 7264 7891 8640 9452 9986 10640 11629 12732 13842 15048 16293 17557 18816 20057 21372 22675 23818 24958 26155 27167 28032 28821 29557 30195 30681 31183 31654 32007 32173 32639 33097 33676 34333 35202 35758 36418 37215 37618 38036 38498 38792 39407 40123 40740 41556 42154 42561 43024 43869 44372 45098 45821 46363 46943 47802 48449 49108 49766 50488 50823 50913
4821 4845 4629 4395 4571 4779 5366 5949 6632 7400 8071 8836 9692 10136 10904 12025 13206 14290 15448 16818 18186 19533 20891 22279 23554 24616 25777 27150 28032 28654 29353 29960 30438 30727 31004 31381 31739 32082 32516 33032 33735 34328 35036 35740 36277 37040 37580 37983 38246 38837 39479 40110 40790 41563 41851 42511 42985 43697 44383 45077 45633 46406 47046 47956 48496 49045 49817 50272 50628 50811
4106 4034 3885 3730 3954 4516 5187 5782 6618 7277 7918 8749 9417 9926 10719 11746 12885 13968 15286 16657 17989 19329 20594 21928 23216 24356 25616 26825 27724 28548 29244 29807 30308 30638 30918 31300 31806 32086 32393 33062 33621 34126 34897 35517 36164 36892 37502 37674 38339 38783 39347 40041 40634 41194 41706 42382 42806 43716 44377 44863 45545 46467 47053 47821 48319 49076 49527 50030 50431 50638
3145 3041 2975 2899 3570 4272 4957 5648 6440 7004 7753 8444 9090 9665 10430 11393 12484 13689 15015 16330 17661 18935 20158 21500 22819 24053 25221 26435 27502 28365 29045 29634 30125 30434 30738 31234 31611 31877 32342 32845 33360 33962 34679 35355 36001 36763 37162 37657 38100 38578 39239 39934 40331 41034 41564 42191 42765 43604 44110 44680 45499 46201 46737 47459 48194 48632 49168 49622 50124 50280
2102 2023 2051 2529 3380 4097 4798 5524 6273 6883 7511 8160 8914 9519 10222 11183 12375 13573 14852 16141 17410 18644 19883 21221 22571 23739 24936 26226 27266 28124 28863 29471 29927 30248 30609 30987 31411 31749 32145 32634 33258 33809 34569 35237 35790 36454 37119 37434 37976 38551 39106 39681 40209 40903 41391 42099 42583 43316 43906 44598 45226 45853 46391 47285 47738 48268 48763 49320 49815 50160
1486 1432 2226 2928 3979 4719 5591 6455 7307 8112 8898 9777 10667 11394 12239 13373 14702 16001 17408 18828 20211 21552 22903 24365 25850 27164 28536 30077 31299 32380 33375 34200 34820 35202 35546 35916 36334 36652 37118 37743 38528 39178 39937 40806 41518 42262 43074 43464 44134 44776 45439 46113 46756 47700 48389 49335 50058 50939 51606 52358 53037 53814 54370 55275 55760 56337 56910 57478 57917 58318
706 1539 2330 3016 3859 4763 5694 6499 7366 8177 9007 9996 10980 11663 12588 13821 15236 16561 17953 19414 20857 22335 23868 25545 27188 28612 30059 31631 32861 33772 34573 35280 35897 36289 36643 37119 37535 37861 38321 39009 39709 40429 41388 42286 43063 44057 44771 45303 45876 46432 47140 47930 48698 49716 50420 51247 51910 52835 53542 54273 55055 55945 56611 57531 58212 58949 59712 60475 61078 61470
