486 350 359 364 255 408 368 669 665 825 736 404 606 445 455 410 360 351 380 416 448 456 576 771 748 496 378 524 645 539 434 651 757 995 1078 906 778 900 808 776 871 886 884 986 696 709 926 928 706 750 387 812 739 689 907 906 977 745 654 607 634 463 345 410 708 599 396 392 319 256
394 236 231 266 191 303 201 512 547 612 673 359 422 444 322 374 393 307 316 284 334 365 511 652 730 498 390 552 680 607 453 626 755 1016 1153 917 776 912 730 729 936 966 984 1124 913 955 1179 1061 814 918 536 852 784 679 780 791 798 662 690 525 613 452 430 441 947 667 504 338 439 349
443 286 314 316 279 285 232 640 745 750 747 371 425 380 367 383 373 368 384 309 316 383 625 743 818 557 430 545 667 590 455 648 752 999 1066 844 775 917 763 749 939 962 976 1072 900 913 1129 981 716 810 502 804 751 683 838 886 927 742 742 588 742 620 511 506 1067 754 441 444 450 416
588 500 461 471 323 540 429 832 782 920 842 467 609 545 546 554 475 462 437 421 512 590 625 771 745 568 454 605 748 659 566 810 977 1285 1410 1172 964 1084 924 941 1104 1119 1115 1257 952 985 1170 1129 885 938 555 993 979 907 1064 1067 1105 952 903 708 864 535 484 547 972 706 537 373 385 375
663 430 398 542 287 400 255 756 813 1029 777 531 532 470 431 445 387 438 443 357 333 419 738 909 866 594 479 604 797 767 672 928 1042 1301 1568 1505 1501 1685 1497 1434 1542 1516 1479 1600 1350 1311 1509 1470 1189 1327 822 1195 968 898 958 892 1018 798 794 694 654 622 598 648 1117 847 782 664 640 506
398 288 334 352 208 394 281 611 595 662 774 411 483 607 387 579 588 443 327 375 490 489 451 650 766 478 383 530 658 629 515 713 895 1174 1406 1195 1011 1100 901 924 1158 1233 1258 1471 1189 1334 1613 1512 1252 1362 843 1252 1104 868 856 783 788 658 730 552 674 393 468 580 1141 746 796 426 645 360
524 213 183 334 231 268 131 418 553 678 676 505 485 476 283 311 399 281 399 313 254 272 694 830 913 642 549 733 898 835 619 758 837 1055 1289 1142 1130 1325 1123 1068 1249 1269 1279 1397 1234 1198 1436 1300 1016 1184 735 960 710 601 661 652 663 544 579 483 368 492 521 462 942 760 642 532 620 503
236 217 276 264 138 232 208 513 530 579 454 130 202 198 230 308 203 376 165 194 262 270 311 546 584 296 193 296 393 397 363 624 721 899 929 764 668 744 647 585 658 643 623 739 578 610 793 817 668 772 439 857 948 848 987 949 1088 687 686 700 818 611 445 644 1115 732 616 516 528 254
328 196 273 213 270 208 192 553 601 441 486 233 266 311 200 455 449 435 295 262 301 238 370 562 689 366 274 356 405 422 321 457 566 721 855 729 684 785 652 604 752 827 877 1041 965 1018 1206 1108 915 1029 705 1021 945 760 808 733 813 583 649 604 836 742 699 900 1498 1080 891 678 927 399
492 534 566 440 510 479 559 822 945 841 685 385 501 302 424 606 520 510 478 428 510 491 859 1020 999 756 736 804 805 809 694 878 997 1227 1315 1088 914 987 893 789 866 878 797 851 820 759 809 720 565 618 509 791 882 657 811 843 855 669 597 673 978 920 759 1133 1585 1423 1039 994 1187 685
426 408 274 334 298 377 260 521 609 665 462 266 246 184 233 322 283 389 303 166 198 299 636 769 778 656 604 761 854 866 722 931 1033 1228 1346 1102 935 1063 890 815 894 870 839 958 917 826 877 802 653 793 570 861 977 801 911 922 933 706 684 587 802 697 597 780 1250 907 722 553 692 494
536 308 268 405 240 380 187 559 584 731 678 440 453 513 347 382 406 416 356 309 305 378 526 674 753 530 422 602 801 756 619 827 936 1146 1342 1203 1130 1275 1082 1069 1232 1253 1295 1472 1237 1262 1515 1466 1217 1367 855 1241 1071 954 1010 946 1003 776 799 632 603 479 517 466 965 584 609 398 444 382
534 335 356 408 339 443 331 540 545 478 714 501 456 653 432 596 609 517 447 431 497 429 473 634 792 551 458 657 775 728 567 700 856 1098 1192 874 735 879 675 690 967 1037 1078 1242 1097 1135 1353 1228 970 1145 761 995 1015 940 1013 1033 1026 926 1044 882 924 772 821 841 1463 1087 926 592 843 633
437 277 297 302 291 445 389 480 446 472 610 378 563 534 406 468 474 439 360 467 493 394 340 568 685 440 344 554 654 555 415 563 669 812 809 560 402 491 427 419 548 654 738 902 664 713 969 995 794 887 522 938 919 808 1030 1013 1027 786 725 693 686 492 453 499 814 613 493 345 407 243
734 446 416 521 559 693 396 654 690 621 778 561 665 781 464 498 637 566 475 467 450 556 595 559 798 750 760 1029 1328 1218 978 1128 1240 1395 1453 1183 960 993 825 893 1158 1291 1449 1664 1460 1483 1823 1799 1555 1690 1214 1675 1511 1251 1375 1355 1221 1026 922 700 625 427 671 379 938 431 536 298 401 534
632 366 415 434 484 569 399 746 771 765 871 528 772 741 490 548 668 571 484 558 524 573 544 640 847 623 552 733 950 835 662 819 911 1032 1133 1018 896 929 841 888 1061 1230 1409 1640 1329 1456 1857 1844 1585 1646 1116 1683 1347 1057 1192 1094 1059 803 676 514 536 314 440 275 708 299 382 271 282 244
478 301 250 322 271 406 351 479 530 894 809 579 819 608 447 338 484 305 500 534 532 526 856 1097 1085 781 648 818 894 797 595 719 727 903 1169 1147 1066 1223 1096 1000 1019 965 960 1074 818 872 1126 1089 958 993 564 903 641 519 624 549 609 366 332 370 246 330 198 239 340 460 441 469 436 279
419 286 296 343 266 427 290 575 628 816 812 424 617 571 402 371 461 381 354 400 433 531 621 762 871 636 542 710 887 798 639 846 928 1130 1281 1135 974 1041 901 902 1045 1076 1130 1299 1004 1117 1447 1399 1195 1255 773 1248 1052 824 921 870 868 594 534 408 418 225 215 150 532 247 314 239 209 222
400 272 326 369 290 521 367 453 471 624 745 434 636 685 420 323 436 306 314 419 524 569 615 688 806 653 641 877 1094 982 781 967 1046 1286 1358 1102 824 844 687 690 899 871 874 987 741 815 1142 1154 1020 1083 656 1058 1031 870 997 1013 951 672 617 603 399 251 297 163 532 352 446 334 352 417
416 260 274 325 279 466 225 509 448 556 630 385 512 686 314 335 488 361 291 308 436 521 517 564 689 553 524 719 937 899 725 879 962 1181 1424 1319 1083 1117 883 894 1101 1053 1099 1297 1097 1217 1521 1515 1429 1500 981 1403 1279 1081 1041 927 927 643 695 586 506 328 462 352 842 454 701 381 557 410
633 346 373 530 395 637 365 522 491 642 701 558 711 830 430 440 571 495 384 501 517 532 512 616 778 612 619 885 1181 1111 924 1106 1187 1324 1509 1403 1226 1251 1101 1101 1267 1322 1412 1625 1340 1407 1791 1907 1734 1867 1226 1746 1482 1235 1283 1149 1129 799 730 717 377 282 510 336 706 373 746 456 522 434
516 268 313 288 377 479 339 633 623 730 808 493 824 715 432 342 529 293 432 486 525 575 692 730 819 636 580 756 945 796 579 685 731 929 1113 1051 865 914 783 791 952 972 1061 1208 926 1029 1383 1366 1218 1193 744 1204 908 736 860 790 763 543 438 374 290 199 263 81 372 271 287 273 280 250
580 360 389 515 418 457 402 551 710 1026 864 630 797 617 507 336 455 494 563 608 514 541 923 1158 1218 863 741 898 1046 973 806 993 940 1022 1144 1155 1204 1331 1260 1132 1118 1057 1064 1136 935 948 1266 1289 1151 1247 802 1176 930 826 985 924 1047 584 514 652 388 573 387 333 523 482 497 706 497 445
376 223 204 263 310 294 282 385 521 729 674 431 594 428 347 284 416 453 460 482 393 382 667 954 1073 712 542 686 731 673 505 635 587 611 684 648 688 828 775 667 639 644 721 847 704 762 1035 993 875 967 619 969 808 669 838 773 882 457 430 480 468 551 305 339 544 415 323 467 366 211
677 518 418 497 503 608 535 691 700 1004 828 623 887 637 592 512 598 681 649 701 609 613 747 1062 1102 808 628 796 866 790 660 818 796 801 915 942 938 1073 1053 963 860 895 1012 1198 941 996 1254 1330 1219 1274 850 1362 1145 1002 1207 1067 1203 764 649 658 662 604 402 454 500 390 408 475 321 192
509 403 319 416 463 623 536 406 470 678 737 545 778 660 489 537 678 699 532 685 604 545 549 894 1110 826 710 959 1027 962 773 910 917 866 886 734 628 691 692 637 601 755 924 1168 938 1043 1366 1423 1287 1413 976 1493 1339 998 1192 1082 1071 658 541 550 528 409 316 378 477 249 414 325 310 153
548 346 278 324 499 566 485 423 443 591 614 539 845 654 407 456 665 578 546 662 577 474 597 878 1035 767 682 903 958 890 671 720 689 622 756 760 687 757 751 661 595 710 883 1109 934 1007 1301 1386 1318 1384 968 1447 1167 861 1019 846 863 482 356 458 383 429 388 443 471 400 537 470 534 173
1017 567 539 612 869 847 667 745 663 560 550 708 1025 866 544 657 830 877 738 855 662 485 500 684 871 683 672 923 1098 1025 830 845 809 617 685 812 836 876 938 861 779 996 1290 1555 1410 1375 1694 1971 1883 1979 1491 2094 1690 1441 1672 1405 1474 1011 774 948 700 811 974 885 957 736 928 803 873 399
776 542 598 570 675 730 709 852 788 918 758 642 1073 768 625 633 718 737 670 855 781 648 679 965 1001 678 604 750 845 770 663 782 753 701 818 979 965 994 1065 951 815 902 1041 1221 958 1015 1328 1573 1516 1506 1046 1679 1332 1118 1341 1106 1261 748 525 779 624 646 575 685 651 639 758 816 731 255
1213 833 943 864 1161 1101 988 1280 1171 1099 902 891 1435 1108 836 847 1019 1028 952 1122 1008 903 928 1030 1104 892 922 1063 1264 1177 1041 1103 1031 894 1028 1351 1340 1280 1380 1279 1139 1257 1488 1690 1479 1503 1870 2227 2236 2168 1679 2431 1917 1637 1857 1529 1668 1076 737 1057 815 910 1028 967 959 858 1096 1177 1121 563
1251 940 1276 1108 1245 1172 1201 1607 1503 1377 1195 995 1545 1278 1073 1164 1193 1270 1048 1349 1302 1118 966 1173 1245 830 836 877 1065 1013 1012 1173 1146 1068 1149 1495 1550 1440 1587 1481 1371 1491 1653 1818 1523 1641 2087 2476 2431 2353 1792 2615 2110 1853 2057 1719 1971 1273 978 1418 1170 1177 1219 1311 1437 1258 1484 1606 1490 744
964 572 732 634 848 799 702 1112 997 934 749 662 1170 878 633 577 703 667 692 825 768 690 765 806 814 601 624 738 965 853 732 820 780 776 926 1205 1177 1146 1187 1102 1050 1094 1246 1381 1147 1155 1507 1809 1782 1694 1225 1896 1435 1288 1503 1245 1400 888 597 887 614 706 807 702 798 755 860 979 897 442
700 373 520 423 596 598 397 918 818 563 446 279 647 538 317 347 391 411 301 361 373 411 398 280 350 301 404 549 870 772 649 807 877 982 1042 1082 900 819 780 784 905 990 1129 1277 1084 1053 1365 1602 1496 1463 1042 1708 1445 1238 1438 1283 1311 909 622 719 592 459 707 531 956 582 650 590 617 352
460 286 371 304 343 381 327 693 748 756 531 269 579 302 264 223 231 164 254 278 307 351 685 700 648 487 529 647 840 747 596 789 856 1075 1211 1156 981 997 929 851 923 911 880 925 736 668 879 961 818 796 489 957 769 581 781 743 756 478 245 390 312 328 343 385 681 644 506 599 575 337
563 367 319 383 298 471 296 560 440 489 195 245 389 299 186 265 202 273 199 197 251 209 395 494 387 312 370 565 763 762 655 841 941 1106 1323 1290 1106 1170 1051 944 959 917 885 1007 883 735 820 1045 976 1062 677 1126 1076 966 1082 941 1031 720 587 755 572 572 685 850 1112 972 1042 755 916 440
410 228 200 157 296 286 187 508 509 438 278 173 354 190 117 144 185 153 222 135 162 181 519 536 508 412 423 566 696 644 469 581 635 805 949 871 711 792 668 587 659 630 639 722 674 567 671 704 622 650 432 768 717 608 766 720 747 513 396 457 497 534 534 596 948 820 608 549 687 359
460 245 376 284 324 271 210 796 821 678 482 177 390 230 221 266 210 259 223 193 207 260 471 482 476 272 261 324 524 462 382 591 684 891 985 956 878 914 832 790 908 931 952 1030 861 821 1039 1089 897 905 576 1059 886 768 946 885 979 671 511 550 617 533 544 567 1078 774 558 602 594 316
344 172 274 225 265 121 140 592 762 762 508 231 361 142 167 126 143 164 278 181 164 220 766 837 803 509 459 499 615 582 451 627 632 830 977 984 999 1106 993 858 915 819 750 745 696 620 789 733 599 632 397 673 530 457 593 580 705 369 301 444 454 646 476 560 1004 900 587 802 765 457
235 117 263 199 258 210 158 497 560 480 364 90 265 226 121 145 177 284 140 170 206 237 394 476 572 326 314 403 567 556 461 655 670 778 817 788 710 705 628 548 620 584 604 691 614 636 894 964 902 949 627 1070 1019 851 975 894 1003 507 432 576 555 530 459 497 971 611 579 617 625 300
185 86 100 105 150 160 120 269 384 462 399 168 295 199 113 79 163 153 182 162 182 203 536 673 738 505 448 595 688 645 466 613 624 773 854 714 606 694 575 479 553 496 481 550 482 468 661 618 529 604 349 633 629 496 635 635 672 338 308 384 369 427 285 341 695 552 405 448 482 285
182 63 85 52 141 166 117 294 342 369 384 153 322 252 111 126 221 144 172 171 219 209 431 559 636 413 353 501 586 530 353 469 506 663 770 638 497 577 454 389 491 470 490 596 495 520 728 688 595 645 365 680 640 500 624 595 621 340 318 352 383 370 285 337 695 541 407 366 468 211
557 362 397 342 358 405 290 698 543 428 232 256 358 358 209 333 281 261 271 192 333 262 484 508 378 281 329 449 591 609 513 634 738 985 1245 1240 1064 1147 958 853 955 834 757 832 813 683 716 845 826 866 587 884 913 926 972 854 987 750 750 913 846 888 971 1163 1600 1462 1336 1030 1337 686
553 388 427 436 316 467 372 613 484 510 279 329 432 408 262 360 281 257 265 268 413 298 546 650 493 355 425 583 733 755 657 821 932 1190 1459 1418 1221 1300 1130 992 1062 927 790 843 774 628 673 856 825 898 565 867 902 886 940 833 956 697 674 944 705 803 877 1138 1463 1456 1433 1119 1385 728
640 433 572 554 297 519 497 868 711 886 838 637 815 815 583 736 668 435 495 611 780 612 649 910 792 416 343 446 551 523 470 648 823 1171 1574 1581 1457 1582 1401 1332 1479 1433 1331 1458 1122 1201 1421 1483 1289 1327 755 1136 879 837 810 653 814 686 757 873 709 647 714 988 1323 1353 1386 1028 1255 601
647 554 596 601 354 549 630 800 716 971 1040 830 870 899 740 965 909 653 735 803 964 730 849 1290 1211 722 531 633 560 568 492 622 788 1118 1510 1402 1331 1566 1360 1260 1384 1341 1223 1361 1104 1216 1352 1241 1033 1138 678 858 748 733 683 588 753 713 947 983 1022 989 853 1304 1622 1705 1557 1166 1485 763
708 546 595 648 378 570 615 774 732 916 1051 847 835 908 741 980 907 689 727 799 906 675 774 1188 1178 708 532 672 656 642 550 696 886 1202 1511 1316 1261 1494 1302 1235 1413 1445 1366 1515 1243 1325 1501 1383 1089 1248 762 954 832 802 801 748 864 851 1050 1034 1023 973 906 1262 1664 1646 1482 1087 1377 788
697 592 582 575 385 723 648 841 617 762 916 712 848 953 710 950 895 643 605 713 919 749 558 863 837 564 451 638 679 638 548 691 925 1256 1572 1360 1095 1236 1034 1043 1240 1292 1276 1505 1165 1291 1465 1456 1245 1322 811 1185 1119 1021 1022 911 958 953 1067 956 1027 703 786 1075 1419 1304 1318 739 1099 576
681 477 498 482 359 527 491 830 728 803 898 678 784 788 594 815 785 500 594 611 733 593 675 919 885 563 444 578 622 568 446 563 766 1103 1450 1303 1158 1342 1138 1120 1327 1382 1359 1532 1247 1317 1489 1390 1115 1188 725 1015 810 729 740 660 714 763 858 753 844 707 766 1003 1421 1359 1192 794 1110 591
601 444 352 323 404 500 396 671 563 563 598 529 630 632 375 655 736 457 520 448 566 469 650 825 818 623 560 708 718 722 542 578 723 956 1365 1289 1096 1250 1024 973 1107 1139 1163 1382 1267 1302 1388 1297 1168 1234 864 1129 960 759 698 549 561 567 662 568 773 708 808 1077 1458 1325 1257 770 1246 560
799 579 585 582 512 646 574 860 750 710 795 724 770 836 577 912 894 621 646 643 764 583 703 918 908 636 591 744 795 795 656 740 946 1236 1616 1482 1321 1480 1266 1223 1422 1494 1477 1672 1492 1508 1630 1572 1339 1453 1007 1269 1084 930 887 765 794 841 943 906 969 910 1070 1370 1834 1706 1619 1080 1553 817
704 603 578 495 514 645 599 969 896 880 924 647 819 752 596 919 918 636 635 635 757 684 748 961 973 710 629 740 757 730 597 711 923 1204 1557 1413 1196 1313 1138 1136 1302 1432 1466 1700 1448 1551 1705 1586 1337 1376 964 1358 1126 831 823 703 684 728 745 581 915 665 757 1072 1498 1297 1185 751 1140 536
911 790 638 751 491 845 603 1003 888 1125 962 780 830 846 677 841 792 596 623 555 707 780 932 1054 944 855 830 1030 1206 1184 1042 1262 1507 1902 2352 2157 1848 1994 1707 1706 1897 1894 1824 2033 1726 1716 1816 1777 1527 1629 1099 1495 1336 1123 1068 972 938 989 999 780 856 600 801 990 1412 1207 1308 750 1057 766
1088 979 932 899 642 989 889 1446 1229 1518 1404 1056 1272 1185 1047 1204 1124 771 926 925 1154 1149 1173 1378 1170 929 806 908 989 922 847 1046 1313 1801 2339 2260 1981 2155 1887 1899 2090 2068 1976 2171 1720 1835 1973 1898 1633 1608 1050 1480 1203 1096 1036 902 967 1092 1145 929 1122 779 876 1168 1501 1504 1461 975 1254 813
1086 940 1008 871 678 930 897 1589 1353 1520 1446 1047 1316 1219 1064 1246 1159 736 948 953 1217 1171 1193 1353 1125 830 712 747 814 739 688 858 1128 1658 2214 2204 1956 2114 1849 1863 2093 2055 1947 2106 1664 1804 1960 1870 1610 1525 993 1404 1076 1023 951 809 915 1060 1130 967 1185 877 975 1277 1681 1726 1574 1146 1456 876
893 690 745 667 519 704 666 1220 1051 1155 1198 891 1060 1044 824 1056 1022 622 793 789 984 883 949 1148 1030 699 572 645 695 638 545 668 907 1349 1850 1799 1624 1806 1549 1551 1792 1804 1746 1924 1565 1689 1865 1737 1459 1456 932 1258 938 864 789 661 744 874 994 839 1006 806 911 1176 1627 1604 1454 1006 1365 762
893 693 724 711 532 789 710 1084 936 1049 1218 943 1070 1146 844 1130 1124 718 798 855 1032 898 865 1111 1097 769 656 799 864 809 684 806 1063 1459 1911 1757 1546 1711 1463 1489 1758 1845 1830 2061 1684 1836 2061 1937 1625 1689 1105 1449 1145 978 900 779 790 926 1052 866 972 729 901 1140 1595 1491 1473 913 1316 763
747 535 636 595 425 601 567 968 853 895 1071 798 881 988 706 968 944 573 672 710 894 742 780 997 978 620 516 628 692 648 535 655 890 1301 1708 1560 1393 1561 1307 1309 1600 1635 1579 1748 1443 1564 1775 1640 1348 1417 895 1158 922 838 769 684 735 830 992 882 941 789 912 1144 1679 1585 1464 986 1378 789
699 509 641 568 420 537 574 960 881 903 1067 780 861 926 696 969 930 572 685 725 899 713 809 1065 1038 618 497 577 594 560 460 573 790 1187 1572 1439 1320 1498 1269 1242 1505 1531 1456 1596 1324 1441 1636 1482 1198 1261 792 1016 797 733 680 608 689 763 937 885 975 882 926 1225 1750 1706 1495 1094 1473 804
619 420 550 478 389 424 460 888 892 861 1041 697 750 804 605 866 856 534 635 633 755 623 784 1009 1046 621 484 551 574 534 415 528 724 1088 1418 1264 1187 1367 1146 1131 1408 1464 1426 1566 1327 1447 1667 1449 1133 1210 774 988 752 653 620 579 637 694 857 744 910 826 842 1072 1672 1529 1256 950 1281 721
620 415 538 455 384 430 431 934 905 847 1010 626 714 763 592 826 798 542 590 587 698 611 671 865 915 532 387 455 513 454 356 491 691 1037 1311 1158 1071 1229 1028 1045 1320 1401 1408 1570 1296 1427 1669 1484 1162 1222 775 1074 846 753 763 714 778 792 910 737 950 760 786 948 1562 1319 1057 773 1038 592
580 353 462 415 296 403 366 819 737 701 769 490 601 627 477 656 583 415 434 458 565 463 501 673 667 354 260 366 477 415 332 495 687 1013 1246 1104 989 1126 953 949 1180 1233 1220 1359 1087 1141 1354 1299 1018 1084 637 983 816 774 839 782 866 807 855 780 840 674 732 879 1407 1213 1009 724 937 511
649 443 529 523 307 477 454 860 767 832 812 555 664 643 560 708 578 474 478 530 626 508 546 784 723 392 286 404 512 454 400 604 800 1125 1349 1206 1103 1257 1108 1080 1258 1295 1249 1375 1064 1088 1280 1279 992 1073 607 978 838 827 927 869 989 893 916 889 887 723 734 941 1380 1253 1067 798 941 531
749 516 521 503 396 533 528 897 788 895 868 661 833 696 632 748 673 513 625 641 696 562 669 931 841 521 372 496 543 457 365 501 663 945 1200 1106 1026 1226 1096 1056 1171 1220 1216 1355 1051 1066 1223 1199 935 980 567 914 720 732 867 795 914 867 870 817 883 769 727 935 1228 1239 967 756 894 480
848 662 670 689 436 652 661 1001 871 1080 965 779 903 783 768 867 717 608 702 737 830 679 798 1113 946 605 459 583 631 571 520 711 891 1222 1503 1397 1310 1526 1380 1308 1403 1387 1300 1406 1086 1070 1185 1203 949 1017 585 909 793 861 981 916 1081 1010 1043 1057 1039 937 857 1159 1425 1497 1256 1006 1126 672
1005 693 692 668 623 606 691 1134 1118 1253 1122 922 1107 782 841 877 811 665 938 883 831 687 1059 1349 1203 795 583 653 645 533 428 531 628 876 1131 1136 1219 1500 1411 1314 1354 1384 1373 1446 1178 1131 1260 1180 885 910 578 841 543 651 857 811 996 952 930 926 1009 1100 911 1118 1328 1517 1005 1059 1068 666
1143 752 810 783 716 649 718 1302 1303 1378 1129 965 1161 791 851 895 799 662 959 888 814 683 1162 1377 1183 784 634 675 735 631 539 664 767 1036 1343 1434 1553 1811 1727 1608 1649 1671 1631 1670 1406 1300 1432 1405 1088 1102 735 1031 622 718 912 838 1042 989 905 984 970 1158 1054 1245 1500 1702 1207 1298 1294 808
1118 796 859 813 677 763 782 1347 1220 1315 1061 898 1157 850 861 950 808 665 856 865 888 748 994 1206 980 650 551 619 715 623 572 738 897 1203 1537 1608 1591 1781 1692 1605 1656 1680 1629 1714 1374 1305 1440 1519 1242 1231 792 1213 858 903 1066 942 1131 1064 953 1040 1003 1011 1008 1256 1478 1632 1324 1225 1286 736
720 449 563 489 409 457 547 903 849 940 944 728 933 746 651 725 686 405 674 706 779 583 864 1106 980 575 445 526 545 446 331 428 556 886 1181 1142 1107 1313 1179 1092 1228 1210 1131 1181 917 920 1090 1030 786 793 426 658 412 484 605 564 702 681 712 809 754 843 758 984 1265 1495 1112 1037 1182 648
827 545 628 523 544 540 662 1058 1067 1202 1295 941 1223 941 836 907 963 547 911 929 955 797 1111 1382 1318 847 638 696 659 513 350 402 517 834 1171 1150 1148 1384 1259 1208 1351 1410 1406 1503 1167 1269 1509 1313 1002 968 581 830 408 390 508 466 554 627 653 604 726 774 647 823 1065 1322 880 897 1008 575
1001 746 709 665 630 649 744 1162 1118 1318 1189 969 1178 839 899 916 870 668 990 924 918 784 1157 1459 1277 881 650 717 669 556 442 531 629 910 1212 1215 1252 1545 1430 1331 1363 1354 1320 1393 1120 1097 1195 1086 829 825 520 754 492 611 792 747 927 921 930 903 1043 1106 878 1127 1286 1547 1025 1053 1095 683
