504 698 1024 733 522 641 614 881 800 598 809 881 602 791 530 574 456 417 426 426 353 401 737 551 627 643 716 611 736 691 599 544 640 317 300 245 137 229 205 178 166 352 600 201 408 393 315 334 187 224 283 392 425 342 341 321 495 313 172 113 276 257 166 152 143 238 371 150 236 294
371 592 879 568 417 463 602 786 811 680 966 1060 805 956 772 843 684 552 492 463 317 393 649 468 568 656 642 388 640 651 515 375 541 199 272 185 183 363 309 225 108 355 691 272 330 324 213 309 310 183 219 290 290 250 383 359 338 210 111 53 306 394 191 112 183 142 394 179 216 303
369 533 840 544 473 529 689 823 865 790 1081 1153 867 988 817 859 733 587 542 522 437 514 791 582 677 755 726 509 725 677 557 436 632 253 374 234 207 407 395 294 141 442 763 362 427 503 342 446 362 310 361 480 469 351 551 457 494 374 187 75 420 503 214 222 275 239 491 205 220 286
509 661 1015 693 489 590 650 888 1007 817 1065 1083 803 986 751 795 678 578 608 603 464 456 766 542 594 615 643 531 682 646 545 466 590 296 332 287 162 336 342 228 137 278 680 247 341 331 274 363 394 270 272 357 410 367 532 456 557 340 217 141 446 441 265 179 260 302 471 260 401 408
396 646 689 594 419 473 659 920 758 568 795 799 690 888 784 895 794 615 588 543 459 459 672 565 590 617 718 547 654 711 550 634 800 405 349 476 272 281 337 216 200 409 447 201 587 463 456 700 528 358 512 533 421 331 543 416 653 532 266 310 314 383 319 397 343 342 463 298 595 382
605 910 1096 889 623 638 817 1044 1017 784 1044 1088 889 1157 950 1016 884 765 666 549 278 279 376 283 388 488 468 223 457 527 383 287 392 146 174 216 266 395 365 223 252 308 631 308 277 204 208 255 426 158 186 245 161 179 357 306 191 187 170 205 310 440 318 239 303 258 320 259 404 493
285 570 627 472 347 369 575 732 551 454 742 900 786 951 843 981 784 629 507 465 367 497 740 617 727 841 867 515 800 862 699 619 802 366 388 394 372 437 372 330 224 614 713 338 615 517 371 589 414 277 422 456 383 347 393 436 428 329 161 171 245 407 304 255 255 179 515 280 315 333
476 705 1038 724 555 604 647 984 885 744 952 943 623 741 573 547 482 341 321 297 307 413 607 529 578 605 650 508 582 609 444 411 532 213 214 114 50 156 163 113 130 223 429 202 395 456 465 423 349 348 392 463 376 210 431 255 443 404 262 220 256 306 77 237 183 213 187 98 296 202
439 650 859 643 529 524 690 872 827 884 1251 1364 1088 1279 1144 1132 1043 827 664 525 417 591 647 590 733 823 813 536 673 734 595 435 538 306 361 247 362 476 444 427 399 571 794 477 587 645 576 583 531 408 507 672 519 372 611 522 417 390 345 328 374 590 276 415 429 357 382 291 350 412
479 472 720 570 511 500 485 530 698 842 1126 1224 964 1141 1032 965 971 884 869 892 1019 1245 1354 1267 1439 1427 1420 1220 1276 1247 1182 893 857 736 870 542 637 710 609 790 766 989 1153 833 998 1212 1133 1032 885 926 1089 1183 1149 953 985 1011 862 714 828 648 735 870 500 702 673 646 651 578 493 676
182 264 504 296 200 230 352 539 666 734 1027 1080 820 931 826 831 754 550 553 586 658 830 1038 926 970 996 996 752 857 884 757 614 681 426 521 373 291 447 388 392 239 496 738 412 681 799 687 841 765 623 729 710 672 538 784 690 703 533 465 338 477 663 276 364 367 341 505 380 483 305
427 741 888 687 481 543 748 1034 874 678 936 989 809 996 834 946 770 595 512 431 272 308 544 412 449 548 582 323 540 599 434 462 637 233 218 330 207 326 337 149 83 304 537 207 423 322 251 464 433 211 267 315 224 188 423 297 431 369 128 150 264 407 268 220 227 228 423 227 447 274
574 846 1177 693 582 580 753 970 1022 986 1362 1525 1264 1343 1199 1231 975 768 599 537 407 615 874 726 875 1024 973 596 955 1022 808 563 804 368 445 258 405 594 533 520 312 611 1045 514 560 505 380 416 508 361 301 436 440 435 554 635 404 251 228 240 483 581 391 207 394 211 604 406 338 573
637 914 1294 888 642 756 721 1048 899 770 1057 1231 909 1105 782 783 556 503 383 309 209 391 726 586 707 806 828 605 828 810 691 550 635 281 258 164 216 333 273 286 245 447 839 318 475 439 295 225 183 206 160 359 385 356 289 368 319 179 124 117 254 324 227 84 159 207 416 215 167 349
614 933 1116 927 724 794 988 1150 1008 914 1206 1382 1228 1472 1272 1390 1060 994 799 642 502 653 970 735 859 1081 980 526 974 926 822 732 827 385 492 552 551 791 760 464 306 715 1295 727 705 688 436 572 712 430 317 547 509 548 709 630 523 539 303 169 597 918 611 308 412 465 842 462 418 376
747 1096 1239 1187 881 1010 1154 1373 1073 856 1109 1238 1035 1420 1086 1186 974 959 788 561 287 300 514 342 445 610 580 317 579 513 476 508 530 228 245 444 408 560 569 266 322 519 929 505 504 473 286 374 407 203 197 454 340 332 468 325 353 441 191 136 384 664 474 344 338 507 587 301 380 333
568 876 1057 950 661 758 737 1008 681 371 510 637 396 623 379 554 492 492 523 556 393 404 634 526 591 601 742 570 678 751 678 667 694 497 411 494 363 409 215 222 352 538 470 274 536 475 436 548 240 258 536 413 367 310 185 186 507 444 349 319 170 260 236 350 134 315 339 220 380 308
591 906 1113 1003 720 812 920 1155 948 627 779 821 590 860 599 722 602 590 568 502 297 257 473 313 368 458 464 257 471 459 383 402 461 187 215 329 223 386 324 93 157 309 572 306 316 320 236 332 328 179 257 279 212 183 309 152 329 388 197 112 278 439 266 244 161 308 358 162 325 224
695 1038 1374 1062 829 860 845 1063 878 560 665 779 559 688 528 666 455 520 492 522 459 566 884 674 810 931 914 560 952 962 828 690 782 411 473 381 378 573 401 275 276 574 919 558 482 492 429 354 386 347 339 344 376 383 310 288 411 445 355 190 406 500 337 195 137 239 459 214 200 303
616 998 1231 1026 780 770 912 1153 977 705 882 952 743 901 827 1015 863 777 713 649 443 479 614 449 546 670 678 290 613 738 585 521 622 372 397 469 419 642 490 233 259 456 746 513 424 394 426 498 591 318 386 338 233 219 444 240 453 549 414 301 406 635 358 344 240 333 393 243 460 290
804 1292 1358 1245 899 949 1032 1377 907 585 734 866 788 1064 892 1063 787 784 618 475 332 436 665 567 668 837 879 478 833 918 759 810 862 450 359 576 512 565 497 272 374 616 854 524 686 510 478 529 555 337 338 427 300 351 355 287 427 544 337 351 313 548 523 363 276 405 532 347 515 379
624 930 1175 1053 800 885 903 1046 803 543 722 884 656 920 699 890 739 792 737 664 440 456 707 458 604 706 738 450 736 715 686 610 635 415 440 501 444 627 467 272 335 620 896 531 469 473 365 399 290 209 326 420 391 359 337 246 469 486 320 147 363 549 344 299 176 395 490 186 226 252
761 1151 1276 1201 965 1063 1083 1417 851 525 603 689 474 649 447 596 501 495 480 488 472 536 803 735 769 823 951 748 874 913 792 915 1006 613 523 633 454 465 360 285 431 699 554 450 814 787 712 805 400 512 753 694 559 417 371 239 705 794 490 459 285 406 360 564 274 467 487 296 493 277
602 933 1178 1020 786 914 963 1306 883 681 873 990 632 820 519 599 523 439 396 362 262 349 578 520 545 605 691 521 587 618 527 572 644 361 312 365 266 365 248 199 280 475 468 296 584 634 487 588 250 332 548 528 402 245 300 166 486 528 306 280 172 355 177 386 176 344 344 192 340 153
792 1118 1350 1245 885 1098 1079 1540 1087 826 1016 1104 746 1040 637 717 646 577 568 488 324 332 600 535 499 513 673 626 575 592 546 708 698 485 324 554 314 365 310 210 357 425 458 247 666 630 520 676 349 369 566 585 470 348 414 247 691 649 385 413 247 409 320 484 273 565 462 334 633 281
879 1278 1490 1374 946 1135 1128 1585 1099 855 1056 1214 881 1243 757 781 604 597 476 337 170 287 524 533 547 660 706 523 620 629 572 632 554 316 214 400 358 424 331 258 411 476 678 372 660 640 445 487 377 340 409 477 363 344 291 263 330 410 296 351 196 473 396 367 256 482 456 386 491 329
786 1166 1310 1280 889 1045 993 1375 832 687 924 1163 868 1238 846 931 787 780 633 479 314 477 651 645 724 817 926 684 758 813 787 800 673 537 396 580 552 574 403 394 590 734 793 505 842 809 651 688 418 404 597 678 527 466 344 336 489 542 456 473 204 536 427 506 300 574 484 401 496 336
989 1423 1451 1442 1074 1258 1198 1648 894 948 1309 1658 1463 1879 1533 1596 1301 1235 892 559 480 810 1046 1032 1161 1322 1474 1127 1235 1271 1227 1315 1186 895 645 934 898 818 778 726 881 1177 1316 828 1408 1256 1039 1072 711 680 762 1170 940 849 745 731 891 902 639 716 427 861 771 770 616 917 899 671 751 509
1080 1458 1582 1604 1193 1372 1194 1636 957 750 917 1095 836 1242 878 943 858 912 792 605 510 631 805 793 884 909 1119 1011 959 980 968 1100 944 804 555 793 667 564 488 475 820 888 826 609 1063 989 959 873 467 584 794 998 807 660 505 410 823 875 686 714 339 552 548 769 464 848 549 455 676 483
1385 1786 1787 1997 1605 1770 1589 1948 1108 1022 1214 1468 1296 1779 1503 1624 1501 1594 1370 1057 990 1176 1297 1236 1395 1472 1685 1446 1444 1442 1488 1653 1403 1301 1045 1382 1243 1136 1061 921 1315 1515 1483 1234 1662 1611 1554 1452 985 1041 1260 1636 1349 1156 1048 837 1345 1503 1196 1117 776 1182 1032 1292 896 1410 1030 814 1029 708
1861 2330 2336 2515 2111 2232 2021 2430 1499 1269 1376 1519 1360 1854 1592 1640 1580 1718 1484 1135 1076 1203 1225 1239 1429 1486 1707 1570 1522 1518 1511 1731 1529 1380 1093 1393 1328 1126 1149 1016 1576 1600 1479 1376 1719 1654 1752 1432 1015 1182 1365 1812 1458 1214 1106 844 1371 1662 1362 1365 917 1172 1163 1543 1122 1585 996 881 1159 1013
1071 1427 1506 1590 1296 1416 1242 1519 833 715 890 1114 956 1326 1154 1304 1183 1273 1105 877 835 993 1174 1024 1213 1272 1476 1230 1304 1294 1302 1398 1260 1083 883 1091 953 888 809 681 988 1265 1261 981 1312 1261 1246 1127 670 767 969 1318 1107 910 800 610 1152 1231 920 790 604 873 729 962 613 1045 790 502 676 493
632 883 1018 1005 818 880 834 979 650 657 895 1072 959 1272 1186 1280 1076 1113 919 690 713 914 1133 892 1105 1229 1272 912 1159 1080 1055 1026 952 672 658 722 653 730 731 491 577 949 1323 866 975 1007 925 818 685 600 594 1032 893 745 834 619 861 907 613 376 596 902 557 573 449 726 697 313 369 264
374 511 637 645 491 532 436 504 324 258 408 536 422 682 590 678 600 682 657 632 731 878 1101 911 1097 1116 1187 944 1101 1031 1009 903 828 609 636 552 476 491 398 390 491 831 942 615 813 894 836 755 493 548 710 880 832 683 573 528 721 666 547 318 415 560 336 452 280 477 476 216 214 261
323 530 635 486 281 298 204 513 313 339 580 721 629 807 795 860 714 613 532 492 643 913 1127 1050 1177 1183 1349 1048 1149 1258 1110 1033 998 731 592 576 459 389 320 410 455 725 797 441 958 855 923 912 692 618 734 847 763 652 625 628 834 640 573 528 324 467 341 419 305 407 435 336 518 347
150 250 483 315 238 261 239 345 316 438 736 921 701 838 793 866 761 663 604 591 678 924 1150 960 1125 1158 1221 902 1057 1068 997 797 799 592 636 466 427 537 401 445 370 764 953 548 794 889 790 812 559 543 698 829 791 623 667 625 758 582 502 291 406 612 238 355 263 359 484 239 234 194
343 484 651 574 486 525 563 663 546 551 801 882 712 936 862 905 821 760 673 561 595 720 911 709 870 917 959 738 872 802 739 680 723 434 479 413 340 411 440 321 338 645 865 516 675 757 694 667 469 451 544 830 722 520 681 496 692 640 400 218 432 585 268 419 332 450 451 153 234 210
249 386 528 473 467 456 506 563 388 386 578 663 470 576 587 675 676 596 585 610 729 879 1036 890 1036 1045 1118 871 974 972 878 787 873 594 664 498 423 480 385 397 419 802 722 561 802 947 893 916 509 613 890 945 819 553 644 486 793 771 569 365 404 542 210 556 327 402 414 176 245 190
507 781 1014 878 755 758 783 996 696 609 772 839 587 726 668 721 652 597 515 444 512 682 813 702 833 910 943 648 808 826 707 665 713 428 464 378 346 460 386 265 358 614 738 575 674 810 794 693 503 533 650 777 605 382 559 299 599 735 519 338 365 579 215 475 263 405 307 118 248 111
297 517 798 577 462 485 501 684 517 436 628 751 467 558 447 522 436 372 351 394 442 624 846 719 833 889 920 627 813 843 726 586 659 378 440 275 258 398 231 245 230 549 652 407 561 681 585 582 354 409 575 557 500 345 375 300 481 464 365 201 248 407 104 261 112 187 291 109 127 97
315 539 847 602 458 487 499 678 550 480 714 863 564 693 551 629 527 461 410 407 371 541 743 598 734 801 828 532 730 765 665 493 550 321 373 226 248 407 236 235 224 507 692 385 469 563 473 452 286 295 434 469 421 296 328 272 394 355 296 146 225 395 95 199 93 174 264 84 89 120
331 469 702 400 358 277 220 395 404 552 867 1029 868 897 1050 1131 1037 852 775 778 917 1228 1369 1225 1433 1430 1573 1199 1350 1510 1327 1077 1146 933 884 651 649 678 534 675 626 968 1055 706 1025 1003 1129 1057 829 781 941 1040 970 788 858 836 1031 792 800 669 574 680 385 574 477 468 527 406 520 506
441 636 802 525 410 326 188 431 319 356 579 733 646 696 830 907 799 693 637 687 896 1223 1386 1315 1518 1498 1678 1318 1471 1655 1444 1223 1255 996 882 669 665 582 421 657 699 1004 966 665 1104 1008 1187 1051 801 817 986 1015 960 825 702 795 972 751 822 761 484 520 417 572 438 428 475 437 547 592
837 1165 1279 1059 778 746 698 986 793 512 711 798 705 935 870 989 919 856 794 741 566 616 690 643 825 810 1000 811 934 1119 935 833 913 711 531 547 567 452 360 474 683 719 658 419 670 420 665 561 441 371 560 587 505 480 347 453 582 440 519 649 340 263 440 525 437 424 338 380 605 826
921 1210 1447 1058 804 778 792 1124 1089 859 1144 1242 992 1142 983 1040 1012 828 798 820 581 647 705 734 866 831 996 862 919 1158 938 737 892 732 588 479 591 532 379 650 760 719 621 396 669 460 646 611 491 455 695 567 527 508 395 609 562 327 556 778 406 287 456 572 564 407 404 572 742 1052
900 1206 1411 996 760 751 815 1139 1088 895 1217 1346 1141 1308 1116 1145 1017 831 728 704 489 604 739 752 894 919 1030 845 993 1178 943 746 939 639 523 418 564 504 422 656 686 731 761 403 695 458 544 528 468 412 544 532 510 530 404 669 474 234 403 649 405 306 502 468 566 353 510 588 663 1040
886 1164 1480 1049 714 741 733 1078 1156 941 1263 1382 1138 1370 1134 1182 1035 902 828 765 467 532 682 603 741 765 862 678 845 1006 833 618 702 544 430 394 485 531 428 530 568 530 835 380 497 277 397 348 490 292 321 357 388 469 417 602 445 180 384 531 442 400 483 323 457 382 464 520 652 929
643 860 1054 757 533 542 611 805 874 765 1126 1277 1094 1336 1162 1233 1110 958 858 783 520 596 728 623 796 826 910 700 868 985 842 622 732 542 484 424 520 540 457 567 564 672 862 411 574 397 437 468 454 291 414 499 493 512 469 650 479 214 340 445 418 422 449 372 478 370 510 469 528 838
436 606 754 588 378 359 457 611 705 778 1191 1389 1175 1425 1315 1408 1334 1118 1005 912 680 832 845 776 941 973 1050 737 854 1033 931 665 658 650 621 577 671 750 566 670 657 796 953 574 749 677 695 802 763 487 704 709 627 601 683 773 619 402 580 594 476 707 486 534 546 502 538 559 655 722
686 902 994 757 554 508 590 767 817 860 1272 1477 1362 1611 1525 1578 1430 1233 1053 936 755 956 1005 968 1182 1236 1314 985 1172 1346 1180 903 959 795 728 646 816 785 680 855 849 1004 1160 700 946 762 817 827 826 598 728 840 773 787 743 965 666 421 619 737 585 703 677 618 722 566 693 714 741 1025
657 794 918 840 564 594 698 819 963 944 1326 1456 1258 1651 1404 1434 1381 1248 1144 990 684 721 727 651 811 840 866 684 767 832 789 574 519 526 532 544 646 705 631 663 721 734 1006 593 662 609 598 653 737 450 594 712 644 649 725 810 528 351 525 557 571 755 603 579 663 643 603 617 692 883
542 706 755 658 373 380 509 697 879 724 997 1036 990 1279 1182 1310 1199 1053 1057 1030 836 827 960 837 914 917 991 760 924 1047 920 804 824 669 633 734 620 659 608 565 536 631 874 488 717 534 619 835 972 558 667 604 598 679 795 853 770 508 578 608 631 727 673 527 607 567 698 683 931 869
928 1074 1232 1085 754 787 832 1011 1241 949 1211 1219 1084 1421 1247 1391 1394 1295 1367 1339 953 784 863 699 805 730 877 831 880 1000 922 799 826 826 735 840 734 759 692 683 784 700 871 535 629 415 616 739 820 502 695 641 667 730 780 844 885 566 703 769 761 685 751 707 752 768 712 743 1050 1181
992 1114 1294 1138 873 863 888 977 1233 978 1256 1282 1145 1465 1360 1511 1550 1466 1518 1470 1072 908 933 732 912 829 981 925 984 1098 1030 845 893 929 861 886 848 872 792 802 932 874 1016 689 676 492 736 765 799 543 769 787 798 809 848 899 958 652 806 828 855 748 778 816 838 842 730 728 987 1262
818 1004 1155 952 714 696 787 906 1065 889 1230 1327 1182 1473 1353 1484 1447 1304 1258 1174 793 735 769 624 812 796 911 755 880 1020 910 702 795 735 674 678 730 753 665 711 778 801 944 571 618 419 572 628 647 395 593 638 615 636 663 775 694 427 574 656 639 612 638 631 695 618 625 616 786 1088
932 1200 1325 1099 789 783 899 1080 1170 958 1304 1432 1306 1642 1442 1550 1425 1298 1185 1060 652 635 688 596 777 823 890 673 879 1025 892 682 762 640 573 619 741 759 676 713 775 780 1016 580 620 374 472 517 661 354 463 523 500 606 575 766 504 291 479 631 593 617 713 554 690 576 661 683 793 1141
822 1079 1250 943 735 680 789 931 1027 864 1206 1341 1205 1432 1333 1434 1314 1169 1052 970 658 706 769 661 879 927 989 724 969 1124 949 687 838 646 614 529 693 720 621 705 727 821 1009 596 619 417 531 512 586 374 492 559 536 579 548 731 509 303 474 584 566 548 596 511 625 455 585 569 625 1042
833 1069 1254 939 763 700 787 917 1002 870 1214 1353 1188 1396 1300 1374 1290 1142 1030 964 688 760 803 720 950 980 1052 814 1015 1168 993 711 864 685 657 512 707 711 602 753 794 885 997 621 671 505 620 559 558 428 586 652 618 617 555 752 533 329 522 634 564 524 569 566 653 469 560 567 594 1063
712 930 1107 835 701 654 819 898 991 897 1260 1394 1206 1421 1300 1365 1278 1112 983 893 609 669 718 615 829 891 908 659 879 980 827 564 737 526 566 425 619 681 600 676 666 808 972 592 587 491 513 511 512 367 515 612 558 531 563 694 447 295 410 480 537 562 506 511 611 424 556 495 487 913
689 901 1125 842 692 688 862 970 1071 964 1334 1441 1218 1453 1285 1340 1237 1070 945 821 512 534 626 478 664 734 739 529 737 790 659 451 627 399 444 354 489 597 571 548 517 641 921 501 463 385 376 396 437 268 356 520 472 437 561 606 423 272 299 342 515 551 445 418 541 409 533 409 443 784
584 804 1034 711 551 557 631 811 839 743 1079 1198 1014 1215 1085 1134 990 853 733 636 456 552 725 574 758 813 868 645 851 907 753 571 727 432 413 315 393 441 426 449 423 595 858 400 512 391 413 385 366 260 310 505 481 439 477 550 463 262 258 296 404 399 349 297 397 307 455 309 357 644
651 877 1098 763 564 596 613 876 852 703 1000 1091 920 1122 964 994 855 733 649 583 454 543 760 643 792 810 915 760 906 966 797 671 819 490 408 338 356 333 347 423 433 559 747 313 567 398 455 421 352 299 352 520 511 471 445 551 528 283 272 365 369 291 352 308 391 317 443 338 440 692
623 805 1057 735 518 604 590 852 841 743 1092 1241 1005 1234 1000 1046 929 793 728 669 481 561 807 670 804 795 936 830 904 955 842 704 812 572 464 420 406 398 365 488 481 615 775 296 616 454 449 488 310 285 409 561 580 534 464 607 623 287 293 382 368 314 359 334 401 386 518 395 481 703
756 946 1196 822 599 659 598 925 915 755 1048 1146 942 1116 936 974 879 741 728 736 625 708 963 865 980 927 1117 1045 1086 1185 1017 896 1032 753 596 522 472 396 370 568 591 679 734 322 746 533 629 634 436 452 589 659 693 646 529 705 786 411 451 589 447 285 437 446 492 438 549 505 660 875
691 808 1023 762 624 748 730 941 867 840 1218 1401 1140 1356 1107 1161 1096 939 896 864 715 796 1084 934 1061 1010 1204 1172 1148 1158 1081 978 1114 856 736 673 605 549 524 724 699 926 899 440 925 793 711 829 377 498 751 918 930 794 675 831 965 558 476 560 516 433 488 600 602 607 761 564 620 835
688 792 850 738 636 724 705 846 697 716 1074 1258 1131 1387 1241 1316 1257 1127 1052 986 919 1023 1270 1124 1294 1239 1459 1389 1367 1369 1298 1229 1333 1049 911 884 792 641 658 853 879 1178 1045 612 1183 1022 979 1086 556 673 965 1203 1160 992 846 988 1159 779 644 712 615 556 636 802 751 768 879 649 720 918
791 922 1005 877 675 757 664 874 756 696 1010 1155 1053 1356 1204 1270 1205 1124 1065 981 891 968 1187 1050 1221 1152 1387 1334 1311 1339 1264 1200 1235 1018 831 853 751 582 605 772 876 1047 1007 571 1086 875 944 960 588 629 849 1090 1061 950 790 927 1094 723 665 746 602 517 649 746 710 773 777 629 777 963
684 864 1094 780 643 660 582 733 668 570 874 1071 877 1046 920 1006 925 855 797 800 679 807 1021 878 1102 1078 1242 1081 1202 1276 1152 921 1049 810 721 541 614 555 431 677 720 956 931 514 795 654 695 623 296 420 647 764 787 699 451 680 722 411 483 526 434 320 408 485 464 419 551 417 391 818
801 970 1177 990 795 877 881 961 911 753 1086 1293 1041 1343 1054 1168 1128 1082 1032 980 645 632 809 640 840 829 953 870 957 969 941 743 832 706 663 598 670 677 546 697 768 939 953 534 676 572 506 544 236 298 584 696 714 659 446 650 631 362 420 463 479 435 497 556 544 558 652 490 446 892
710 800 1074 784 633 754 713 918 927 871 1237 1407 1102 1298 1046 1119 1098 943 959 976 786 826 1098 934 1050 968 1175 1172 1121 1156 1091 951 1076 903 790 703 622 603 522 745 723 905 865 440 871 757 711 838 398 510 805 881 925 798 678 837 1006 565 547 610 557 446 482 620 603 622 745 590 672 884
