36307 30957 29142 29240 28378 27161 27271 27758 28202 26928 26851 25636 25768 25725 26069 25794 25862 26296 26702 27077 27297 27474 27667 27780 28022 28310 28500 28770 29197 29529 29598 29806 30245 30185 30295 30533 30786 30954 31100 30171 29965 29965 27785 27961 27585 27650 27887 28197 28575 28634 28864 28902 29234 29440 29865 30426 30877 31456 31298 31758 32283 32554 32874 33762 34056 34701 32872 30306 29847 28501
35981 30698 28988 28972 28114 26996 27185 27907 28087 26761 26927 25428 25511 25774 26044 25647 25817 26251 26656 27115 27371 27451 27575 27707 27877 28047 28193 28503 28827 29104 29407 29764 29836 29902 30038 30297 30616 30846 30947 29937 29721 29768 27502 27640 27419 27503 27709 28007 28265 28522 28513 28642 28834 29229 30024 30412 30874 31036 30981 31529 31893 32313 32852 33329 34031 34462 32274 29878 29389 28282
35614 30324 28792 28740 27815 26846 27057 27737 27811 26593 26676 25292 25454 25695 25913 25475 25642 26053 26556 27016 27162 27306 27542 27712 27843 27980 28241 28466 28664 29044 29395 29464 29653 29964 29996 30321 30677 30790 30931 29671 29466 29480 27418 27534 27255 27318 27586 27818 28129 28345 28191 28316 28436 29179 29676 30389 30449 30848 30527 31104 31602 32322 32679 33361 33797 33786 31867 29609 29130 28108
35169 29919 28507 28347 27479 26695 26868 27435 27863 26392 26356 25163 25383 25518 25636 25253 25393 25982 26443 26819 27014 27302 27617 27626 27720 27980 28108 28157 28447 28898 28962 29168 29585 29784 29913 30346 30575 30752 31012 29333 29131 29140 27302 27490 27094 27155 27325 27564 27892 27941 27863 27928 28449 28860 29635 29911 30290 30254 30057 30846 31759 32119 32674 33043 33013 33076 31392 29284 28814 27923
34765 29427 28343 28008 27054 26492 26590 27294 27664 26080 26111 24920 25232 25139 25488 25003 25252 25823 26274 26690 27019 27298 27390 27369 27551 27737 27749 27928 28366 28603 28859 29172 29499 29676 29971 30144 30436 30849 31072 28978 28781 28817 27013 27342 26812 26865 27004 27233 27425 27523 27494 27741 28114 28942 29222 29815 29717 29667 29862 30899 31238 32025 31999 32144 32224 32292 30715 28795 28329 27685
34320 28992 27960 27455 26596 26163 26225 27020 26899 25635 25923 24726 24721 25015 25071 24839 25021 25530 26157 26773 26929 26999 27043 27109 27245 27338 27538 27861 28097 28459 28753 29166 29435 29637 29775 30007 30404 30778 31012 28675 28477 28534 26734 26855 26537 26618 26766 26838 27054 27231 27181 27511 27973 28449 29286 29244 29187 29475 29887 30585 31192 31429 31461 31466 31648 32090 30293 28303 27900 27347
33847 28484 27682 27160 26159 25839 26054 26658 26480 25322 25553 24471 24556 24698 24671 24557 24780 25377 26105 26426 26574 26566 26819 27026 27105 27287 27582 27852 28232 28692 29148 29618 29885 30092 30087 30227 30575 30953 31043 28284 28095 28170 26585 26667 26217 26324 26445 26612 26690 26783 26983 27343 27452 28370 28501 28732 28906 29369 29611 30394 30599 30863 30767 31005 31451 31277 29908 28041 27608 27114
33384 28143 27292 26825 25815 25560 25568 25961 26260 25067 25146 24299 24428 24270 24430 24398 24757 25474 25844 26156 26175 26476 26798 26843 27020 27288 27492 27909 28421 28879 29247 29503 29827 29836 29907 30263 30656 30801 30997 28053 27885 27914 26475 26317 26028 26034 26192 26301 26432 26571 26703 26956 27311 27483 27909 28336 28654 29005 29214 29818 30128 30223 30568 30909 30717 30947 29591 27713 27328 26752
33186 27895 26991 26428 25625 25437 25475 26012 25987 24905 25308 24164 24134 24245 24228 24314 24864 25335 25544 25837 26257 26500 26532 26720 26884 27049 27294 27678 28119 28656 28923 29304 29430 29541 29735 30068 30445 30710 31000 27642 27460 27527 26201 25977 25896 25942 25997 25973 26225 26624 26734 27062 27019 27665 28091 28757 29172 29744 29468 29747 29694 30187 30254 30287 30414 30646 29277 27443 27071 26735
32799 27456 26379 25971 25379 25196 25304 25764 26152 24698 24936 23927 23968 24114 24017 24266 24559 24985 25245 25863 26112 26184 26465 26781 27070 27287 27674 27939 28115 28435 28748 29091 29213 29537 29817 30272 30753 30885 31363 26971 26803 26829 25941 25794 25591 25591 25600 25808 26095 26406 26557 26556 26861 27306 28217 28923 29140 29669 29003 29161 29661 29920 29827 30110 30017 30178 29057 27252 26946 26577
32367 26937 25416 25221 24989 24700 24930 25552 25984 24337 24479 23371 23671 23563 23586 23613 24055 24746 25212 25574 25617 25984 26302 26547 26713 26950 27138 27242 27596 27984 28342 28615 28997 29247 29490 30042 30340 30708 31196 25967 25909 25947 25201 25267 25148 25184 25265 25594 25917 26170 26042 26203 26486 27275 28061 28416 28483 28492 28160 28637 29033 29230 28981 29234 29178 29358 28233 26553 26341 26134
32121 26536 24896 24709 24752 24506 24651 25532 25411 24038 24167 23159 23145 23196 23463 23244 23659 24473 24801 25113 25435 25835 26116 26231 26428 26600 26684 26923 27331 27743 28075 28496 28887 29199 29442 29819 30260 30696 30943 25375 25361 25413 24751 24995 24911 24994 25191 25468 25814 25872 25785 26007 26536 27302 27662 27895 27861 27774 27628 28250 28420 28690 28464 28496 28729 29029 27760 26056 25964 25918
31672 26116 24676 24353 24528 24292 24540 25224 24883 23698 24075 23030 22803 23033 23095 23238 23637 23920 24386 24961 25393 25654 25887 26063 26203 26335 26516 26858 27181 27598 28015 28460 28986 29358 29509 29895 30353 30654 30885 25151 25107 25253 24591 24689 24679 24774 25050 25284 25402 25531 25465 26124 26373 26868 27220 27880 27373 27545 27250 27786 27950 28172 27972 28089 28453 28454 27463 25760 25671 25784
31120 25487 24187 24067 24193 23984 24137 24655 24519 23414 23533 22646 22542 22586 22914 23041 23199 23673 24215 24811 25215 25489 25804 26055 26290 26615 27049 27715 28397 29157 29748 30224 30820 31267 31630 32189 32780 33180 33108 24526 24542 24603 24447 24517 24272 24371 24642 24874 24944 24928 25417 25764 25842 26006 26815 27561 26654 26793 26512 26910 27470 27301 27401 27842 27648 27913 27012 25433 25469 25491
30727 25196 23962 23962 24324 23834 24153 24824 24289 23318 23594 22339 22360 22786 23135 22854 23166 23882 24537 25188 25645 25878 26271 26653 26984 27480 28069 28776 29509 30490 31429 32204 32920 33218 32727 33142 33150 33177 32784 24133 24141 24298 24178 24185 24019 24115 24347 24436 24490 24978 25260 25295 25325 26028 26842 26936 26126 26072 26148 26655 26701 26861 27120 27057 27292 27500 26525 25140 25270 25564
29895 24556 23590 23715 23979 23526 23575 24050 23817 22875 22992 22001 22031 22395 22480 22368 22765 23254 23986 24672 25049 25438 26027 26383 26899 27455 28057 28785 29540 30551 31357 32086 32623 32505 32332 32365 32394 32553 32121 23710 23789 23837 23824 24181 23603 23709 23943 23946 24379 24694 24639 24789 24995 25773 25917 26209 25422 25398 25411 25761 25988 26371 26451 26493 26658 26695 25998 24852 25057 25087
29124 24084 23355 23496 23488 23237 23175 23430 23895 22511 22459 21743 21884 21950 22015 22274 22361 22902 23742 24340 24824 25340 25879 26406 27012 27751 28494 29109 29708 30508 31273 31976 32605 31882 31879 31726 31864 32119 31568 23430 23483 23497 23868 24305 23249 23363 23500 23751 24053 24045 24175 24362 24814 25097 25460 25559 24927 25126 24920 25323 25690 25775 25884 26043 26090 25887 25545 24620 24709 24682
28757 23886 23089 23343 23198 22811 22787 23266 23300 22214 22254 21466 21583 21694 21997 22107 22280 23074 23624 24497 25038 25599 26139 26609 27095 27682 28128 28697 29474 30403 31176 31946 32568 31335 31101 31200 31429 31591 31013 23361 23407 23389 23623 24017 23034 23117 23277 23459 23712 23669 23711 24022 24152 24701 24899 25222 24445 24442 24494 24950 25132 25380 25299 25379 25376 25429 24986 24077 24243 24226
28255 23561 22986 23067 22802 22543 22454 22830 22850 21910 22008 21315 21261 21570 21817 21892 22256 22645 23620 24433 25138 25532 26126 26579 27081 27503 27953 28794 29584 30526 31301 32145 32521 30809 30616 30792 30967 31060 30554 23273 23260 23351 23612 23827 22855 22913 23102 23169 23233 23322 23581 23563 23868 24220 24580 25193 24029 24196 24077 24472 24758 24663 24747 24701 24723 24811 24516 23763 23938 23940
27741 23202 22759 22910 22361 22170 21982 22556 22430 21629 21878 20985 20999 21294 21460 21768 21940 22784 23389 24315 24854 25422 25968 26506 26841 27187 27789 28596 29413 30291 31208 32135 31587 30066 29935 30043 30281 30559 29975 23103 23127 23242 23428 23578 22638 22690 22782 22813 23007 23141 23125 23358 23512 23800 24418 24436 23544 23536 23439 23862 23922 24021 24011 23938 24094 24291 23882 23406 23531 23698
27243 22681 22445 22462 21890 21770 21612 22124 21987 21198 21238 20745 20696 21018 21373 21334 21756 22172 23154 23961 24599 25121 25790 26234 26556 27150 27839 28620 29320 30373 31379 32205 30857 29431 29395 29522 29811 29828 29372 22868 22897 23041 23214 23695 22323 22402 22524 22554 22661 22781 22853 23004 22949 23722 23783 24173 23196 23222 22961 23323 23389 23541 23487 23565 23724 23772 23542 23177 23341 23662
26563 22229 22080 22434 21342 21301 21106 21453 21426 20721 20560 20354 20354 20786 20949 21148 21235 21885 22819 23658 24298 24869 25474 25848 26397 27018 27621 28395 29277 30383 31263 32127 30033 28729 28702 28838 28826 28865 28646 22613 22655 22752 23125 23487 21923 22014 22186 22212 22374 22302 22365 22412 22723 22955 23449 23935 22712 22849 22380 22693 22974 22817 23045 23147 23193 23334 23140 22872 23125 23565
25990 21880 22095 22472 20966 21051 20757 21051 21222 20444 20205 20116 20316 20540 20783 20936 21273 22060 23112 23991 24445 24927 25329 25914 26557 26940 27529 28344 29336 30309 31277 31898 29314 28066 28221 28161 28270 28206 28094 22536 22624 22728 23189 23625 21689 21763 22022 21850 22034 21867 21903 22069 22201 22771 23377 23313 22349 22366 21917 22296 22294 22459 22531 22549 22756 22685 22588 22630 23140 23315
25397 21634 21784 21947 20524 20591 20274 20498 20597 19992 19829 19773 20080 20301 20557 20812 21213 22025 22944 23702 24182 24560 25136 25703 25929 26423 27000 27881 28778 29928 30624 31195 28231 27115 27144 27224 27213 27350 27320 22362 22482 22601 22817 23355 21420 21525 21806 21289 21483 21399 21345 21531 21827 22662 22704 22604 21776 21742 21367 21687 21781 21910 21894 22000 22280 22124 22034 22406 22764 23051
24984 21471 21469 21769 20308 20322 19997 20170 20293 19754 19585 19701 20341 20550 20906 21051 21203 22127 22777 23609 23976 24626 25131 25336 25686 26155 26780 27558 28607 29493 30134 30647 27352 26341 26464 26443 26659 26717 26922 22164 22323 22386 22791 23241 21242 21359 21601 20779 21060 20922 20878 21202 21816 22219 22041 21912 21281 21203 20971 21291 21405 21523 21470 21792 21743 21676 21999 22263 22752 23056
24475 21174 21221 21495 19957 19975 19670 19750 19612 19320 19371 19775 20248 20496 20778 20739 21104 21694 22642 23377 23989 24407 24596 24845 25136 25722 26310 27215 28045 28974 29646 29667 26449 25530 25534 25763 25837 26216 26121 21878 22012 22089 22333 22851 20862 21010 21064 20104 20242 20267 20431 20920 21270 22011 21389 21242 20676 20750 20655 20828 20881 21006 20954 21130 21146 21448 21646 22031 22618 22987
23898 20918 21174 21485 19621 19791 19247 19175 19119 18992 19437 19805 20086 20477 20340 20439 20628 21430 22195 23142 23606 23720 24070 24376 24817 25233 25888 26777 27553 28442 29187 28587 25484 24693 24793 24809 25208 25307 25245 21498 21611 21714 22108 22131 20478 20619 20450 19512 19651 19702 20133 20514 20935 21302 20505 20335 19995 20195 20085 20125 20272 20283 20342 20586 20840 21154 21550 21976 22558 23049
23364 20683 21083 21138 19367 19462 18869 18727 18670 19004 19372 19668 20128 20118 20024 20016 20465 21071 22082 22811 22927 23223 23581 24037 24330 24796 25423 26221 26976 27915 28510 27477 24591 23855 23866 24245 24304 24329 24301 21090 21200 21353 21391 21644 20062 20183 19897 19009 19127 19410 19707 20164 20277 20732 19709 19571 19442 19552 19575 19664 19794 19826 19979 20446 20721 21125 21535 21980 22525 23298
22502 20196 20557 21061 18942 19152 18371 18171 18475 18608 18989 19604 19881 19598 19509 19611 19937 20832 21668 21973 22323 22582 23076 23379 23774 24225 24744 25435 26199 27002 27428 26270 23525 22782 23029 23106 23156 23106 23109 20281 20378 20359 20740 21183 19322 19384 19044 18341 18574 18767 19146 19513 19659 19705 18846 18787 18764 19012 19189 19275 19439 19524 19948 20787 21189 21622 22035 22635 23291 23948
21846 19874 20384 20903 18557 18781 18014 17869 18117 18530 19233 19357 19291 19207 19114 19367 20141 20669 21040 21598 21849 22205 22469 22802 23078 23433 23843 24519 25246 25987 26396 25036 22513 21767 21947 21964 21947 22110 22038 19710 19693 19702 20194 20216 18749 18738 18409 17740 18060 18378 18729 18789 18860 18876 18294 18274 18345 18787 19133 18960 19090 19366 20090 20875 21083 21411 22206 22517 23315 24011
20724 19190 19765 20144 17845 18111 17397 17309 17652 18273 18415 18770 18452 18406 18440 19119 19310 19541 20195 20615 20966 21081 21380 21601 21828 22061 22443 23008 23575 24293 24452 23223 21074 20216 20456 20278 20423 20677 20389 18761 18627 18636 18972 18990 17790 17741 17505 17011 17346 17650 17748 17820 17859 17952 17645 17716 18010 18484 18774 18601 18920 19354 20033 20643 20692 21385 21777 22312 22916 23169
19385 18332 18736 18907 16898 16984 16695 16755 17226 17257 17591 17639 17526 17613 18041 18248 18264 18787 19220 19676 19842 19922 20108 20334 20407 20575 20780 21214 21756 22279 22508 21196 19509 18500 18559 18493 18884 18899 18749 17544 17305 17338 17849 17671 16651 16628 16426 16127 16400 16564 16756 16721 16914 16982 17098 17362 17638 18026 18217 18397 18751 19009 19544 20129 20317 20785 21456 21756 21998 22397
18536 17838 18014 18301 16383 16295 16326 16708 16649 16932 17129 16975 17051 17541 17608 17641 17892 18167 18693 18988 19089 19153 19362 19320 19372 19449 19605 19940 20329 20839 20994 19784 18379 17291 17181 17594 17765 17662 17568 16917 16610 16690 16824 16782 16000 15964 15785 15617 15841 16017 16006 16139 16313 16675 16988 17269 17485 17799 18108 18479 18798 19048 19461 19943 20220 20785 21246 21260 21572 22034
17879 17390 17724 18081 15998 16066 16144 16382 16629 16571 16619 16783 17058 17201 17175 17251 17327 17866 18171 18385 18541 18768 18675 18683 18732 18815 18985 19181 19510 19846 19913 18848 17609 16484 16614 16849 16942 16846 16774 16376 16085 16110 16532 16403 15613 15601 15430 15465 15581 15624 15860 15997 16358 16786 17205 17509 17725 18346 18564 18933 19233 19570 20044 20271 20603 20821 21105 21234 21716 21719
17517 17208 17587 17668 15764 15834 15830 16201 16543 16371 16507 16752 16815 16863 16878 16886 17335 17692 17900 18145 18378 18508 18273 18309 18185 18242 18333 18539 18839 19165 19061 18136 17050 15967 16079 16237 16468 16226 16198 16033 15812 15951 16082 15944 15459 15453 15296 15334 15476 15566 15789 16098 16424 16841 17168 17441 17741 18137 18353 18662 19121 19489 19535 20061 20217 20490 20854 21258 21326 21471
17353 16928 17237 17283 15571 15542 15632 16017 16179 16078 16383 16404 16515 16611 16622 16713 16947 17362 17630 17968 18117 18085 17810 17812 17629 17668 17784 18002 18420 18982 18422 17696 16618 15636 15550 15751 15760 15582 15662 15450 15314 15386 15438 15279 15138 15138 15120 15264 15372 15567 15784 16064 16325 16713 17128 17408 17564 18046 18156 18614 19054 19216 19435 19907 20218 20469 20863 21020 21115 21375
17151 16685 16868 17349 15467 15389 15499 15883 15946 16078 16210 16252 16334 16517 16431 16418 16685 17157 17449 17784 17752 17707 17494 17468 17227 17270 17372 17620 18176 18923 17701 17143 16140 15223 15136 15314 15270 15182 15171 14990 14916 14949 14932 14975 14973 14953 15050 15118 15462 15732 15794 15978 16262 16626 16969 17238 17450 17791 18023 18533 18877 19152 19389 19821 20089 20680 20734 20873 21114 21253
16762 16387 16829 17190 15233 15337 15325 15671 15887 15888 16158 16108 16270 16400 16176 16287 16570 17044 17382 17721 17481 17458 17236 17224 16891 16962 17121 17458 18124 18304 17059 16576 15731 14807 14766 14787 14844 14834 14826 14567 14529 14561 14730 14947 14813 14849 14923 15160 15426 15621 15807 16090 16343 16739 17051 17281 17506 17916 18068 18654 18803 19015 19287 19684 20098 20343 20679 20891 21048 21238
16450 16186 16485 16592 15034 15076 15045 15468 15674 15829 16021 15956 16122 16386 15967 16130 16430 16911 17192 17582 17131 17062 16919 16857 16436 16516 16717 17157 17659 17312 16165 15713 15132 14243 14131 14271 14397 14386 14532 14203 14215 14297 14577 14723 14797 14772 14919 15061 15405 15694 15779 16011 16232 16601 16881 17209 17382 17660 17948 18412 18623 18896 19214 19568 19833 20271 20530 20684 20949 21137
16098 15958 16206 15994 14827 14898 15012 15471 15665 15615 15789 15907 16113 16231 15771 15862 16106 16459 16707 16821 16506 16482 16343 16283 15904 15993 16185 16519 16831 16053 15045 14642 14328 13482 13437 13553 13736 13942 14027 13810 13846 14109 14442 14716 14657 14734 14906 15144 15451 15616 15830 16148 16471 17002 17539 18085 18418 18969 19361 20020 20436 20842 21137 21562 22008 22332 22661 22887 23103 23202
15893 15841 16148 15616 14720 14778 14953 15399 15529 15572 15796 15906 15995 16070 15601 15666 15807 16288 16081 16166 16021 16017 15938 15877 15499 15570 15690 15989 15897 15064 14150 13817 13638 12920 12885 13105 13452 13589 13576 13618 13851 14127 14413 14621 14681 14796 14992 15211 15496 15702 15927 16238 16596 17112 17647 18162 18437 18947 19305 19924 20423 20775 21096 21537 21931 22325 22621 22799 23022 23168
15694 16003 16658 15339 14640 14795 14961 15366 15578 15732 16038 16089 15873 15898 15479 15440 15710 15903 15514 15593 15810 15628 15590 15550 15200 15206 15288 15576 15112 14205 13390 13126 13072 12453 12564 12937 13269 13199 13382 13823 13947 14258 14753 15129 15478 15831 16046 16334 16610 16877 17000 17385 17835 18329 18889 19291 19627 20302 20729 21352 21916 22302 22604 23189 23563 23942 24369 24773 25003 25395
15490 15725 16378 14702 14377 14619 14715 15125 15632 15383 15630 15796 15485 15513 15222 15019 15244 15181 15083 15391 15365 15180 15180 15068 14749 14793 14946 15159 14329 13526 12742 12609 12623 12048 12318 12649 12736 12838 13005 13262 13385 14039 14621 15047 15441 15768 16026 16345 16549 16773 17067 17477 17935 18504 19131 19566 19965 20815 21355 22052 22759 23280 23741 24483 24950 25345 25879 26417 26792 27278
15306 15422 15785 14105 14083 14273 14441 15037 15275 15014 15221 15408 15041 15060 14913 14587 14555 14661 14918 14885 14910 14708 14811 14520 14215 14273 14334 14457 13455 12809 12063 12124 12098 11638 11982 11928 12192 12389 12472 12753 13207 13836 14356 15004 15370 15944 16456 16976 17456 18001 18518 19180 20036 21003 21871 22411 22828 23637 24173 24978 25827 26572 27314 28241 28912 29640 30248 30801 31295 31825
14876 15112 15364 13595 13588 13970 14224 14594 14860 14554 14807 15068 14641 14579 14532 14251 14276 14463 14567 14705 14577 14407 14436 14154 13873 13910 13892 14000 12962 12392 11753 11891 11843 11424 11740 11618 11880 12144 12175 12706 13319 13958 14348 14833 15395 15958 16593 17417 17975 18475 19060 20007 21008 22003 23314 24090 24679 25799 26374 27283 28379 29186 30097 30947 31443 32058 32263 32736 33008 33062
14425 14566 14821 13029 13170 13550 13620 14034 14279 14032 14327 14518 14059 14084 14149 13808 13908 14037 14257 14451 14185 14016 14046 13772 13573 13541 13456 13419 12509 12064 11491 11616 11508 11187 11392 11361 11710 11852 11892 12558 13094 13821 14038 14717 15179 15813 16530 17213 17684 18312 18985 19820 20621 21966 23071 23891 24561 25550 26096 27149 28120 29180 29777 30485 31147 31532 31924 32381 32490 32759
13869 14132 14073 12579 12839 12886 12924 13508 13813 13554 13799 14049 13543 13614 13682 13431 13527 13739 14070 14025 13795 13684 13770 13500 13373 13299 13142 12975 12214 11844 11316 11345 11187 10990 11125 11224 11466 11656 11742 12341 12948 13657 14019 14520 15038 15684 16302 16963 17530 18195 18791 19545 20547 21602 22765 23689 24263 25208 25821 26810 28045 28811 29354 30130 30560 31217 31641 31934 32198 32524
13399 13560 13763 12289 12312 12349 12583 13163 13416 13099 13386 13573 13065 13168 13214 13027 13094 13439 13816 13507 13339 13304 13315 13143 13097 12984 12805 12532 11914 11594 11162 11222 10917 10828 10955 10976 11235 11408 11598 12259 12850 13540 13879 14372 14913 15559 16207 16873 17435 18097 18724 19477 20422 21545 22753 23556 24180 25143 25764 26839 27792 28489 28939 29716 30305 30917 31320 31688 32047 32435
12918 13185 13534 11944 11838 12024 12185 12816 13001 12726 13146 13044 12684 12799 12778 12708 12948 13368 13361 13212 13062 13083 13047 12979 12952 12833 12632 12309 11765 11470 11096 11108 10804 10768 10856 11046 11166 11579 12070 12771 13499 14334 14872 14855 15341 16012 16524 17028 17492 18127 18692 19475 20374 21561 22677 23530 24124 25086 25767 26677 27582 28155 28736 29471 30042 30692 31152 31637 31972 32446
12543 12764 13090 11473 11521 11670 11902 12440 12604 12315 12793 12550 12251 12448 12530 12233 12462 12628 12789 12618 12551 12525 12552 12594 12627 12504 12260 11899 11411 11125 10747 10800 10622 10593 10779 10843 11205 11565 11982 13000 13763 14289 14328 14769 15460 16194 16832 17423 17858 18604 19350 20203 20778 21980 23074 23924 24613 25396 25935 26653 27416 28304 28985 29934 30606 31348 31980 32496 32575 33109
11962 12115 12364 10951 10982 11170 11280 11905 12300 11790 12136 11815 11758 12081 12000 11703 11869 12164 12267 12127 12027 12051 12214 12324 12336 12245 11932 11529 11170 10915 10516 10590 10423 10484 10554 10761 11104 11530 12001 12862 13225 13740 14147 14712 15360 16107 16733 17347 17950 18701 19277 19820 20636 21695 22909 23840 24157 25034 25493 26224 27332 28136 29005 29816 30455 31499 31881 32150 32472 32615
11380 11658 11676 10452 10611 10674 10883 11644 11978 11308 11473 11239 11448 11640 11505 11154 11267 11562 11746 11609 11553 11695 11961 12035 11982 11904 11548 11172 10907 10614 10283 10303 10367 10334 10503 10886 11357 11724 12020 12418 12893 13580 14210 15084 15739 16465 16884 17390 17913 18572 19026 19607 20410 21774 23011 23457 23975 24727 25223 26214 27145 28107 28733 29665 30626 31184 31564 31956 32098 32270
10830 11149 11063 9882 10039 10098 10187 10896 11358 10599 10656 10675 10772 10763 10745 10609 10448 10763 10914 10941 11035 11262 11483 11521 11355 11288 11020 10794 10615 10389 10082 10163 10236 10229 10627 10858 11078 11457 11724 12298 12946 13670 14430 15301 15737 16333 16776 17322 17913 18423 18847 19392 20543 21791 22520 23160 23740 24427 24854 25852 26810 27740 28444 29572 30180 30736 31157 31420 31667 31626
10123 10450 10393 9143 9213 9359 9540 10147 10626 9749 9882 10023 9874 9930 9954 10029 9851 10074 10443 10559 10723 10850 11105 10990 10727 10628 10477 10369 10246 10121 9940 10058 10070 10163 10560 10614 10882 11215 11513 12232 12914 13665 14287 14870 15385 15969 16419 16961 17441 18020 18431 19060 20316 21197 22202 22884 23317 24045 24534 25353 26357 27240 27964 28910 29428 30020 30408 30739 30831 31025
9360 9616 9581 8303 8403 8741 8861 9513 9860 8907 9182 9311 9057 9187 9322 9400 9330 9776 10197 10311 10392 10562 10914 10526 10189 10075 10026 10001 9891 9853 9795 9924 9970 10063 10365 10467 10741 11072 11359 12137 12833 13514 13977 14481 15013 15587 16066 16496 16993 17602 18121 18825 19823 20930 22007 22557 22933 23723 24121 24965 25982 26768 27340 28191 28646 29246 29779 29947 30202 30622
8703 8882 8846 7685 7969 8165 8313 9003 9046 8273 8626 8785 8481 8726 8880 8879 9150 9603 9985 10036 10194 10498 10785 10222 9881 9779 9779 9799 9728 9749 9735 9900 10047 10173 10448 10606 10967 11383 11594 12164 12732 13454 13826 14261 14749 15300 15715 16239 16711 17374 17905 18570 19570 20709 21653 22236 22662 23350 23778 24740 25687 26352 26988 27622 28113 28933 29226 29591 29958 30246
7953 8147 8226 7198 7377 7515 7679 8274 8200 7632 8033 8190 7928 8195 8332 8583 8890 9213 9529 9664 10012 10231 10396 9855 9565 9484 9505 9616 9623 9644 9672 9915 10076 10205 10455 10579 10920 11241 11355 11997 12614 13345 13599 13948 14377 14852 15416 15987 16450 17032 17548 18324 19167 20150 21132 21841 22158 22857 23412 24295 25133 25881 26409 27056 27749 28398 28890 29340 29545 29758
7306 7486 7613 6711 6796 6971 7054 7527 7512 7111 7518 7739 7513 7766 8107 8412 8683 8962 9261 9573 9860 10002 9995 9599 9387 9334 9387 9523 9544 9579 9709 10003 10186 10346 10656 10723 10951 11136 11217 11936 12533 13232 13458 13697 14084 14653 15255 15851 16246 16822 17431 18117 18822 19757 20844 21457 21735 22550 23025 23881 24832 25440 26018 26783 27329 28171 28755 29072 29161 29502
6685 6788 6800 6171 6229 6357 6392 6952 6851 6624 7045 7102 7142 7595 7926 8217 8499 8806 9232 9475 9681 9673 9654 9372 9241 9200 9248 9382 9434 9592 9742 10077 10227 10386 10585 10603 10849 11010 11095 11795 12370 13070 13208 13414 13903 14492 15092 15633 16039 16699 17214 17772 18457 19478 20463 21032 21359 22144 22648 23601 24430 25054 25732 26370 27095 28026 28459 28678 28916 29288
6047 6136 6072 5657 5744 5752 5806 6377 6296 6211 6560 6808 7029 7450 7784 8049 8301 8748 9101 9312 9509 9359 9363 9218 9157 9141 9200 9324 9437 9631 9767 10050 10218 10384 10504 10598 10808 10954 11051 11704 12312 12963 13078 13347 13846 14379 14936 15443 15945 16546 16926 17522 18211 19135 20031 20684 21063 21807 22355 23303 24096 24834 25469 26170 26959 27834 28179 28518 28800 29107
5419 5514 5544 5206 5278 5284 5330 5823 5887 5837 6375 6728 6968 7326 7695 7918 8217 8608 8943 9191 9273 9106 9138 9104 9090 9163 9248 9422 9612 9823 9948 10118 10282 10401 10539 10700 10971 11126 11214 11784 12288 12893 13103 13396 13794 14249 14785 15310 15783 16335 16778 17334 18010 18860 19791 20461 20936 21685 22183 23095 23954 24665 25303 26106 26799 27603 28111 28455 28721 29033
4962 5055 5115 4875 4954 4931 4978 5480 5569 5879 6345 6731 7084 7428 7839 8037 8322 8697 8995 9198 9061 8973 9035 9026 9166 9354 9549 9824 10113 10358 10477 10611 10809 10925 11163 11393 11761 11991 12115 12700 13220 13834 14126 14606 15031 15511 16067 16667 17205 17751 18222 18802 19532 20396 21319 21975 22515 23321 23804 24723 25642 26441 27135 28102 28865 29673 30272 30752 31131 31479
4534 4626 4667 4529 4538 4547 4657 5024 5577 5888 6284 6754 7183 7489 7880 8084 8327 8724 9038 9066 8897 8874 8918 9033 9227 9486 9746 10082 10467 10790 10955 11071 11275 11413 11711 11949 12246 12463 12655 13236 13785 14393 14788 15380 15852 16421 17060 17781 18462 19094 19681 20400 21320 22281 23280 24012 24639 25549 26030 26918 27901 28678 29336 30374 31177 31949 32617 33197 33658 34073
4109 4186 4208 4190 4157 4214 4293 4984 5680 6096 6510 7069 7487 7758 8189 8446 8578 8886 9089 8896 8788 8782 8915 9053 9317 9732 10139 10615 11121 11474 11668 11824 12124 12310 12776 13130 13607 13958 14232 14946 15596 16331 16859 17595 18110 18732 19265 19953 20635 21196 21713 22450 23433 24337 25244 26032 26591 27434 27951 28948 30063 30899 31385 32595 33485 34346 35178 35978 36606 37132
3674 3579 3708 3911 3649 3717 4125 4851 5638 6030 6433 6871 7345 7679 8157 8237 8437 8758 9013 8687 8625 8695 8814 8992 9342 9783 10224 10719 11145 11576 11879 12019 12240 12408 12931 13326 13677 13959 14269 14977 15675 16317 16762 17526 18076 18562 19107 19870 20524 21074 21657 22407 23296 24165 25260 25845 26376 27367 27912 28922 29929 30578 31325 32517 33568 34473 35236 36074 36724 37201
3070 2982 3289 3343 3164 3511 4029 4813 5583 6006 6271 6693 7323 7650 7935 8175 8334 8703 8826 8553 8576 8733 8899 9131 9562 9949 10211 10474 11000 11495 11712 11866 12072 12365 12955 13402 13761 14075 14420 15063 15608 16187 16689 17484 17857 18264 18869 19537 20260 20854 21421 22136 23010 24082 24947 25522 26205 27284 27864 28826 29707 30561 31378 32541 33588 34360 35219 36027 36567 37122
2363 2333 2541 2592 2836 3336 3864 4641 5449 5698 6011 6616 7179 7357 7800 7992 8277 8538 8546 8486 8618 8788 8962 9111 9432 9697 9944 10284 10883 11272 11505 11725 12005 12292 12933 13333 13681 14019 14249 14848 15393 15987 16567 17197 17531 18061 18601 19344 20062 20611 21167 21911 22931 23814 24727 25382 26102 27184 27775 28664 29702 30569 31413 32696 33418 34303 35129 35830 36349 36890
1726 1658 1874 2247 2649 3233 3775 4513 5116 5424 5878 6471 6853 7221 7594 7904 8085 8240 8405 8494 8614 8708 8810 8940 9131 9389 9723 10202 10720 11153 11468 11767 12074 12331 12855 13163 13543 13799 14010 14627 15161 15780 16240 16822 17303 17860 18504 19235 19850 20413 21069 21837 22774 23727 24792 25547 26157 27285 27946 28907 29962 30686 31435 32470 33363 34182 34960 35609 36146 36710
1257 1160 1772 2289 2805 3457 4098 4961 5650 6038 6538 7132 7590 8048 8521 8917 9063 9334 9715 9896 10071 10254 10440 10589 10836 11149 11525 12001 12500 13007 13364 13763 14064 14376 14908 15154 15429 15704 15956 16496 17023 17541 17981 18590 19143 19840 20661 21555 22422 23225 24111 25105 26343 27621 28918 29897 30651 31876 32658 33766 34977 35864 36800 37957 39047 40113 41016 41749 42455 43123
567 1209 1923 2578 3085 3696 4338 5161 6058 6546 6977 7613 8339 8733 9250 9617 9893 10369 10724 10903 11001 11173 11336 11572 11979 12489 12984 13543 14259 14849 15245 15569 15962 16308 16926 17323 17673 17968 18320 19027 19727 20424 21069 21977 22603 23351 24209 25263 26318 27172 28003 29031 30330 31535 32753 33699 34588 35808 36470 37569 38769 39704 40514 41826 42956 43901 44869 45818 46602 47266
