70012 45455 40363 38248 33944 34080 30976 26907 26233 26230 26270 26409 26570 27221 27264 27399 27427 27419 27342 27365 27580 27917 28287 28680 28919 28909 29052 29149 29157 29278 29411 29548 29798 29995 30194 30410 30613 30993 31219 31312 31485 31882 32271 32866 33506 33620 34119 34504 34825 34762 35074 35404 35612 35932 36277 36463 36794 37304 38030 38595 38972 39297 39707 40095 40576 41026 41648 42219 42657 43458
69444 45127 40078 37959 33688 33850 30720 26628 25964 25987 26104 26178 26467 26715 26827 26878 26960 27006 27090 27035 27226 27583 28124 28400 28456 28497 28651 28646 28769 28829 29034 29263 29490 29707 29901 30079 30322 30746 30966 30877 31122 31664 32171 32697 33329 33606 34094 34448 34558 34817 35219 35517 35753 35940 36285 36504 36825 37289 37999 38576 38965 39281 39747 40176 40703 41067 41702 42260 42802 43384
68904 44770 39769 37608 33476 33525 30462 26442 25744 25785 25820 26089 26291 26621 26561 26640 26651 27053 26795 26743 26946 27420 27810 27908 28049 28104 28173 28308 28408 28539 28842 29066 29306 29527 29702 29951 30227 30612 30761 30642 31130 31695 32219 32761 33395 33623 34070 34349 34558 34805 35229 35514 35773 36087 36551 36840 37283 37862 38654 39253 39481 39623 40078 40473 40665 41073 41645 42308 42617 43250
68376 44377 39388 37188 33211 33072 30197 26192 25488 25479 25627 25731 26021 26392 26150 26202 26653 26608 26436 26445 26726 27052 27294 27506 27730 27707 27927 28041 28193 28408 28687 28902 29143 29374 29588 29839 30071 30389 30377 30577 31025 31531 32088 32623 33328 33556 34048 34465 34666 34974 35412 35838 36120 36475 36857 36915 37247 37800 38558 38960 39233 39465 39884 39965 40508 40842 41534 41990 42343 43020
67701 43901 38972 36808 32864 32503 29843 25831 25129 25181 25283 25521 25682 25812 25643 26124 26154 26371 26095 26087 26237 26465 26847 27133 27207 27350 27566 27740 27964 28194 28494 28716 29001 29259 29503 29706 29877 30083 30305 30627 30932 31429 31978 32513 33209 33478 34015 34249 34678 35015 35485 36028 36360 36782 36739 37008 37319 37815 38339 38803 39102 39394 39490 40078 40370 40797 41370 41798 42191 42883
66509 43150 38285 36372 32407 31937 29468 25415 24873 24929 25043 25119 25227 25151 25417 25442 25642 25772 25601 25606 25791 26123 26504 26646 26904 27084 27332 27561 27844 28119 28410 28731 29002 29374 29734 30096 30432 30877 31238 31513 31922 32298 32672 33006 33380 33673 34093 34597 34847 35207 35750 36121 36406 36495 36782 37002 37235 37543 38013 38442 38739 39022 39424 39753 40118 40419 40868 41405 41908 42475
65604 42516 37793 35873 32015 31481 29097 25183 24557 24599 24699 24783 24844 25145 25159 25334 25435 25455 25296 25252 25471 25798 26021 26285 26529 26666 26946 27241 27581 27824 28225 28548 28903 29263 29676 30069 30479 30971 31409 31781 32280 32816 33204 33720 34413 34743 35351 35725 36013 36403 36748 36845 36992 36998 37339 37717 37920 38450 39309 39948 40350 40690 41013 41496 41867 41800 42046 42330 42718 43152
64802 42045 37326 35433 31732 31106 28752 24919 24355 24404 24393 24478 24721 24938 24896 25142 24952 24813 24759 24907 25158 25262 25566 25842 26094 26286 26643 26977 27304 27630 28027 28397 28771 29197 29624 30112 30522 31011 31465 31907 32598 33499 34302 34851 35229 35204 35628 35903 36124 36186 36376 36598 36702 36970 37297 37497 37880 38422 39131 39706 40109 40511 40909 41183 41190 41182 41444 41940 42163 42716
64188 41617 37054 35216 31518 30805 28607 24785 24227 24303 24238 24221 24344 24378 24741 24689 24530 24607 24703 24778 24790 25102 25510 25768 26017 26334 26737 27125 27511 27853 28264 28656 29031 29500 29988 30531 30963 31439 31890 32251 32864 33531 34095 34562 34926 35324 35815 36183 36296 36557 36942 37236 37481 37745 38359 38694 38862 39076 39632 40019 40221 40357 40644 40685 40673 40829 41247 41621 41923 42213
63447 41108 36659 34749 31220 30564 28455 24638 23990 24034 23918 23842 24066 24724 24417 24337 24219 24295 24422 24422 24682 25090 25412 25643 26223 26727 27188 27621 28105 28535 29040 29493 29947 30546 31027 31524 31822 31949 32073 32408 33266 33858 33933 34451 35273 35700 35975 36558 36624 36669 36975 37377 37916 37923 38252 38175 38377 38711 39254 39587 39853 39764 39979 39901 40100 40520 40563 41038 41158 41764
62939 40604 36258 34254 30898 30194 28128 24274 23541 23542 23418 23438 23673 23692 23348 23356 23350 23424 23495 23750 24087 24475 24834 25403 25999 26420 26915 27383 27819 28220 28692 29125 29592 30108 30476 30889 31072 31322 31618 32072 32659 33176 33524 34183 34981 35135 35694 35964 36194 36310 36829 37356 37698 37180 37199 37181 37540 37793 38442 38796 38994 38788 38751 38891 39266 39398 39594 39895 40097 40777
62430 40234 35931 34013 30700 29794 27849 24053 23359 23380 23116 23226 23194 23026 22738 22816 22837 22951 23220 23472 23784 24126 24781 25375 25895 26337 26925 27441 27936 28367 28845 29249 29638 29992 30339 30636 30887 31240 31580 31905 32263 32764 33350 33938 34607 34908 35470 35755 36012 36327 36825 37301 37362 36618 36578 36784 36887 37246 37797 38169 38141 38010 37955 38340 38472 38490 38776 39111 39493 40014
61452 39646 35381 33589 30304 29258 27460 23759 23143 23131 22791 22795 22702 22623 22477 22434 22543 22954 23170 23301 23546 24112 24780 25327 25855 26347 27019 27679 28324 28903 29449 29896 30482 31063 31628 32220 32797 33573 34143 34462 35139 35854 36530 36926 37624 38198 38938 39426 38591 37015 37077 37060 37236 36353 36754 36645 36803 37119 37491 37700 37644 37562 37857 37964 38105 38037 38438 38916 39299 39724
60861 39140 35011 32995 29978 28844 27089 23451 22733 22706 22269 22244 22301 22550 22293 22214 22536 22782 22904 22988 23403 23974 24596 25145 25733 26304 27035 27744 28445 28789 29308 29929 30541 31219 31846 32448 32956 33724 34163 34560 35245 35867 36177 37034 37809 38305 38811 39410 38353 36515 36609 36935 36789 36080 36377 36182 36347 36453 36865 37087 37107 37018 37270 37261 37425 37591 37976 38383 38599 39226
60448 38919 34860 32613 29729 28552 26813 23239 22421 22431 21949 21995 22093 22070 21940 22336 22670 22669 22743 23028 23517 24153 24928 25545 26217 26801 27244 27734 28107 28530 29210 29802 30477 31098 31668 32183 32778 33442 33996 34455 34988 35542 36175 37003 37876 38132 38910 39123 38106 36221 36612 36568 36500 35834 36019 35857 35861 36010 36415 36724 36912 36699 36936 36863 37158 37442 37796 38124 38399 38852
59588 38361 34206 31827 29143 27742 26078 22796 21982 22028 21397 21448 21568 21569 22000 22260 22337 22262 22462 22712 23130 23760 24464 25091 25768 26000 26604 27025 27531 28094 28780 29444 30109 30748 31321 31992 32528 33116 33749 34254 34829 35398 35993 36699 37402 37869 38369 38747 37770 35554 35903 35817 35858 35359 35296 35224 35375 35357 35671 36114 36152 36205 36410 36273 36782 36886 37389 37734 38001 38364
58547 37782 33541 31107 28512 27037 25484 22420 21575 21576 20926 20926 21081 21676 21823 22019 21951 22105 22335 22563 23011 23623 24321 24950 25227 25626 26102 26629 27252 27847 28583 29263 29915 30511 31260 31843 32336 32984 33587 34261 34959 35666 35931 36590 37420 37672 38197 38691 37524 35089 35255 35590 35412 35057 34825 35008 34990 35029 35414 35618 35898 36099 35943 36270 36465 36864 37241 37678 37889 38343
57669 37354 33079 30832 28163 26609 25033 22113 21296 21339 20639 20690 20863 21128 21354 21334 21424 21739 21968 22342 22946 23645 24312 24579 24960 25265 25775 26362 26983 27643 28394 29066 29660 30342 30959 31527 32108 32776 33417 34024 34682 35369 35983 36594 37366 37642 38108 38306 36899 34776 35101 35203 35076 34680 34632 34709 34666 34790 35015 35387 35614 35679 35902 36124 36430 36701 37153 37470 37688 38053
56812 36855 32554 30411 27739 25999 24533 21846 21037 21051 20311 20314 20503 21010 20842 20996 21382 21657 22014 22355 22889 23487 23861 24238 24599 24937 25578 26210 26907 27572 28322 28935 29633 30264 30893 31634 32247 32920 33561 34161 35091 35827 36329 37170 38052 37594 37828 38119 36535 34484 34783 34800 34769 34439 34499 34494 34591 34565 34903 35248 35450 35785 36217 36483 36979 37297 37779 38115 38476 39063
56209 36423 32150 29957 27397 25414 23931 21544 20709 20752 19966 20019 20211 20234 20509 20876 21207 21576 21743 21987 22417 22720 23258 23602 23981 24392 25054 25747 26438 27051 27763 28473 29126 29776 30536 31234 31755 32485 33298 33978 34762 35535 36295 37007 37746 37102 37301 37549 36016 34053 34338 34439 34310 34113 34094 34220 34259 34204 34600 35010 35526 35972 36432 36581 36948 37248 37789 38240 38641 38958
55126 35732 31489 29471 26928 24770 23351 21262 20433 20458 19604 19632 19745 20073 20537 20985 21216 21369 21431 21649 21902 22412 22885 23239 23651 24086 24793 25500 26158 26789 27589 28289 28942 29668 30419 31127 31796 32635 33664 34410 35055 35861 36478 37270 38058 36697 36956 37092 35611 33637 33939 34082 33924 33840 33849 34011 33940 34034 34376 35105 35510 35950 36167 36510 36884 37262 37769 38143 38460 38853
53870 34992 30778 28816 26309 24078 22626 20839 20071 20074 19202 19217 19524 20138 20560 20694 20884 20985 21020 21081 21531 21906 22311 22645 23072 23534 24253 24915 25630 26339 27136 27840 28574 29303 30112 30936 31714 32658 33474 34229 35048 35815 36407 37139 37610 36108 36339 36650 35130 33057 33350 33349 33476 33477 33527 33565 33726 33664 34276 34897 35402 35725 36149 36368 36793 37152 37607 37956 38252 38745
53014 34554 30227 28309 25868 23494 22095 20524 19734 19714 18851 19025 19428 19981 20154 20438 20521 20632 20507 20765 21019 21403 21887 22300 22771 23249 23925 24627 25357 26043 26839 27586 28346 29144 30013 30872 31683 32560 33555 34483 35456 36669 36671 36746 36889 35754 36039 36096 34710 32668 32913 33109 33162 33503 33176 33365 33405 33680 34269 35054 35509 35856 36101 36655 36964 37188 37582 38121 38572 39137
51892 33899 29535 27825 25302 22845 21461 20059 19395 19320 18550 18691 18928 19251 19534 19662 19840 19888 20113 20273 20621 21032 21504 21959 22457 22959 23630 24328 25039 25729 26516 27288 28070 28896 29782 30678 31500 32406 33315 34236 35301 35751 35678 35749 35837 35290 35529 35564 34044 32280 32488 32675 32910 33027 32836 32929 33114 33440 34184 34763 35178 35660 36078 36371 36517 36788 37393 38040 38354 38884
51132 33537 29120 27513 24928 22424 21072 19826 19175 19068 18335 18345 18552 18893 19087 19359 19452 19753 19956 20266 20686 21121 21615 22099 22647 23250 24032 24828 25626 26409 27247 28057 28886 29723 30640 31536 32364 33258 34022 34258 34517 35249 34779 34912 35153 34910 35181 35151 33659 32081 32252 32737 32621 32738 32510 32657 32912 33521 34060 34606 35201 35694 35838 36025 36260 36857 37442 37940 38221 38818
50036 33018 28525 27117 24323 21790 20530 19381 18787 18701 17962 17890 18043 18288 18607 18814 19241 19545 19889 20241 20648 21148 21752 22429 23259 24155 25253 26273 27286 27904 28660 29444 30222 31091 31813 32416 32957 33137 33222 33556 34026 34340 33798 34066 34427 34392 34637 34882 33065 31760 32056 32293 32234 32153 32230 32430 32980 33258 33789 34531 35101 35418 35442 35777 36250 36750 37260 37794 38119 38693
49239 32655 28127 26651 23784 21253 19915 19069 18404 18343 17566 17520 17689 17965 18349 18896 19357 19828 20397 20951 21422 21583 22049 22554 23283 24128 25144 26168 26846 27506 28318 29093 29899 30560 31205 31842 31986 32101 32365 32850 33080 33442 32962 33335 33943 33697 34155 34062 32573 31337 31580 31775 31716 31714 31856 32440 32686 33004 33757 34605 34965 35058 35353 35926 36504 37179 37743 38487 39010 39622
48291 32277 27665 26186 23256 20829 19369 18761 18038 18001 17222 17240 17355 17644 18376 19048 19700 20332 20542 20933 21113 21550 21992 22575 23296 24042 25013 25674 26387 27104 27906 28720 29296 29833 30494 30811 30925 31158 31585 31871 32193 32943 32243 32913 33006 33241 33577 33249 32044 30891 31059 31372 31204 31269 31687 31954 32388 32832 33686 34199 34397 34773 35661 36309 37107 37684 37911 38654 38851 39373
46850 31627 26896 25309 22385 20233 18677 18161 17463 17467 16721 16721 17023 17825 18673 19255 19807 19797 20207 20516 21023 21449 21949 22452 23052 23738 24330 25030 25823 26534 27365 27931 28393 28941 29269 29598 29834 30125 30397 31019 31628 32032 31310 31693 32149 32236 32412 32362 31524 30151 30307 30721 30427 30619 30826 31165 31743 32149 32636 33112 33631 34478 35270 35973 36478 36885 37308 37822 38022 38973
45458 30935 26172 24673 21607 19657 18069 17611 16932 16959 16307 16340 16806 17590 18306 18961 19078 19488 19784 20320 20811 21378 21902 22359 22904 23250 23853 24600 25321 26071 26657 27132 27595 27805 28138 28546 28857 29037 29568 30360 30626 30757 30396 31038 31497 31502 31734 31549 30811 29660 29931 30181 29898 30141 30374 30898 31414 31615 32060 32720 33686 34598 35303 35797 35999 36637 36897 37385 38023 38829
43434 29823 24905 23530 20350 18671 17057 16693 16084 16199 15614 15704 16246 16817 17609 17900 18411 18586 19069 19647 20334 20974 21480 21827 21990 22264 22893 23567 24332 24812 25305 25784 25891 26100 26519 27120 27380 27634 28367 29014 29060 29134 29212 29928 30321 30369 30405 30584 29835 28753 28956 29154 28952 29176 29516 29995 30542 30518 31045 32126 33220 33899 34620 34778 35189 35800 35960 36941 37463 37981
41052 28281 23397 22105 18838 17550 15951 15589 15015 15056 14754 14822 15209 15846 16308 16935 17355 17819 18303 19012 19754 20407 20995 20857 20970 21308 21809 22499 22970 23360 23841 24008 24070 24369 24971 25487 25821 26244 26911 27318 27280 27768 28085 28936 29540 29174 29352 29359 28763 27776 27979 28304 27981 28238 28636 29123 29401 29634 30568 31752 32519 33075 33591 33970 34329 34942 35451 36334 36617 37526
39372 27385 22385 21221 17909 16801 15237 14890 14406 14454 14296 14349 14647 15096 15793 16354 16897 17332 17973 18708 19438 20149 20359 20153 20371 20581 21169 21585 21969 22342 22550 22626 22870 23382 23890 24455 24881 25354 25808 26011 26415 27073 27477 28282 28788 28365 28568 28540 28028 27138 27458 27465 27343 27748 28128 28331 28819 29304 30405 31295 32006 32427 33074 33346 33803 34556 35190 35745 36349 37052
38226 26759 21673 20495 17302 16187 14752 14470 14056 14070 13996 13996 14280 15013 15612 16262 16790 17397 17947 18526 19171 19460 19454 19594 19802 20143 20575 20956 21341 21426 21566 21803 22288 22818 23362 23993 24449 24766 25092 25623 26247 26712 27120 27678 28603 27718 27938 28055 27691 26669 26957 26868 27123 27298 27574 27933 28620 29228 30106 30998 31661 31994 32617 32831 33602 34335 34786 35584 35989 37070
37524 26374 21254 20122 17022 15822 14438 14193 13842 13813 13836 13863 13996 14698 15365 16009 16620 17162 17702 18236 18463 18517 18849 19040 19434 19715 20133 20484 20571 20589 20890 21370 21854 22431 23022 23610 23961 24285 24818 25357 25834 26630 26897 27581 28494 27309 27532 27452 27175 26365 26444 26810 26756 26967 27292 27912 28627 29083 30079 30843 31339 31879 32242 32884 33488 33995 34730 35303 36019 36905
36591 25882 20872 19866 16762 15584 14205 13907 13677 13676 13766 13763 14032 14715 15336 15943 16439 17042 17471 17667 17821 18240 18536 18866 19117 19401 19765 19834 19886 20129 20672 21158 21680 22227 22764 23342 23720 24188 24626 25101 25748 26352 26681 27541 28390 26721 26947 26866 26639 26014 26187 26380 26373 26686 27241 27810 28241 28815 29696 30395 30889 31336 32011 32602 32980 33721 34117 34933 35475 36251
36080 25650 20603 19627 16633 15371 14052 13750 13551 13629 13623 13724 14143 14890 15541 16134 16681 16822 17020 17144 17550 17911 18386 18613 18927 19153 19261 19303 19556 19997 20532 21022 21523 22055 22545 23089 23535 24008 24506 24949 25473 26097 26676 27419 28189 26257 26436 26395 26286 25766 25985 26073 26162 26572 27139 27393 28022 28463 29350 29992 30555 31082 31759 32058 32789 33176 33853 34542 34948 35739
35261 25162 20115 19182 16307 14994 13875 13503 13370 13470 13440 13597 14145 15045 15428 16082 16271 16505 16627 16898 17169 17700 18132 18469 18795 18785 18872 19115 19622 20134 20758 21357 21963 22636 23298 24040 24657 25271 25872 26534 26877 27157 27414 27868 28018 25958 26159 26134 26075 25570 25785 25951 26143 26593 26940 27393 27844 28387 29125 29812 30499 30921 31384 31991 32369 33041 33599 34223 34695 35408
34515 24689 19629 18858 16072 14682 13679 13279 13241 13336 13320 13554 14097 14584 15190 15516 15686 15894 16201 16439 16949 17423 17934 18303 18397 18391 18644 19125 19734 20353 21083 21464 22076 22832 23551 24279 24664 25191 25923 25967 26153 26706 27088 27156 27140 25686 25838 25918 25680 25394 25672 25884 26058 26418 26788 27127 27682 28079 28889 29627 30159 30555 31156 31505 32110 32654 33132 33824 34218 34932
33706 24183 19161 18479 15745 14303 13394 13118 13115 13222 13304 13458 13840 14461 14903 15181 15473 15797 15938 16338 16766 17312 17842 17897 17916 17988 18447 19044 19662 20267 20669 21290 21958 22664 23332 23912 24415 25001 25202 25135 25595 26414 26188 26284 26485 25311 25528 25614 25418 25234 25601 25825 26009 26300 26607 27060 27543 28040 28823 29465 29972 30382 30862 31414 31952 32469 33034 33609 34106 34914
33299 23968 18951 18308 15646 14071 13175 13044 13129 13239 13342 13475 13783 14311 14674 15047 15341 15502 15873 16219 16698 17213 17494 17380 17495 17799 18407 19011 19628 19907 20565 21222 21872 22528 23048 23679 24202 24466 24425 24573 25326 25945 25473 25592 25842 24980 25164 25246 25093 25228 25561 25776 25954 26201 26593 26999 27501 27958 28739 29381 29881 30292 30855 31332 31873 32369 32906 33531 34047 34829
32895 23785 18774 18121 15555 13885 13005 13149 13201 13245 13376 13620 13806 14206 14767 15049 15159 15534 15823 16309 16668 17091 16951 17038 17362 17839 18431 19043 19304 19849 20551 21195 21802 22298 22876 23524 23701 23720 23978 24440 25025 25368 24875 25099 25163 24680 24808 24855 25192 25600 25975 26484 26817 27215 27909 28231 28933 29311 30188 30906 31242 31775 32595 33151 33686 34283 34854 35735 36584 37788
31958 23157 18299 17753 15298 13660 12824 12931 12969 13106 13367 13429 13464 14061 14340 14475 14679 14993 15390 15741 16294 16308 16582 16900 17438 18040 18510 18661 19211 19854 20598 21164 21593 22112 22640 23169 23068 23299 23832 24167 24396 24569 24166 24445 24319 24071 24260 24657 25214 25613 26015 26437 26572 27112 27422 27878 28305 28740 29666 30167 30613 31280 31986 32554 33100 33699 34258 35153 36061 37319
31006 22502 17867 17417 15047 13466 12568 12680 12821 13107 13245 13467 13176 13511 13666 13823 13996 14474 14691 15233 15400 15806 16279 16790 17365 17718 17835 18335 18995 19670 20304 20758 21194 21656 22087 22237 22495 23002 23532 23358 23454 23778 23532 23555 23410 23461 23875 24497 25147 25585 25843 26109 26452 26667 27041 27297 27751 28248 28950 29582 30093 30810 31495 32045 32535 33141 33739 34660 35583 36657
29637 21568 17209 16865 14548 13119 12210 12332 12574 12749 13063 13084 12800 13025 13124 13206 13578 13945 14409 14489 14989 15550 16187 16792 17118 17136 17576 18170 18878 19494 20042 20566 20995 21336 21505 21868 22326 22930 23186 22831 23168 23500 23214 23168 23094 23497 23811 24519 25090 25445 25623 26105 26363 26672 26895 27393 27930 28588 29405 29946 30398 31102 31703 32325 32817 33401 33968 34979 35922 36890
28482 20670 16639 16321 14067 12797 11827 11941 12097 12367 12499 12711 12359 12497 12549 12814 12989 13610 13727 14224 14870 15576 16310 16583 16554 16956 17489 18137 18796 19342 19933 20436 20719 20766 21113 21612 22118 22696 22601 22305 22613 22835 22721 22760 22995 23289 23693 24332 24871 25260 25557 25924 26317 26386 26886 27324 27823 28554 29298 29877 30296 30932 31544 32217 32720 33237 33850 34789 35604 36691
27431 19828 16111 15680 13583 12453 11424 11459 11712 11782 12091 12085 11938 12081 12262 12266 12727 13004 13553 14158 14906 15589 15863 15872 16306 16812 17438 18050 18664 19241 19817 20160 20172 20445 20941 21434 21890 22356 22055 21869 22072 22278 22280 22598 22728 23071 23520 24238 24632 25104 25344 25816 26061 26288 26825 27215 27729 28359 29154 29776 30184 30766 31467 32026 32551 33049 33647 34477 35367 36419
26427 19092 15639 15121 13109 12037 11000 11098 11207 11388 11579 11756 11618 11849 11872 12224 12403 12996 13667 14304 14829 15137 15217 15649 16123 16644 17260 17857 18482 19052 19497 19560 19829 20251 20756 21256 21585 21732 21561 21473 21681 21863 22103 22289 22494 22878 23355 24027 24507 24856 25222 25624 26018 26291 26846 27290 27852 28515 29389 30082 30473 30883 31573 32219 32807 33400 34016 34935 35916 36933
25456 18412 15143 14552 12705 11707 10693 10688 10863 10962 11266 11301 11395 11491 11743 11854 12258 12980 13749 14126 14418 14518 15025 15536 16089 16676 17372 18055 18700 18910 19063 19376 19790 20299 20757 21103 21144 21218 21228 21240 21449 21870 21937 22124 22438 22822 23519 24189 24318 24758 25129 25726 26189 26613 27302 28065 28927 29269 29777 29942 30254 30822 31610 32164 32772 33297 33929 34933 35752 36971
24471 17806 14630 14079 12334 11421 10381 10445 10557 10719 10914 11087 11141 11292 11389 11843 12342 12927 13352 13723 13915 14488 15237 15905 16618 17316 17735 18005 18281 18413 18792 19244 19679 20050 20378 20599 20671 20814 20781 20824 21293 21661 21616 21914 22238 22849 23447 23806 24206 24550 25107 25839 26408 26780 27591 28135 28476 28681 29007 29408 29920 30646 31232 31950 32419 33067 33694 34552 35639 36610
23314 16964 14003 13348 11816 11067 9967 9942 10099 10190 10534 10763 10832 10893 11267 11681 11989 12392 12797 13032 13671 14457 15155 15849 16553 16904 17184 17431 17646 18004 18535 19027 19329 19595 19804 19997 20120 20236 20349 20643 21086 21313 21370 21718 22115 22638 22895 23600 23795 24415 25137 25781 26297 26705 27286 27508 27701 27743 28342 29019 29620 30089 30935 31415 32046 32681 33102 34210 35000 36034
22263 16241 13388 12684 11278 10605 9549 9516 9591 9809 10237 10371 10396 10680 11068 11436 11654 11963 12279 12909 13685 14415 15277 15835 16204 16410 16713 16923 17344 17857 18419 18766 18964 19143 19350 19558 19689 19973 20230 20575 20899 21126 21318 21616 22058 22232 22776 23251 23861 24612 25492 26033 26304 26537 26815 26926 27001 27393 28220 28893 29374 30065 30638 31299 31878 32335 33137 33982 34860 35926
20961 15316 12593 12087 10691 9879 8910 9030 9272 9489 9803 9928 9966 10428 10648 10848 10986 11376 11947 12569 13299 14170 14818 15214 15483 15734 16067 16505 17097 17667 18137 18380 18581 18793 19070 19300 19610 19997 20168 20506 20738 20963 21181 21251 21609 21923 22386 23020 23981 24618 25120 25633 25957 26266 26322 26400 26642 27203 27940 28534 29165 29939 30494 31104 31483 32052 32888 33721 34654 35793
19355 14138 11589 11313 9887 9030 8214 8417 8642 8808 9143 9317 9460 9775 9828 9988 10220 10897 11514 12065 12949 13697 14251 14608 14883 15176 15677 16248 16850 17360 17734 18003 18257 18493 18791 19121 19457 19863 20117 20327 20572 20793 20918 21031 21380 21733 22085 22955 23800 24338 24775 25333 25681 25787 25895 26094 26526 27117 27785 28461 29108 29751 30356 30859 31300 31980 32684 33570 34598 35706
17672 12867 10511 10433 9052 8218 7577 7728 7863 8121 8484 8738 8740 8885 8894 9169 9654 10354 10914 11634 12410 13118 13694 14086 14406 14867 15466 16024 16544 16949 17345 17679 17944 18195 18563 18923 19256 19748 19981 20138 20427 20544 20734 20940 21238 21557 22045 22811 23517 24042 24591 25101 25213 25270 25541 25884 26432 26942 27717 28374 28888 29418 30050 30602 31166 31801 32431 33419 34421 35510
16246 11827 9660 9708 8401 7644 7099 7133 7359 7635 8040 8207 8219 8290 8413 8885 9347 9964 10726 11412 12144 12805 13333 13736 14226 14777 15351 15832 16280 16691 17134 17475 17733 18046 18440 18801 19206 19661 19895 20054 20246 20486 20698 20964 21115 21565 22074 22890 23336 23975 24486 24724 24882 24969 25377 25840 26299 26896 27672 28250 28657 29192 29860 30505 31089 31643 32314 33301 34291 35416
14879 10816 8860 8935 7714 7046 6510 6590 6850 7129 7491 7735 7776 7933 8296 8671 9071 9854 10555 11188 11834 12373 12839 13363 13935 14435 14943 15365 15854 16302 16758 17100 17411 17756 18185 18614 18982 19451 19709 19796 20166 20480 20683 20771 20989 21436 21953 22651 23164 23714 24003 24277 24640 24755 25292 25725 26261 26867 27550 28081 28498 29085 29897 30455 31014 31592 32293 33242 34317 35452
13675 9875 8164 8261 7168 6589 6064 6188 6424 6717 7088 7320 7422 7856 8123 8422 8975 9726 10367 10917 11445 11934 12564 13196 13741 14186 14613 15063 15573 16011 16459 16849 17181 17566 18018 18417 18770 19250 19525 19656 20085 20418 20480 20708 20950 21429 21842 22593 23019 23388 23736 24140 24478 24677 25207 25667 26219 26706 27390 27941 28392 29033 29771 30321 30943 31558 32180 33213 34244 35282
12533 8955 7506 7622 6653 6206 5679 5761 5997 6335 6680 6945 7281 7606 7812 8276 8793 9490 10082 10557 11047 11715 12451 13060 13551 13932 14367 14825 15315 15738 16216 16624 16971 17370 17763 18142 18513 19021 19343 19466 19906 20182 20389 20686 20953 21354 21793 22443 22732 23190 23655 24003 24378 24538 25100 25546 25987 26494 27240 27810 28301 28835 29568 30201 30840 31429 32058 33081 33981 34985
11519 8136 6882 6987 6181 5818 5334 5419 5678 5989 6304 6760 7121 7387 7740 8205 8683 9311 9868 10301 10911 11644 12349 12911 13381 13775 14245 14699 15178 15617 16100 16509 16872 17243 17619 17992 18385 18923 19244 19371 19749 20085 20443 20776 21059 21401 21803 22318 22616 23106 23601 23955 24293 24463 25029 25369 25824 26396 27149 27747 28218 28698 29488 30106 30762 31324 31991 32935 33808 34819
10532 7375 6274 6372 5701 5377 5018 5142 5382 5657 6128 6574 6953 7414 7752 8192 8693 9278 9786 10276 10904 11606 12289 12832 13320 13738 14224 14685 15169 15616 16106 16515 16892 17269 17653 18053 18444 18969 19300 19464 19832 20223 20565 20990 21366 21705 22137 22606 22892 23288 23655 23988 24259 24477 24996 25317 25808 26405 27231 27890 28361 28871 29636 30213 30862 31443 32124 33041 33896 34978
9648 6743 5817 5818 5346 5061 4804 4974 5209 5666 6145 6586 6955 7551 7992 8545 9190 9865 10389 10902 11565 12283 12981 13550 14027 14416 14888 15345 15838 16301 16801 17209 17596 17983 18382 18797 19222 19766 20103 20344 20754 21250 21636 22121 22580 22954 23438 23944 24352 24755 25083 25490 25784 26073 26568 26864 27336 27998 28859 29546 30021 30587 31300 31889 32524 33144 33881 34826 35699 36853
8712 6076 5364 5302 4966 4728 4567 4773 5260 5686 6211 6666 7000 7622 8101 8699 9336 10057 10666 11186 11788 12422 13016 13514 13966 14391 14871 15333 15829 16299 16789 17203 17612 18003 18435 18891 19374 19991 20337 20633 21076 21636 22027 22585 23132 23551 24109 24637 25113 25538 25844 26318 26632 27008 27557 27925 28495 29243 30209 30973 31534 32162 32905 33574 34242 34926 35711 36725 37627 38863
7814 5517 4933 4821 4577 4406 4333 4800 5219 5719 6289 6671 7067 7916 8577 9374 10260 11209 11949 12645 13445 14236 14905 15464 15979 16447 16912 17357 17848 18329 18825 19255 19697 20161 20665 21198 21768 22455 22874 23287 23881 24635 25158 25796 26441 26953 27594 28255 28967 29484 29811 30406 30817 31327 31909 32333 32962 33850 34922 35774 36413 37224 38039 38835 39583 40397 41340 42502 43594 45036
6759 4767 4409 4311 4114 4008 4219 4633 5158 5679 6141 6659 7114 7907 8600 9522 10490 11513 12301 12826 13457 14170 14839 15421 15916 16359 16811 17257 17758 18248 18760 19218 19697 20151 20651 21204 21842 22618 23094 23565 24191 25010 25592 26375 27164 27685 28382 28914 29580 30118 30482 31095 31551 32221 32982 33578 34422 35494 36790 37844 38725 39640 40621 41419 42101 42829 43637 44779 45572 46775
5706 4100 3788 3680 3567 3900 3976 4502 5034 5482 5992 6558 6950 7836 8543 9534 10418 11375 12119 12759 13512 14313 15024 15618 16141 16624 17140 17669 18267 18848 19452 20000 20553 21096 21669 22287 22953 23678 24209 24765 25365 26129 26647 27447 28294 28870 29624 30181 30936 31582 32081 32724 33139 33596 34254 34642 35399 36334 37487 38363 39117 39787 40418 41136 41796 42511 43374 44395 45158 46464
4364 3235 2966 2903 3395 3600 3728 4338 4761 5311 5854 6312 6716 7612 8313 9209 10013 10944 11793 12589 13421 14204 14913 15528 16085 16606 17148 17722 18397 19075 19761 20380 20985 21584 22223 22890 23557 24261 24781 25350 25895 26575 27025 27762 28537 29132 29869 30442 31210 31663 32003 32576 32778 33367 33864 34395 35151 36015 37093 37989 38638 39246 39972 40633 41216 42049 42727 43749 44602 45927
2939 2314 2163 2714 3083 3329 3573 4056 4603 5167 5696 6161 6519 7371 8051 8845 9686 10701 11604 12411 13246 14071 14827 15446 15992 16508 17084 17696 18386 19065 19795 20449 21078 21717 22411 23158 23918 24810 25431 25895 26643 27405 27776 28328 28869 29286 29766 30400 31010 31499 31829 32242 32613 33047 33700 34244 34966 35767 36834 37637 38171 38876 39620 40210 40880 41568 42262 43298 44211 45436
2035 1689 2312 3014 3452 3878 4268 4830 5521 6240 6957 7597 8099 8944 9647 10488 11295 12304 13267 14031 14807 15640 16442 17148 17774 18359 19009 19676 20412 20944 21517 21983 22439 22931 23454 23991 24668 25489 25975 26326 27007 27635 27939 28375 28878 29259 29741 30431 31060 31631 32130 32597 33030 33441 34071 34605 35243 35929 36813 37508 38114 38714 39462 40097 40756 41440 42142 43146 44004 45171
1037 1708 2334 2917 3456 3924 4274 4948 5644 6315 7025 7705 8265 9290 10126 11146 12125 13261 14241 15006 15766 16525 17213 17802 18296 18756 19229 19700 20227 20757 21298 21781 22282 22755 23291 23884 24556 25377 25860 26352 27054 27938 28557 29315 30114 30633 31317 31922 32700 33252 33609 34234 34694 35384 36113 36708 37543 38595 39852 40853 41713 42632 43589 44594 45507 46507 47608 48970 50144 51739
