44978 31560 31420 31425 30530 30683 29346 29647 29955 30558 31042 31227 31448 31350 31088 31043 31013 30913 30942 30670 30702 30760 30919 31393 31830 31951 31965 32112 32639 32775 32928 33402 34002 34807 35641 36410 36733 37340 38148 38857 39683 40422 41233 42107 42662 43355 44281 45150 45674 45928 46283 46958 47375 47625 48122 48514 48861 48986 49088 49445 49870 50020 50230 50640 51056 51655 52051 52444 52763 52142
44492 31209 31061 31095 30275 30387 28978 29289 29733 30305 30823 30841 30904 30980 30632 30685 30652 30561 30570 30253 30304 30342 30621 31082 31455 31695 31587 31994 32236 32494 32751 33244 33812 34563 35504 35955 36440 37351 38081 38811 39535 40349 41121 41965 42645 43462 44221 44967 45178 45895 46146 46636 46935 47215 47608 47883 48240 48434 48837 49235 49556 49884 50315 50347 51294 51778 52245 52474 52913 51885
44098 30973 30829 30830 30084 30090 28777 29185 29693 30149 30671 30482 30536 30560 30310 30327 30259 30253 30392 29969 29977 30110 30430 30724 31264 31197 31442 31556 31886 32298 32617 33056 33547 34350 35038 35663 36438 37356 38120 38599 39383 40137 40841 41732 42507 43041 43906 44363 44976 45609 45783 46151 46535 46827 47092 47441 47771 48147 48709 48943 49431 49982 49905 50386 51110 51741 52135 52580 52674 51535
43654 30686 30514 30524 29804 30021 28544 28947 29398 29924 30332 30111 30253 30180 29943 29951 29885 30008 30054 29660 29727 29805 29981 30446 30640 31071 31011 31219 31707 32162 32407 32795 33350 33971 34818 35787 36520 37404 37849 38444 39175 39864 40659 41606 42127 42776 43381 44259 44798 45280 45346 45783 46143 46253 46555 46844 47405 47966 48355 48689 49362 49394 49879 50042 50987 51694 52231 52236 52224 51119
43066 30186 30052 30167 29481 29594 28115 28616 29003 29489 29745 29643 29644 29634 29397 29410 29545 29762 29616 29238 29214 29355 29674 29895 30502 30557 30614 30958 31502 31841 31984 32373 32686 33407 34614 35556 36319 36925 37502 38070 38744 39544 40349 41174 41790 42210 43130 43913 44342 44877 44790 45163 45345 45490 45776 46299 47014 47452 47981 48497 48859 49433 49495 50014 51063 51911 52451 51862 51838 50743
42402 29756 29654 29625 29194 29380 27859 28189 28460 28968 29583 29112 29163 29287 28965 29157 29324 29346 29173 28881 28937 28936 28985 29636 29963 30135 30354 30705 31073 31312 31445 31643 32106 33046 34050 34817 35239 36005 36635 37202 38028 38869 39574 40440 40898 41621 42443 43152 43549 44192 43968 44377 44591 44817 45407 45996 46653 47186 47803 48204 48810 48897 49365 49946 51087 51668 52464 51198 51417 50237
42003 29468 29319 29272 28985 29023 27578 27864 28305 28808 29166 28700 28679 28743 28578 28736 28902 28988 28845 28506 28446 28533 29001 29197 29657 29971 30174 30414 30682 30948 30930 31210 31872 32644 33622 34227 34905 35734 36277 36869 37636 38315 38969 39709 40286 40829 41639 42297 42829 43310 43124 43487 43949 44551 45213 45865 46528 47072 47651 48135 48503 48996 49517 49979 50922 51682 51996 50772 50860 49877
41478 29254 29135 28938 28754 28754 27446 27752 28130 28490 28589 28194 28266 28294 28425 28503 28707 29083 28446 28192 28261 28307 28366 28743 29328 29624 29680 29783 30112 30310 30451 31034 31588 32332 33084 33775 34409 35154 35801 36387 37046 37689 38312 39052 39630 40202 40996 41813 42126 42389 42526 43239 44155 44770 45607 46274 47147 47560 48142 48805 49528 49894 50226 50425 51096 51686 51353 50239 50251 49373
41242 29036 28859 28673 28616 28522 27238 27599 27910 28134 28535 28064 28096 28257 28195 28650 28768 28744 28281 27998 28036 28055 28196 28759 29448 29578 29487 29719 29913 30088 30410 30867 31433 32154 33010 33740 34424 35210 35863 36467 37220 38048 38428 39092 39592 40394 41276 41457 41616 42087 42381 43207 43921 44619 45325 46059 46872 47456 48105 48710 49282 49966 49780 49981 50953 51130 50737 49722 49971 49119
40914 28839 28586 28459 28345 28314 27045 27309 27692 28049 28182 27830 27946 27994 28217 28444 28319 28308 27985 27735 27817 27826 28294 28988 29248 29212 29362 29507 29665 30288 30928 31597 32395 33330 34271 35092 35781 36454 36906 37147 37224 37551 38051 38627 39375 40069 40349 40701 41057 41676 42185 42976 43859 44516 45328 46171 47027 47697 48166 48446 49224 49342 49081 49455 50049 50358 49846 49044 49237 48720
40421 28305 28019 28079 27835 27914 26486 26747 27207 27497 27537 27445 27691 27793 28006 27837 27798 27866 27506 27307 27334 27435 27967 28248 28455 28625 28703 28860 29479 30234 30718 31398 32102 32955 34003 34867 35466 36013 36366 36358 36672 37253 37775 38554 39310 39540 39981 40491 41144 41938 42508 43369 44347 44790 45692 46313 47142 47568 47772 48245 48562 48421 48321 48463 48934 49090 48807 48049 48188 48035
39994 27896 27744 27881 27537 27677 26225 26598 26832 27074 27178 27585 27608 27878 27772 27515 27539 27476 27203 27140 27136 27331 27479 27677 27968 28206 28099 28625 29367 29995 30466 31069 31727 32656 33764 34531 34949 35475 35543 35778 36382 36935 37596 38393 38713 39103 39688 40571 41166 42054 42511 43401 43988 44780 45391 46209 46862 47088 47658 47760 47827 47724 47761 47683 48182 48339 48084 47496 47541 47726
39457 27588 27476 27527 27296 27400 26038 26247 26343 26500 27145 27155 27364 28018 27424 27132 27145 27060 26846 26830 26995 26953 27002 27215 27734 27676 28023 28566 29239 29847 30242 30790 31510 32421 33328 33819 34199 34460 34708 35150 35682 36300 36921 37476 37841 38173 39104 39949 40686 41656 42159 42916 43826 44380 45262 45858 46311 46859 47128 47224 47484 47244 47292 47217 47839 47754 47474 47097 47348 47344
38923 27252 27119 27124 26957 27110 25707 25798 26021 26430 26654 26908 27471 27622 26992 26536 26542 26647 26398 26497 26523 26529 26581 26941 27124 27564 27909 28464 29118 29674 30090 30653 31323 32135 32944 33463 33580 34033 34460 34714 35262 35842 36233 36744 37037 37750 38720 39716 40511 41398 41921 42811 43439 44248 44824 45285 45932 46083 46342 46559 46571 46471 46628 46375 46691 46667 46547 46504 46710 46806
38485 26975 26822 26927 26665 26799 25317 25575 25958 26043 26530 26921 27088 27463 26586 26067 26207 26216 26037 26029 26134 26240 26372 26439 27237 27988 28748 29106 29585 29960 30282 30991 31686 32294 32902 33177 33541 34085 34294 34850 35188 35494 35841 36373 37119 37861 38980 40030 40751 41611 41873 42519 43488 43794 44271 44905 45297 45616 45866 45884 45979 46174 46442 45876 46435 46053 46159 46303 46562 46947
37751 26528 26405 26424 26105 26191 24921 25267 25421 25751 26360 26422 26681 26992 26121 25569 25689 25649 25562 25684 25683 25777 25880 26521 27368 27992 28076 28257 28742 29303 29862 30445 30899 31449 31994 32581 33092 33469 33956 34029 34202 34392 34709 35658 36377 37157 38231 39196 39921 40658 40844 41976 42543 42895 43549 44075 44590 44943 45183 45353 45747 45770 46211 45497 45930 45622 46005 46161 46443 46412
37118 26161 25989 26061 25621 25756 24521 24649 24986 25488 25893 25909 26251 26288 25631 25020 25166 25077 25125 25159 25203 25335 25886 26698 27388 27641 27523 27791 28468 29200 29625 29987 30417 30860 31562 32196 32539 33114 33237 33140 33161 33299 34018 35048 35701 36373 37351 38335 39012 39728 40292 41196 41837 42357 42981 43530 44140 44507 44839 45210 45456 45787 45819 45221 45322 45783 45889 46231 46220 46168
36640 25860 25739 25785 25350 25510 24170 24455 24594 25084 25329 25432 25679 25981 25183 24682 24772 24805 24624 24671 24808 25029 25601 26303 26859 26875 26972 27574 28402 29030 29268 29689 29956 30392 31048 31473 31891 32144 32140 32142 32334 33057 33974 34883 35501 36225 37246 38053 38735 39789 40391 41480 42212 42569 43423 44020 44444 44593 44950 45224 45642 45630 45620 44981 45363 45448 45762 45784 45888 46037
36220 25573 25442 25485 25083 25314 23880 23966 24267 24516 25008 25061 25410 25677 24781 24311 24423 24444 24270 24375 24498 24979 25540 25988 26239 26430 26864 27514 28231 28628 28842 29028 29261 29766 30338 30916 31103 31250 31239 31288 31980 32843 33584 34497 35107 35798 36654 37539 38534 39617 40231 41160 41745 42501 43149 43576 43999 44415 44815 45273 45435 45405 45451 44831 45200 45450 45544 45679 45815 46057
35819 25300 25115 25166 24792 24979 23512 23796 23892 24263 24627 24773 24991 25317 24360 23987 24140 24137 23956 23973 24410 24924 25300 25432 25777 26222 26637 27137 27646 28080 28061 28215 28480 28979 29813 30279 30406 30551 30598 31080 31972 32710 33509 34365 34983 35511 36385 37513 38614 39575 40101 40713 41631 42151 42562 43047 43743 44198 44670 45035 45374 45153 45188 44667 45157 45098 45344 45462 45639 45772
35403 25040 24841 24973 24512 24755 23287 23443 23706 23996 24388 24478 24631 25082 24046 23651 23782 23776 23664 24092 24403 24782 24867 25087 25669 26113 26417 26708 27180 27456 27336 27517 27798 28388 28960 29323 29433 29714 30186 30871 31656 32410 33068 33885 34293 34863 35997 37184 38074 39119 39309 40352 41070 41521 42120 42815 43554 43974 44449 44875 44867 44825 44725 44314 44684 44643 45138 45081 45361 45476
34769 24693 24468 24443 24117 24219 22921 23214 23353 23686 24217 23920 24252 24310 23615 23211 23398 23280 23590 23885 24250 24354 24471 24891 25500 25798 25823 25998 26344 26488 26411 26610 27064 27450 27920 28207 28463 29085 29769 30389 31088 31656 32260 32953 33455 34206 35277 36340 37252 38083 38605 39588 40285 40837 41665 42424 43175 43719 44157 44489 44633 44542 44214 43978 44269 44392 44625 44838 45071 45041
34253 24425 24154 24280 23740 23762 22581 22730 22956 23408 23464 23427 23595 23598 23183 22868 22986 23157 23399 23724 23852 23778 24161 24680 25161 25244 25242 25399 25692 25832 25925 26333 26520 26807 27156 27598 28170 28986 29597 30135 30683 31198 31744 32529 33176 33894 34974 36033 36889 37860 38383 39376 40101 40805 41633 42411 43308 43727 44114 44560 44343 44527 43950 43897 44121 44337 44564 44837 44791 44927
33673 24065 23765 23824 23321 23305 22179 22245 22381 22599 22912 22797 22981 23077 22675 22531 22663 22835 23116 23375 23337 23237 23522 23943 24381 24528 24500 24645 24858 25119 25340 25580 25785 26011 26442 26965 27654 28336 29002 29565 30141 30679 31393 32241 32946 33708 34743 35737 36613 37580 38200 39170 39978 40648 41487 42260 43143 43600 43907 43956 43954 44049 43563 43597 43855 44067 44131 44293 44637 44481
33297 23841 23560 23640 23010 23115 21896 21860 21869 22237 22366 22386 22649 22816 22327 22247 22381 22655 22892 22944 23033 22855 22989 23308 23816 24067 23958 24126 24445 24834 24944 25197 25399 25758 26317 26968 27508 28227 28898 29501 30035 30672 31545 32654 33566 34559 35814 37144 38363 39637 40487 41850 42995 43997 45205 45683 46024 45141 43476 43485 43498 43501 43258 43310 43652 43808 43826 44292 44270 44452
32619 23322 23142 23239 22507 22541 21360 21168 21233 21537 21805 21762 22179 22366 21734 21783 21973 22317 22243 22424 22459 22242 22245 22713 23258 23347 23330 23579 24043 24284 24378 24603 24957 25401 26026 26569 27153 27845 28537 29175 29777 30532 31456 32625 33563 34607 35973 37349 38600 40013 40989 42476 43770 44422 44616 44820 45079 44377 42827 42836 42916 42897 42855 43152 43618 43417 43816 43948 44259 44413
32109 22918 22822 22869 22043 21917 20824 20762 20859 21068 21216 21400 21706 21832 21245 21295 21617 21711 21738 21855 21880 21696 21819 22148 22520 22704 22619 23016 23322 23605 23693 24039 24535 25139 25835 26525 27212 27970 28721 29383 29978 30689 31572 32682 33617 34624 35925 37312 38630 40015 40983 42431 43501 43423 43738 44007 44025 43719 42286 42387 42487 42538 42773 43140 43168 43402 43622 44093 44551 44639
31561 22572 22544 22674 21544 21351 20338 20416 20476 20601 21019 20861 21178 21450 20838 20951 21132 21275 21192 21309 21302 21221 21269 21485 21987 21937 22112 22363 22715 23022 23318 23846 24517 25079 25764 26540 27240 28116 29055 29917 30696 31693 32984 34107 35153 35979 37180 38364 39506 40806 41599 42333 42562 42718 43181 43161 43565 43237 41929 42104 42108 42385 42762 42696 43002 43085 43631 44016 44466 44723
30544 22004 22061 22142 20674 20504 19671 19813 20041 20468 20526 20152 20584 20824 20294 20301 20398 20614 20454 20639 20735 20769 20800 21115 21253 21514 21440 21616 21997 22487 23000 23707 24461 25138 25728 26403 27369 28364 29429 30381 31197 31825 32551 33742 34604 35485 36392 37622 38826 40107 40239 40871 41277 41508 41756 42090 42319 42225 41155 41408 41574 41787 41811 42045 42348 42702 43212 43592 44324 44362
29768 21462 21572 21714 19998 19773 18961 19252 19550 19784 19768 19510 20055 20278 19668 19680 19877 19914 19783 19954 20140 20121 20150 20252 20872 20836 20866 21151 21717 22336 22925 23744 24437 24909 25424 26452 27582 28730 29667 30469 30923 31510 32521 33645 34470 35064 36049 37310 38601 39513 39192 39945 40389 40414 40983 41057 41514 41477 40629 40949 41140 41236 41360 41697 42062 42453 42776 43839 44329 44106
28555 20628 20964 20849 18837 18672 17972 18378 18685 18965 18865 18619 19169 19411 18832 18857 18886 19088 18831 19131 19218 19292 19221 19768 20070 19943 20088 20453 21159 21883 22641 23405 24014 24395 25100 26242 27449 28286 29189 29784 30252 31032 31954 32990 33560 34179 35082 36364 37345 37927 37513 38472 38776 39125 39527 39846 40400 40434 39892 40332 40325 40332 40730 41103 41595 41680 42661 43208 43861 43543
27303 19687 19848 19741 17591 17500 16771 17181 17587 17790 17669 17624 18132 18207 17759 17692 17818 17826 17782 17916 18173 18255 18594 18825 19113 19251 19575 20094 20870 21628 22232 22868 23326 23951 24746 25899 26845 27601 28302 28881 29541 30301 31172 32037 32537 32994 33888 34913 35574 35721 35857 36665 37272 37470 38126 38429 39208 39161 38913 39315 39154 39510 39791 40157 40421 41177 41601 42371 42798 42961
26339 19115 19262 19106 16743 16701 16069 16590 16856 16920 17012 16961 17329 17398 17125 17114 17159 17200 17090 17405 17564 17829 18018 18299 18649 18951 19355 19904 20775 21500 22047 22546 23174 23820 24693 25668 26454 27115 27779 28490 29206 29926 30655 31390 31839 32381 33104 33791 34026 34631 34769 35837 36182 36623 37183 37808 38273 38315 38428 38540 38804 38983 39455 39623 40433 40740 41391 41900 42518 42838
25638 18741 18750 18682 16146 16102 15671 16037 16356 16566 16830 16682 16992 16860 16808 16767 16855 16788 17043 17191 17417 17620 18074 18457 18899 19125 19480 19969 20727 21398 21738 22297 22837 23650 24585 25553 26296 26998 27706 28301 28936 29526 30112 30755 31328 31738 32189 32529 33168 33726 34128 34736 35384 35744 36525 36961 37405 37805 37821 38211 38524 38748 39091 39477 40158 40803 41310 41910 42486 42811
25177 18455 18378 18442 15803 15721 15344 15608 15809 16298 16494 16413 16557 16648 16544 16623 16624 16881 16913 17110 17268 17389 17756 18250 18638 18950 19321 19887 20650 21142 21508 21981 22575 23374 24396 25314 26000 26776 27450 28012 28614 29232 29830 30591 31069 31309 31567 32349 32929 33638 33779 34614 35162 35770 36218 36648 37327 37575 37883 38331 38419 38800 39446 39982 40841 41290 42179 42147 42745 42473
24614 18087 18059 18061 15505 15249 15048 15368 15878 16317 16567 16167 16348 16425 16358 16421 16607 16713 16935 17017 17180 17361 17880 18401 18855 19236 19519 19924 20379 20852 21139 21633 22268 23073 24023 24894 25606 26398 27067 27655 28314 28945 29584 30186 30573 30747 31304 31953 32575 33101 33488 34085 34803 35136 35707 36295 36855 37296 37576 37846 38227 38761 39132 39728 40317 41137 41392 41828 42033 42299
24203 17858 17989 17903 15208 14963 14860 15447 15923 16289 16299 15994 16235 16240 16276 16489 16560 16752 16881 17075 17228 17434 17865 18347 18824 19096 19358 19683 20207 20670 21052 21644 22328 23219 24204 25161 26039 26954 27787 28157 28650 29108 29463 29898 30180 30632 31249 31971 32451 33056 33317 34141 34528 34941 35575 36107 36782 37179 37389 37729 38227 38597 39142 39369 40321 40784 41279 41345 41940 42202
23743 17613 17715 17618 14883 14691 14650 15102 15611 15824 15817 15845 16009 16055 16222 16349 16493 16658 16936 17021 17173 17393 18160 18660 19104 19382 19658 20012 20531 21066 21491 22119 22751 23581 24559 25407 26211 26954 27366 27741 28176 28511 28868 29318 29811 30209 30882 31553 32151 32740 33081 33641 34172 34629 35222 35802 36508 36878 37179 37609 38063 38627 38801 39243 40009 40720 40743 41479 41885 42033
23398 17440 17586 17393 14617 14569 14510 14849 15062 15309 15613 15648 15913 16139 16260 16406 16560 16830 16839 17009 17216 17453 17823 18300 18872 19198 19513 19916 20483 21040 21501 22157 22827 23606 24423 25211 25848 26373 26883 27260 27691 28118 28572 29115 29588 30093 30820 31551 32108 32684 32967 33760 34343 34804 35425 35979 36724 36901 37165 37617 37981 38325 38682 39005 39820 40155 40676 41120 41575 41733
23163 17323 17337 17193 14359 14368 14351 14501 14828 15249 15557 15710 15990 16189 16302 16382 16546 16699 16881 17043 17225 17429 17965 18639 19375 19779 20135 20636 21231 21774 22126 22626 23108 23762 24507 25138 25668 26254 26712 27070 27533 27968 28423 28973 29456 29925 30587 31206 31735 32340 32689 33323 33952 34449 35085 35720 36393 36732 37041 37425 37794 38222 38507 38848 39544 40096 40502 40950 41432 41717
22978 17236 17259 17088 14208 14233 14231 14444 14787 15157 15542 15695 16017 16270 16381 16508 16729 16874 17046 17217 17436 17646 18077 18637 19273 19687 20041 20543 21129 21660 22013 22483 22989 23653 24423 25061 25559 26136 26590 26980 27471 27941 28432 29028 29524 30045 30773 31462 32057 32702 33067 33748 34388 34889 35513 36109 36731 37072 37391 37743 38127 38497 38783 39121 39817 40358 40766 41132 41601 41812
22796 17173 17177 17035 14067 14114 14149 14683 14943 15312 15545 15704 16063 16422 16631 16965 17246 17507 17778 17970 18304 18566 19051 19559 19938 20219 20548 20997 21589 22166 22642 23089 23828 24814 26060 27300 28365 29513 30471 31325 32281 33115 33873 34705 35519 36203 36919 37764 38590 39457 40044 40928 41841 42768 43740 44595 45582 46333 47083 47996 48842 49731 50702 51866 53448 54774 55522 56389 57665 58104
22238 16810 16780 16693 13708 13859 13985 14399 14884 15336 15448 15778 16210 16619 16881 17219 17500 17757 18023 18292 18705 19003 19549 20200 20693 21048 21146 21304 21557 22129 22455 23089 23849 24930 26371 27789 29011 30166 31123 31854 32835 33763 34553 35397 36172 36801 37474 38331 39156 40054 40620 41488 42390 43276 44217 45051 46007 46705 47379 48323 49029 49832 50710 51848 53311 54185 55358 56327 57417 57616
21685 16422 16352 16256 13391 13613 13786 14430 14826 15169 15586 15784 16264 16815 16858 17313 17982 18386 18731 18929 19204 19549 20060 20792 21115 20985 20720 20823 21373 21797 22267 22916 23739 24911 26438 27820 28866 29992 30862 31773 32864 33909 34987 36244 37199 38318 39722 41000 42047 43117 43683 44744 45346 46052 46758 47284 48034 48659 49416 50290 50988 51448 51572 51943 52728 53925 55208 56032 56888 57477
21044 15988 15780 15702 13094 13288 13562 14115 14282 14747 15147 15449 15999 16274 16577 17375 17950 18236 18318 18423 18936 19411 19881 20322 20658 20568 20377 20822 21273 21841 22334 22956 23745 24864 26238 27409 28409 29460 30440 31385 32476 33655 34785 36077 37116 38301 39516 40757 41790 42928 43607 44466 45214 45947 46631 47220 47973 48686 49634 50279 50801 50858 50954 51405 52571 53821 55004 55633 56876 57030
20397 15434 15183 15100 12739 12931 13314 13566 13776 14106 14618 15129 15375 15836 16410 17041 17636 17582 17620 17972 18680 19120 19032 19446 19876 19845 20189 20713 21328 21933 22423 23047 23827 24727 26007 27078 27894 29080 30124 31091 32314 33562 34715 36011 37084 38163 39562 40909 41998 43247 43978 44848 45681 46484 47285 47977 48515 48846 49295 49778 49868 50115 50100 50948 52116 53446 54466 55390 56267 56777
19689 14887 14588 14451 12360 12699 12791 13044 13190 13567 14281 14539 14927 15668 16060 16729 16894 16893 17172 17774 18445 18449 18257 18697 19137 19656 20040 20671 21291 21872 22351 22940 23525 24495 25762 26633 27585 28822 29856 30900 32117 33349 34496 35841 36837 38060 39526 40982 42115 43215 43894 44942 45891 46498 47228 47650 47994 48245 48744 48845 49141 49193 49686 50451 51799 52984 54303 54889 55988 56495
18991 14295 14005 13876 11975 12143 12203 12572 12804 13365 13827 14079 14714 15349 15779 15999 16250 16567 17060 17526 17722 17699 17834 18300 19092 19589 20033 20611 21234 21802 22248 22600 23239 24189 25272 26490 27635 28822 29869 30876 32057 33219 34335 35672 36769 38086 39576 40870 41893 43082 43757 44772 45476 46206 46739 47035 47291 47676 47888 48114 48490 48900 49376 50380 51680 52991 54150 54945 55919 56432
18310 13818 13507 13393 11616 11711 11741 12076 12561 12928 13400 13930 14560 15193 15184 15464 16066 16466 16914 16989 17106 17158 17380 18206 19025 19648 20209 20917 21563 21882 22036 22472 23085 23821 25187 26476 27480 28731 29755 30729 31837 32976 34139 35521 36789 38091 39480 40777 41946 43031 43853 44666 45479 45998 46375 46577 46912 47030 47360 47645 48192 48610 49418 50258 51631 52957 54171 54808 55841 56380
17709 13373 13155 13069 11211 11345 11404 11998 12364 12802 13466 14190 14679 15068 14809 15330 16009 16393 16543 16540 16689 16730 17400 18319 19228 19864 20325 20845 21159 21494 21894 22361 22865 23837 25188 26383 27533 28889 29988 31084 32419 33794 35148 36554 37683 38733 39989 41003 41797 42989 43536 44519 45239 45676 46027 46351 46462 46698 47076 47419 47901 48682 49180 50173 51709 52913 54038 54595 55820 56224
16909 12794 12569 12487 10699 10830 11137 11614 12092 12670 13595 13908 14239 14231 14417 15115 15772 15897 15896 15924 16147 16697 17446 18407 19346 19733 20101 20364 20699 21238 21621 21918 22601 23572 24901 26211 27408 28722 29860 30997 32300 33670 34882 36190 37224 38359 39431 40458 41535 42529 43249 44155 44746 45140 45585 45667 45856 46133 46512 46931 47771 48109 48802 49875 51207 52419 53515 54266 55407 55943
16205 12191 11991 12010 10184 10538 10645 11196 11790 12720 13261 13420 13479 13821 14195 14853 15318 15261 15289 15389 16012 16784 17579 18373 19023 19472 19624 19941 20508 21023 21206 21677 22367 23343 24798 26238 27508 28910 30007 31035 32238 33415 34489 35776 36808 37726 38871 40198 41152 42284 42796 43619 44308 44762 44964 45171 45404 45767 46350 46856 47443 48044 48846 49709 51122 52329 53637 54388 55446 56212
15293 11400 11353 11259 9693 10041 10192 10901 11595 12299 12640 12648 12974 13518 14012 14526 14873 14665 14834 15305 16004 16647 17318 18078 18616 18794 18911 19301 19838 20163 20415 20859 21440 22446 24081 25660 26915 28299 29329 30340 31521 32665 33743 35081 36009 37054 38420 39625 40655 41696 42123 42971 43638 43896 44199 44465 44777 45350 46076 46586 47472 48075 48719 49774 51136 52640 54102 55078 56332 57146
14205 10420 10488 10359 9051 9303 9455 10365 10781 11235 11592 11701 12332 12965 13321 13749 13894 13907 14379 14849 15497 16145 16700 17445 17864 18104 18393 18849 19240 19567 19813 20126 20644 21741 23400 24934 26144 27442 28440 29430 30596 31766 32910 34288 35219 36447 37726 39021 40088 41073 41491 42434 42799 43163 43563 43809 44257 44930 45657 46350 47295 47842 48605 49634 51157 52793 54213 55126 56442 57155
13118 9479 9535 9487 8372 8557 8775 9427 9715 10145 10654 11015 11745 12256 12502 12735 13170 13431 13896 14279 14973 15506 16092 16739 17274 17680 18102 18426 18828 19125 19267 19515 20083 21185 22729 24188 25328 26591 27567 28503 29711 30962 32182 33554 34643 35766 37151 38477 39547 40497 41030 41722 42140 42612 43000 43342 43870 44527 45382 46109 46964 47630 48356 49475 51067 52639 53980 54986 56278 56991
12225 8789 8820 8907 7853 8109 8207 8663 8989 9455 10124 10685 11212 11723 11678 12148 12808 13102 13489 13989 14623 15142 15590 16243 16981 17529 17781 18132 18487 18722 18847 19175 19835 20879 22389 23704 24784 26017 26951 27919 29158 30436 31630 33077 34076 35286 36740 38087 39040 40097 40463 41201 41747 42210 42681 43125 43653 44388 45270 45958 46823 47445 48299 49439 51034 52526 53999 54912 56229 56871
11331 8095 8196 8288 7320 7497 7579 8053 8406 8905 9742 10141 10576 10833 11018 11684 12384 12691 13133 13590 14243 14725 15132 15883 16759 17124 17333 17622 17913 18163 18368 18772 19419 20477 21946 23238 24306 25487 26429 27399 28590 29799 31016 32391 33449 34678 36150 37415 38408 39358 39752 40601 41231 41780 42346 42862 43462 44218 45091 45850 46716 47398 48310 49441 51118 52620 54085 54969 56108 56544
10583 7560 7693 7749 6895 7011 7084 7552 8009 8670 9343 9695 9845 10312 10716 11439 12118 12460 12880 13349 13983 14352 14886 15781 16504 16816 16993 17220 17514 17832 18116 18529 19176 20237 21678 22912 23926 25122 26089 26990 28163 29437 30642 32006 33114 34374 35775 37059 37940 38856 39443 40309 40941 41577 42178 42727 43388 44098 44968 45774 46608 47426 48296 49438 51035 52664 53982 54729 55754 56142
9884 7051 7181 7231 6474 6510 6592 7128 7767 8275 8915 8983 9385 10019 10469 11187 11887 12194 12624 13084 13639 14076 14715 15465 16197 16495 16642 16920 17272 17656 17955 18385 19050 20105 21472 22606 23624 24820 25747 26658 27905 29186 30410 31789 32933 34138 35577 36742 37595 38650 39293 40144 40844 41497 42118 42698 43335 44030 44888 45633 46544 47370 48212 49285 50958 52487 53635 54280 55338 55767
9264 6631 6753 6779 6085 6131 6239 6875 7414 7873 8285 8635 9214 9864 10321 11031 11660 11988 12450 12883 13453 13931 14456 15151 15874 16158 16368 16697 17121 17540 17857 18325 19017 20054 21342 22436 23453 24601 25526 26497 27721 28983 30223 31605 32691 33909 35293 36461 37439 38518 39155 40091 40847 41571 42334 43048 43827 44620 45530 46267 47218 47979 48765 49714 51213 52378 53330 54056 55045 55536
8644 6215 6324 6350 5700 5807 5940 6508 7025 7275 8009 8499 9101 9728 10205 10861 11445 11860 12295 12754 13320 13784 14285 14958 15626 15981 16241 16608 17085 17501 17834 18329 19017 20031 21277 22382 23371 24498 25451 26401 27582 28815 30035 31394 32482 33623 34977 36277 37295 38379 39017 40000 40817 41592 42431 43214 44081 44888 45744 46524 47365 48039 48772 49651 51058 52272 53282 54006 54943 55455
8063 5861 5947 5935 5404 5574 5689 6288 6574 7239 8052 8607 9272 9915 10476 11184 11763 12237 12716 13246 13872 14380 14927 15711 16434 16826 17113 17517 18030 18485 18885 19490 20291 21416 22766 23972 25076 26333 27442 28523 29781 31076 32326 33701 34766 35854 37135 38415 39407 40480 41088 42067 42906 43733 44661 45242 45955 46519 47266 47930 48549 49144 49570 50365 51740 52841 53895 54594 55494 55978
7414 5418 5423 5412 5096 5234 5427 5806 6407 7302 8170 8832 9665 10362 10995 11743 12417 12931 13556 14198 14895 15457 16127 17058 17899 18421 18793 19290 19833 20291 20656 21158 21821 22767 23967 25073 26100 27327 28423 29480 30651 31872 33088 34444 35496 36562 37785 38984 39919 40900 41467 42382 43102 43815 44372 44966 45625 46349 47040 47662 48420 48836 49424 50360 51588 52827 53795 54552 55446 55927
6665 4901 4908 4928 4700 4899 4908 5619 6491 7571 8536 9316 10039 10627 11264 12039 12611 13220 13832 14570 15401 15787 16372 17485 18432 19037 19497 20080 20711 21246 21655 22259 22904 23853 24982 25987 27036 28472 29826 31134 32537 33756 34831 36092 37057 37973 38992 39875 40520 41322 41768 42529 43083 43504 44170 44711 45482 46169 46844 47537 48066 48697 49492 50566 51698 53012 54219 54866 55965 56580
5816 4239 4238 4271 4263 4247 4617 5626 6670 7919 8640 9136 9843 10496 11172 11894 12631 13130 13849 14634 15107 15574 16543 17893 18851 19325 19594 20165 20674 21135 21548 22013 22630 23478 24589 25726 26946 28446 29857 31171 32368 33531 34686 35971 36902 37807 38671 39571 40304 41182 41619 42289 42643 43189 43795 44400 45158 45801 46479 47027 47759 48635 49406 50272 51514 52963 53860 54838 55907 56573
4811 3545 3603 3640 3640 3926 4492 5552 6665 7517 8213 8735 9713 10330 11017 11819 12464 12910 13751 14276 14886 15484 16602 17647 18529 19011 19512 20029 20602 21120 21482 22002 22602 23458 24627 25940 27311 28695 29908 31014 32147 33312 34525 35724 36675 37410 38390 39419 40272 41040 41448 42099 42538 42937 43589 44162 44848 45549 46100 46749 47534 48495 49154 50185 51445 52854 53779 55057 56067 56679
3668 2793 2856 2924 3277 3773 4249 5362 6139 7084 7770 8551 9539 10166 10924 11664 12248 12792 13388 14071 14800 15440 16270 17346 18227 18877 19353 19866 20489 20942 21337 21834 22422 23284 24505 25758 26884 28181 29405 30497 31641 32893 34053 35268 36110 36958 38013 39184 39937 40713 41067 41915 42218 42676 43324 43805 44559 45194 45764 46563 47336 48099 48939 49945 51151 52571 53758 54773 55871 56503
2549 1996 2110 2600 3009 3467 4015 4918 5768 6709 7653 8381 9315 10062 10714 11440 12126 12531 13206 13912 14692 15275 16140 17246 18227 18802 19247 19773 20319 20765 21096 21524 22081 22968 24149 25292 26399 27713 28892 29984 31213 32423 33554 34735 35652 36573 37664 38695 39481 40275 40702 41360 41773 42257 42863 43427 44130 44811 45523 46333 47087 47931 48689 49673 50939 52434 53547 54585 55767 56415
1828 1547 2175 2698 3243 3784 4446 5504 6572 7775 9071 10012 11236 12177 13014 13921 14885 15432 16343 17273 18228 19025 20137 21519 22838 23686 24325 25021 25681 26194 26545 26947 27465 28299 29471 30621 31769 33153 34413 35621 36972 38382 39789 41292 42459 43729 45238 46552 47555 48523 49105 49936 50345 50735 51244 51710 52265 52893 53546 54151 54878 55652 56300 57124 58189 59512 60392 61289 62298 62873
1001 1748 2458 3123 3754 4404 5148 6311 7429 8748 9938 10908 12086 12926 13825 14742 15612 16281 17272 18197 19115 19899 21056 22516 23793 24674 25325 26042 26711 27267 27710 28241 28871 29781 30994 32209 33462 35008 36439 37771 39134 40489 41809 43203 44323 45421 46617 47704 48533 49359 49879 50633 51126 51738 52530 53277 54205 55127 56057 56961 58005 59111 59990 61118 62404 63952 64978 66031 67127 67810
