416 453 351 365 340 328 376 352 254 364 266 404 319 190 438 750 706 668 675 671 677 653 645 731 642 509 587 789 645 617 674 666 698 499 400 455 458 226 306 320 332 275 391 420 419 427 270 177 120 255 245 394 495 506 337 503 375 379 264 275 489 358 235 298 279 278 367 295 217 94
410 409 232 476 426 442 420 474 357 501 289 460 374 268 541 945 929 944 959 925 888 815 751 790 698 550 626 807 657 745 866 915 890 664 578 524 592 402 406 390 484 408 327 385 485 321 400 196 271 499 312 379 493 431 342 592 240 280 256 368 548 395 209 373 262 234 342 366 267 131
442 495 292 538 483 545 494 494 435 607 348 577 445 338 657 1065 1068 1034 1010 984 948 897 862 932 801 626 767 993 812 844 971 1024 1022 767 646 563 618 457 446 489 557 484 403 461 597 343 478 258 290 584 389 492 577 473 412 691 254 269 313 380 634 485 279 367 327 318 425 383 357 205
549 659 441 605 439 535 562 565 408 568 398 614 475 231 474 891 825 779 785 794 798 775 761 833 719 590 703 926 806 848 953 1016 1033 751 614 668 676 414 538 550 512 481 449 523 647 605 401 341 244 429 348 583 635 614 489 693 406 463 378 431 745 576 373 388 467 428 551 483 364 144
755 740 476 822 564 561 455 358 422 494 357 657 374 331 585 853 817 908 1020 1004 997 956 848 867 791 737 756 729 593 679 795 834 848 700 653 739 771 511 463 470 446 486 443 358 534 574 234 259 314 426 432 402 357 469 395 440 254 431 320 278 495 474 418 411 548 419 579 587 545 275
693 516 395 755 695 552 430 593 499 541 345 601 478 404 611 1002 967 1051 1135 1062 1031 927 812 822 821 777 814 903 825 1046 1181 1119 952 758 708 694 766 534 620 466 640 498 332 437 540 480 560 310 500 635 428 500 406 485 481 743 374 495 424 497 566 513 298 464 393 308 435 422 350 220
516 453 264 563 528 446 420 419 400 523 357 457 331 392 659 970 964 1079 1172 1127 1079 979 835 822 741 612 610 661 465 591 704 780 792 665 643 571 686 503 352 350 496 441 367 344 429 247 328 134 358 550 407 217 408 392 293 447 205 288 235 344 439 335 270 539 318 259 375 493 372 252
397 318 212 434 321 363 199 230 271 284 111 449 310 213 577 878 857 833 800 745 730 713 693 787 741 661 723 826 745 725 842 757 714 597 557 581 523 347 399 281 335 277 365 284 346 435 350 264 179 376 283 457 333 312 303 474 200 269 297 222 389 340 191 172 297 225 329 229 321 128
584 367 289 643 706 652 398 559 627 567 402 692 626 573 1006 1400 1462 1473 1472 1388 1335 1276 1209 1284 1268 1163 1193 1272 1105 1119 1181 1030 839 703 678 568 570 515 542 437 662 509 409 421 495 407 755 402 566 769 501 596 413 349 425 745 238 404 492 506 583 637 364 564 455 380 445 406 489 275
575 587 601 667 842 901 768 878 916 900 787 966 855 613 941 1279 1346 1203 1134 1124 1117 1144 1161 1295 1292 1210 1364 1624 1404 1298 1362 1248 1168 1070 1076 956 838 746 886 771 945 679 798 829 750 732 1044 664 654 936 763 878 694 630 709 1029 534 663 866 846 999 949 764 1030 798 801 750 555 646 399
409 487 284 594 383 613 518 521 503 637 462 721 501 286 719 1099 1038 969 928 922 896 908 868 941 856 764 830 992 814 802 968 1033 1093 956 918 870 777 608 629 552 581 503 509 478 559 562 532 454 324 606 480 544 555 441 444 605 242 332 448 455 738 635 464 588 606 505 586 537 501 197
653 557 307 700 458 437 356 354 301 430 254 500 304 313 636 974 890 995 1073 1019 986 901 778 779 686 602 593 617 514 674 819 872 876 701 623 643 720 481 414 374 412 421 294 287 464 395 254 223 299 445 330 332 419 410 333 454 252 315 214 254 460 375 258 296 380 255 431 500 417 233
463 449 250 541 603 597 574 770 648 730 472 563 674 584 879 1401 1424 1485 1485 1428 1379 1264 1156 1159 1054 828 865 1036 897 1003 1091 1169 1090 882 828 694 815 688 623 548 785 700 575 568 692 419 728 404 586 904 562 602 764 561 503 841 314 469 495 716 801 595 338 702 405 400 517 616 458 312
342 258 219 242 348 237 308 463 307 375 280 298 415 363 697 1102 1027 1027 1011 959 953 877 822 879 796 616 621 842 720 738 766 728 707 542 455 429 468 292 340 251 442 313 397 453 396 308 463 237 275 446 294 426 630 496 347 607 430 431 331 427 533 374 165 426 226 240 334 309 165 118
879 685 436 807 686 552 573 751 458 719 544 529 447 590 982 1425 1218 1336 1357 1253 1221 1066 898 864 698 586 601 787 723 1060 1217 1331 1397 1181 1022 856 1051 814 697 595 736 600 289 494 703 256 622 424 569 832 457 506 858 511 510 822 565 400 385 566 908 616 492 621 559 451 595 692 578 479
958 625 524 822 755 471 414 544 368 517 416 545 393 552 930 1270 1093 1188 1254 1143 1121 991 863 881 802 757 761 897 815 1078 1182 1091 1031 819 653 603 733 497 519 432 580 409 185 443 542 295 536 322 494 574 367 471 596 517 486 758 632 481 346 370 604 536 362 382 437 332 476 441 409 381
576 395 444 477 459 366 356 224 171 262 273 413 202 246 502 575 562 601 685 647 590 550 517 588 617 588 526 567 386 365 463 365 388 327 345 428 413 204 205 207 211 157 365 369 199 455 196 148 194 132 269 143 303 556 304 300 535 394 185 163 165 186 231 324 204 154 203 300 250 279
700 504 413 666 512 388 335 333 190 373 229 450 193 248 523 761 636 691 744 669 633 548 470 507 464 449 487 613 533 728 908 868 866 692 595 607 666 393 423 343 376 266 195 342 391 345 293 199 249 336 257 300 400 466 378 533 484 317 205 203 389 297 226 189 269 178 302 291 278 259
563 398 350 423 457 335 375 444 177 373 239 232 158 261 446 663 578 651 651 562 518 401 332 352 293 223 264 451 419 617 783 816 885 774 737 654 779 527 461 334 399 273 300 370 368 251 360 198 261 442 250 259 562 447 333 539 526 265 220 357 498 191 262 353 184 162 212 328 312 360
866 520 390 785 619 566 373 426 246 359 241 457 234 353 678 885 837 971 1021 899 809 691 599 614 600 607 556 544 526 756 941 898 855 741 726 671 778 583 506 384 377 341 178 218 357 381 393 313 414 486 265 302 383 351 324 482 423 248 195 284 441 327 345 283 333 172 255 474 555 457
964 568 466 751 650 343 291 414 239 323 294 315 201 483 759 952 779 1009 1128 994 966 805 614 565 533 546 425 378 392 719 844 810 823 791 771 759 920 635 505 301 422 339 242 276 350 314 325 265 465 498 335 250 465 402 344 450 569 444 269 336 440 289 371 445 413 257 390 552 514 483
793 499 479 578 624 451 417 421 190 349 325 372 210 344 634 815 764 820 861 774 713 612 572 634 588 538 545 685 570 700 787 703 701 529 437 380 501 311 299 311 320 205 143 327 326 237 361 174 291 312 181 243 460 446 306 517 578 288 155 234 428 308 315 304 225 169 201 320 352 371
754 504 517 624 542 384 311 142 197 301 252 443 184 428 756 762 701 791 854 771 721 660 587 641 626 606 551 536 405 428 568 474 562 573 584 638 653 437 299 260 281 252 472 387 286 434 226 237 279 296 410 225 400 554 375 337 598 393 251 138 174 172 306 273 299 222 320 378 458 522
500 262 299 458 384 320 221 119 168 266 182 445 250 370 844 984 928 935 942 863 794 756 719 810 795 721 666 728 544 486 616 478 493 437 408 435 385 247 201 170 252 187 366 355 221 358 303 231 225 268 328 250 385 499 325 373 480 307 203 102 132 207 128 165 179 114 220 227 263 313
764 530 538 656 436 382 334 201 208 290 325 600 370 418 926 1070 920 918 961 910 880 875 849 952 930 895 781 806 650 571 653 495 539 453 376 544 442 232 292 276 251 247 449 468 336 657 283 396 265 167 367 414 522 702 464 417 714 574 316 151 281 411 305 223 435 316 459 426 387 356
635 304 402 539 457 222 245 343 254 354 338 465 376 504 992 1232 984 1025 1060 960 937 864 751 793 802 776 648 759 650 754 880 720 721 685 625 684 626 389 454 231 459 266 408 540 324 465 489 405 411 408 441 398 606 669 512 589 789 620 422 342 343 382 213 399 368 275 425 345 209 313
756 292 456 538 583 327 266 335 280 282 405 471 388 580 1115 1253 1107 1164 1218 1108 1057 992 906 975 1023 1015 823 845 686 697 735 487 448 466 461 489 437 298 322 170 362 187 349 446 189 423 514 382 461 350 388 313 480 562 401 467 765 582 377 304 275 405 320 508 390 279 341 377 338 398
1189 576 641 757 851 466 372 550 521 403 667 574 657 1025 1736 1945 1756 1907 1978 1831 1815 1713 1560 1601 1564 1504 1204 1111 983 995 876 604 576 626 576 566 600 525 426 293 530 413 466 499 377 465 727 607 767 636 550 558 764 565 474 586 884 805 570 507 609 740 656 837 775 603 685 781 775 679
1092 566 764 701 795 448 320 337 371 236 477 579 481 709 1198 1223 1119 1175 1244 1136 1130 1096 1058 1174 1234 1268 1088 1036 928 847 782 413 349 397 388 514 444 293 366 249 341 215 483 501 263 644 540 487 516 297 439 512 486 629 485 510 926 787 522 319 346 541 549 527 590 472 506 461 583 567
1793 993 1195 1192 1333 867 616 678 680 498 879 892 755 1201 1836 1784 1659 1776 1849 1679 1661 1595 1536 1655 1701 1795 1555 1415 1340 1317 1189 730 660 752 723 759 758 675 663 556 615 467 584 665 511 793 935 848 955 664 682 806 768 740 710 788 1298 1024 793 575 736 960 1070 905 1053 852 829 867 1169 1090
2055 1177 1462 1419 1698 1045 678 808 944 606 924 1064 961 1446 1919 1821 1779 1924 2014 1812 1823 1740 1685 1818 1928 2062 1898 1721 1727 1729 1577 976 755 877 881 953 968 865 918 718 864 663 835 854 710 1023 1194 996 1204 918 924 1120 785 884 950 1091 1465 1309 1099 785 809 1088 1201 974 1165 1005 985 875 1335 1296
1456 811 935 884 1067 686 466 477 448 304 608 607 490 864 1364 1332 1301 1405 1464 1324 1301 1234 1209 1331 1337 1373 1221 1129 1049 1004 879 512 465 493 459 469 526 441 395 379 366 276 383 414 343 529 631 521 633 426 401 554 541 489 433 552 931 682 491 351 555 664 819 632 726 582 539 626 937 829
1148 694 603 736 822 566 381 534 368 358 474 449 347 591 1058 1274 1177 1258 1257 1127 1128 1035 972 1049 946 934 924 988 961 1092 1052 879 872 772 655 530 658 525 476 407 420 279 120 243 409 218 572 378 467 535 230 509 529 183 287 596 536 349 348 340 770 639 685 532 644 498 488 520 776 529
683 505 507 463 608 456 388 400 316 355 408 412 227 280 536 672 652 640 650 604 611 582 564 662 625 615 697 852 719 741 765 653 692 627 596 529 550 365 385 340 358 170 263 330 300 268 401 188 228 334 238 320 334 259 257 467 418 299 317 286 554 426 522 545 449 403 351 292 446 281
643 466 362 449 423 407 295 359 339 231 371 391 323 304 675 871 840 908 953 915 926 913 843 899 873 849 742 686 601 563 534 464 505 537 595 628 590 424 388 262 262 238 382 203 222 481 307 307 276 320 263 333 312 195 172 234 248 393 342 333 547 474 552 661 616 468 471 564 609 238
474 356 270 363 429 510 396 415 344 379 398 450 345 292 736 993 1024 982 942 906 867 858 857 964 892 790 805 933 743 650 668 615 652 560 539 430 414 342 310 319 326 235 282 265 284 275 444 260 236 397 228 333 402 207 183 399 216 181 256 302 584 486 454 557 433 362 324 395 487 217
736 559 428 591 633 547 359 394 387 394 345 517 339 364 728 994 1007 1000 992 931 929 893 872 976 884 819 924 1043 918 930 945 831 794 638 542 462 508 377 383 388 401 289 218 262 414 263 450 232 281 450 251 465 346 192 262 545 242 241 302 255 604 533 473 391 473 395 412 333 540 265
578 438 388 525 598 604 379 264 379 403 319 549 281 340 689 798 911 887 870 819 767 758 762 882 844 787 884 956 752 657 736 626 631 576 589 490 481 403 312 352 353 262 362 283 310 288 411 200 251 429 340 320 238 228 242 412 206 148 270 194 385 371 431 407 364 314 287 283 542 361
678 326 310 530 547 454 174 206 235 231 153 398 198 367 805 940 946 976 935 810 757 702 674 774 752 740 768 809 743 772 878 696 657 631 622 523 535 434 364 243 294 176 206 167 222 220 436 257 286 437 244 347 258 139 218 426 291 135 237 151 337 299 328 215 303 195 210 212 520 392
308 168 154 276 310 334 229 203 171 270 161 312 160 196 572 755 767 750 710 644 581 543 525 613 579 496 527 661 501 472 604 547 584 530 539 447 433 315 247 188 254 143 271 237 178 190 319 142 140 327 216 186 305 244 176 339 231 89 153 163 280 181 179 279 149 109 124 173 267 204
333 149 145 266 343 337 228 259 182 252 169 299 202 213 595 825 848 834 802 731 664 615 601 692 665 571 588 729 572 549 644 556 538 445 435 341 345 245 221 169 253 131 204 220 169 170 360 134 169 320 168 204 303 233 162 375 236 112 143 189 302 221 159 282 126 88 96 162 233 160
698 529 412 534 652 771 523 589 596 427 507 585 574 485 862 1087 1261 1289 1278 1235 1189 1180 1182 1283 1262 1170 1118 1068 938 785 725 629 574 560 654 577 567 552 480 453 426 439 524 285 373 571 606 451 476 590 384 526 402 224 245 431 190 368 454 532 724 656 703 813 657 550 471 679 858 424
639 486 444 443 614 624 459 535 557 357 476 469 488 435 681 825 966 1035 1066 1029 1013 996 962 1032 1057 1006 927 853 756 642 588 495 473 554 713 692 671 577 503 382 410 387 621 322 299 608 517 394 445 528 419 438 348 267 250 352 264 474 501 560 629 528 681 896 634 549 468 648 768 406
893 657 673 718 912 671 520 608 639 410 464 599 591 535 571 736 897 1031 1191 1146 1134 1064 999 1044 1142 1122 1062 962 874 884 826 628 410 369 474 581 631 448 521 424 528 478 613 469 429 760 535 328 585 501 492 511 274 553 447 570 478 765 561 597 481 529 546 754 517 466 473 575 592 393
660 593 646 724 916 839 728 801 905 697 627 872 931 688 767 1041 1260 1312 1437 1430 1384 1346 1307 1368 1493 1384 1326 1295 1101 983 972 807 543 473 609 725 680 553 676 592 797 746 980 797 637 1040 810 542 764 749 794 725 509 901 705 819 575 976 798 865 572 697 518 950 555 568 609 686 549 414
611 600 578 685 887 745 718 863 926 776 646 800 936 735 808 1190 1342 1425 1551 1541 1519 1445 1348 1367 1424 1263 1231 1257 1072 1045 1035 954 728 621 705 773 796 636 709 608 898 818 966 824 728 903 820 503 782 869 822 735 633 886 713 893 537 969 805 926 684 710 484 1005 561 592 682 724 500 374
710 632 582 688 783 700 690 898 758 651 610 725 845 572 704 1132 1188 1242 1342 1325 1312 1245 1184 1220 1262 1147 1093 1165 1060 1093 1076 989 781 605 622 714 729 530 717 591 757 681 724 712 671 904 759 535 678 692 594 741 661 812 650 865 604 912 701 857 798 761 511 875 592 565 638 709 479 282
689 634 558 693 855 750 705 852 797 707 643 757 812 594 735 1146 1262 1311 1422 1414 1393 1327 1258 1300 1316 1181 1178 1256 1065 1072 1041 963 757 565 571 593 642 492 610 582 766 670 656 662 659 729 739 418 658 717 594 651 557 700 575 828 458 781 635 780 753 753 518 901 563 554 604 659 485 270
768 557 513 793 865 884 702 849 804 700 720 883 830 634 1004 1365 1465 1489 1566 1531 1461 1424 1366 1431 1489 1424 1332 1338 1119 1091 1092 954 751 633 685 647 612 554 651 584 732 618 553 574 545 739 852 563 739 751 590 623 493 577 530 750 446 680 627 743 757 863 635 982 698 589 586 727 644 353
876 719 657 865 1078 945 824 1070 1055 874 867 926 1024 852 1065 1483 1608 1696 1814 1780 1754 1679 1566 1587 1634 1528 1461 1464 1279 1308 1251 1141 901 799 869 829 868 771 841 723 992 851 804 761 757 841 1019 637 946 1020 807 805 654 709 684 958 531 937 866 1026 962 991 774 1271 841 785 800 899 759 463
927 766 737 982 1071 953 828 1038 969 895 857 1056 973 717 977 1415 1442 1432 1527 1504 1488 1446 1379 1446 1499 1459 1477 1601 1405 1473 1483 1316 1061 853 819 816 788 633 879 772 982 757 630 812 794 863 1021 650 848 884 728 864 627 776 773 1084 657 924 842 906 965 1062 727 1053 836 764 799 719 599 346
1001 1031 783 1104 880 921 896 968 823 873 821 986 767 486 614 995 936 1011 1160 1180 1187 1148 1032 1026 1016 1018 1012 1042 930 1113 1214 1288 1238 1056 1047 1138 1145 832 958 859 855 805 677 712 846 1003 656 618 683 743 681 725 647 781 722 831 578 861 721 827 1037 947 833 1030 973 825 920 977 758 384
1249 1259 1125 1279 1206 1194 1137 1155 1033 980 979 1235 1042 653 660 992 1076 1095 1269 1313 1314 1301 1282 1347 1403 1394 1428 1471 1324 1369 1377 1301 1104 838 816 1003 994 713 1000 1019 956 926 877 954 1012 1336 852 744 840 741 795 983 721 1103 944 1081 858 1174 909 981 1095 1140 963 1079 1021 943 995 1013 842 517
1357 1300 1211 1315 1407 1346 1205 1241 1151 1019 1033 1289 1135 770 743 1048 1250 1260 1423 1453 1440 1420 1441 1538 1611 1588 1662 1702 1541 1534 1480 1324 1042 760 749 883 911 706 995 1066 1011 962 892 969 1044 1318 998 757 939 833 817 1065 694 1071 952 1180 858 1181 962 1045 1138 1212 1046 1137 1017 973 962 995 948 613
1090 991 905 1082 1220 1115 982 1082 1028 896 864 1073 1014 741 796 1155 1343 1396 1554 1555 1524 1468 1431 1493 1552 1479 1502 1526 1341 1359 1315 1180 894 654 661 726 784 626 816 846 928 857 765 812 867 1028 913 597 871 831 737 862 595 884 776 1029 646 994 810 936 937 1011 798 1051 801 763 783 859 758 480
1055 921 849 1064 1205 998 939 1149 1040 938 872 1004 1025 807 854 1279 1373 1477 1652 1630 1609 1509 1401 1409 1470 1395 1380 1425 1275 1416 1404 1302 1018 801 807 853 942 736 912 828 1042 907 783 874 896 978 972 619 958 952 806 857 695 938 835 1107 728 1079 868 1040 967 990 736 1134 791 754 821 886 669 472
898 783 709 897 1126 955 850 1043 983 855 750 878 940 756 795 1193 1375 1473 1611 1580 1544 1442 1356 1378 1425 1310 1329 1372 1215 1297 1276 1180 900 708 745 730 841 695 794 740 955 841 754 757 801 825 923 514 873 942 736 772 603 778 701 1008 544 893 772 962 871 855 653 1050 647 643 675 778 654 453
838 728 707 846 1149 976 846 1028 1032 864 757 906 985 793 838 1214 1443 1512 1633 1605 1565 1479 1415 1460 1527 1399 1434 1486 1300 1313 1275 1136 830 661 720 695 777 670 777 729 975 841 822 796 789 837 983 523 888 966 780 802 583 788 715 1031 538 908 819 979 835 859 647 1075 626 650 660 727 645 461
778 678 619 845 1098 941 798 965 976 885 704 900 922 761 872 1286 1483 1534 1632 1595 1545 1452 1380 1425 1454 1312 1388 1489 1280 1327 1336 1222 935 723 732 658 754 655 736 713 975 817 714 753 793 691 961 469 836 982 746 761 574 724 686 1045 464 773 739 887 805 824 561 953 558 580 616 642 576 418
787 695 581 837 999 870 734 891 861 817 625 855 850 683 851 1305 1445 1480 1558 1519 1480 1391 1331 1385 1369 1219 1312 1443 1258 1320 1334 1236 977 707 648 592 692 572 677 680 885 754 593 681 788 637 866 438 730 881 636 760 590 680 643 1015 438 698 645 773 807 807 502 773 529 531 602 594 534 351
653 583 456 607 764 645 559 707 660 589 480 609 657 517 687 1100 1208 1257 1326 1296 1284 1207 1147 1197 1158 1007 1062 1163 1017 1045 1018 949 773 564 525 501 593 450 515 500 655 570 507 504 602 524 633 310 525 665 460 601 498 505 448 758 316 577 502 622 706 638 434 682 459 452 509 528 469 237
625 620 499 574 694 577 544 655 640 550 471 596 649 477 607 990 1071 1119 1203 1195 1211 1156 1096 1146 1111 967 1006 1088 953 946 907 849 713 537 513 568 621 430 516 485 616 562 612 545 599 638 546 318 470 581 485 612 508 577 472 700 358 672 541 616 681 615 444 691 503 499 575 554 452 210
604 623 538 546 669 616 629 679 652 580 569 675 734 507 719 1102 1189 1184 1262 1281 1284 1260 1238 1320 1284 1108 1110 1215 1003 885 807 732 613 409 367 451 458 305 429 487 582 549 653 623 596 713 564 361 462 498 489 621 587 700 501 693 454 735 541 614 684 689 465 738 524 533 595 595 429 199
649 744 652 610 710 690 713 730 751 632 626 749 811 534 653 988 1102 1110 1205 1244 1264 1258 1240 1315 1302 1142 1140 1196 1012 864 789 736 637 486 501 650 625 434 556 581 643 656 874 721 677 937 577 455 514 545 615 715 629 816 597 709 513 883 675 725 744 730 580 858 646 658 720 722 550 284
715 811 744 664 840 824 850 761 849 781 793 918 943 719 977 1306 1460 1404 1479 1531 1528 1543 1562 1685 1626 1399 1420 1533 1206 929 804 715 630 419 366 463 438 343 433 639 703 706 909 842 760 876 688 481 572 590 696 762 749 928 657 804 602 890 686 700 769 861 639 909 674 726 772 744 597 379
960 993 909 831 1055 945 914 825 970 836 913 995 973 836 1054 1316 1492 1484 1597 1641 1659 1667 1658 1770 1715 1536 1563 1604 1289 1046 879 762 674 512 483 561 572 474 516 720 775 765 935 837 809 890 739 512 682 682 769 801 700 863 671 818 615 951 773 752 865 967 851 1083 860 882 894 862 809 514
1043 1017 951 847 1040 892 859 849 915 730 870 932 929 751 910 1170 1300 1313 1442 1478 1520 1525 1513 1617 1598 1482 1482 1499 1276 1098 920 770 653 507 490 624 623 465 592 699 725 703 869 785 764 973 708 537 665 602 687 827 650 825 661 800 666 1020 794 773 901 974 883 1067 908 894 900 858 804 464
615 591 619 478 850 717 701 726 748 609 628 648 753 605 703 960 1192 1197 1279 1288 1269 1233 1239 1337 1349 1168 1196 1290 1040 857 739 608 455 321 361 378 423 337 396 488 623 550 760 668 552 663 665 314 542 575 554 574 528 693 487 708 484 732 590 691 628 627 537 894 452 530 494 556 495 344
779 725 794 702 1050 860 871 863 852 804 786 878 890 727 844 1134 1329 1298 1406 1420 1382 1340 1351 1461 1485 1313 1372 1540 1222 1080 995 825 620 381 344 370 417 317 466 624 785 649 758 869 711 743 812 390 670 641 663 674 643 944 688 946 722 880 667 751 679 776 556 904 484 577 573 567 439 401
706 832 790 685 843 903 931 804 866 810 830 988 984 683 924 1232 1414 1325 1392 1461 1442 1477 1533 1676 1642 1424 1446 1571 1230 910 800 707 617 391 354 475 415 325 460 688 699 719 959 897 777 994 713 532 572 556 707 790 767 1018 704 826 663 925 707 730 781 890 665 920 680 737 762 762 603 392
