45922 46116 46664 46824 46761 46898 46918 47380 47742 46733 46945 47302 47409 47607 47433 47477 47664 45991 45112 44085 40629 40678 41090 41228 41399 41608 41864 41996 42136 42534 43072 43098 43195 42007 41990 41744 41240 41332 41488 41533 41139 41325 41820 41972 42179 42221 42202 42434 42597 42821 43084 43412 43735 43943 44191 44512 45008 45050 45120 44950 45112 45347 45513 45665 45808 46047 46419 46569 46805 47100
45418 45639 46090 46239 46257 46303 46498 46942 47216 46135 46421 46806 46815 46965 46902 47208 47221 45574 44686 43658 40276 40352 40677 40772 40964 41147 41384 41400 41843 42472 42634 42554 43012 41690 41762 41498 41103 41283 41428 41355 40972 41220 41857 41770 41828 41886 42100 42409 42720 42800 43020 43310 43600 43850 44234 44594 44736 44947 45058 44836 45089 45483 45675 45758 45941 46084 46479 46658 46874 47177
45047 45210 45670 45978 45839 45895 46155 46404 46886 45454 45746 46066 46009 46129 46365 46537 46861 45022 44193 43194 39958 40027 40304 40396 40490 40742 41012 41203 41820 42119 42178 42470 42954 41490 41592 41312 40919 41119 41280 41129 40864 41165 41627 41498 41562 41934 42104 42415 42617 42927 43059 43437 43784 43965 44256 44398 44750 44961 44971 44782 45128 45631 45646 45857 46090 46314 46806 47011 47232 47519
44677 44830 45434 45459 45366 45466 45580 46021 46600 44664 44913 45157 45141 45548 45677 46128 46138 44434 43651 42672 39520 39512 39823 39813 39987 40286 40693 41095 41441 41620 42033 42321 42513 41236 41217 41077 40711 40885 40900 40835 40722 40863 41474 41135 41431 41762 41968 42255 42650 42697 42956 43314 43614 43704 43941 44256 44587 44914 44784 44707 45154 45431 45635 45815 46075 46378 46850 47111 47411 47820
44168 44418 44765 45142 44876 44930 45132 45592 46154 43847 44074 44338 44561 44926 45332 45480 45460 43856 43042 42069 39056 39057 39271 39392 39670 40049 40564 40759 40974 41488 41855 41923 42090 40940 40885 40790 40549 40558 40744 40606 40585 40794 40888 41089 41677 41694 41891 42344 42427 42684 42996 43203 43336 43408 43799 44030 44574 44645 44566 44780 44990 45369 45689 46086 46327 46630 47009 47009 47566 47680
43771 44076 44547 44626 44457 44472 44672 45396 45765 43278 43538 43871 44037 44548 44585 44776 44665 43240 42454 41525 38597 38598 38826 39080 39432 39845 40212 40320 40777 41304 41476 41289 41394 40535 40563 40313 40277 40406 40441 40390 40385 40440 41072 41208 41231 41435 41643 41898 42325 42483 42670 42915 43076 43256 43614 43920 44112 44300 44470 44675 44986 45426 45745 45984 46288 46546 46710 46970 47297 47430
43165 43451 43737 44013 43834 43855 44352 44748 45259 42494 42782 43148 43391 43635 43759 43973 43780 42475 41787 40975 38319 38449 38797 39043 39356 39743 40096 40385 40857 41092 41115 41001 41184 40388 40410 40097 40010 40076 40167 40238 40132 40577 40899 40954 41434 41731 42042 42631 42974 43187 43609 44065 44448 44795 45094 45389 45444 45545 45694 45715 45865 46153 46147 46153 46313 46390 46905 46892 46937 47153
42880 43109 43646 43541 43486 43776 44016 44708 44926 42040 42248 42605 42683 42916 42991 43173 42996 41846 41280 40510 37951 38057 38426 38629 38901 39228 39869 40056 40230 40526 40415 40382 40506 40021 40022 39702 39638 39794 39917 39908 39962 40186 40616 40818 41213 41670 42136 42559 42909 43257 43650 44114 44491 44701 44952 45015 45216 45533 45543 45620 45746 45842 45898 46057 46210 46423 46611 46622 46820 46941
42404 42608 42817 42931 43172 43368 43723 44041 44239 41295 41662 42059 42175 42417 42626 42887 42513 41504 40958 40213 37643 37818 38100 38323 38623 39219 39548 39648 39916 40034 39970 39973 40040 39808 39964 39588 39639 39753 39794 39832 40231 40737 41183 41370 41707 42142 42719 43233 43291 43427 43934 44574 44668 44521 44760 44772 45128 45281 45399 45489 45536 45837 45820 46026 46262 46510 46599 46523 46738 46800
41964 41957 42287 42643 42843 43032 43169 43412 43985 40410 40694 41086 41137 41482 41754 41974 41470 40677 40294 39688 37226 37452 37732 37890 38395 38734 39111 39243 39299 39374 39554 39538 39501 39603 39737 39340 39276 39350 39405 39853 40166 40389 40893 41119 41496 42187 42650 42760 43018 43446 43902 44148 44187 44148 44249 44710 44891 45053 45429 45161 45247 45543 45610 45833 46152 46216 46232 46401 46387 46901
41484 41567 42072 42331 42532 42683 42882 43287 43793 39568 39861 40172 40340 40721 41009 41039 40498 39793 39424 38796 36207 36378 36622 36955 37307 37691 38096 38022 38126 38372 38662 38644 39138 38866 38946 38798 38639 38795 39062 39404 39399 39740 40286 40498 40975 41516 41727 42133 42520 42812 42965 43038 43194 43264 43698 44028 44339 44601 44639 44512 44672 45110 45130 45479 45569 45580 45823 45893 46225 46494
41302 41616 42035 42444 42452 42529 42748 43561 43126 38834 39091 39520 39790 40182 40207 40386 39744 39242 38871 38209 35548 35584 36028 36337 36695 37099 37404 37269 37487 37904 38029 38456 38657 38439 38424 38470 38348 38674 39011 39160 39243 39547 40085 40293 40717 41039 41291 41755 42188 42236 42327 42522 42725 42914 43338 43635 44067 44436 44174 44195 44446 44854 45115 45202 45238 45318 45513 45741 46188 46330
40875 41147 41756 41971 41986 41999 42526 42917 42252 38155 38530 38980 39186 39373 39439 39471 38973 38646 38358 37777 35275 35484 35924 36246 36550 36821 37050 36946 37305 37595 37994 38020 38261 38206 38327 38140 38427 38833 39106 39366 39446 39890 40526 40835 41200 41620 41632 41781 42024 42060 42207 42501 42776 43156 43632 44002 44139 44068 44045 44182 44542 44847 44981 45010 45197 45089 45689 45909 46056 46459
40301 40578 41277 41403 41418 41773 41946 42915 41230 37168 37455 37921 38029 38319 38240 38374 37998 37878 37759 37239 34868 35049 35519 35675 35796 36077 36640 36349 36572 37186 37550 37456 37837 37904 37881 38022 38239 38573 38846 39133 39278 39481 40321 40639 41115 41252 41364 41515 41699 41905 42065 42336 42721 43077 43367 43735 43956 43816 43941 44059 44265 44590 44818 44802 44878 45085 45502 45718 45885 46234
39664 39982 40514 40776 41017 41224 41866 42331 40330 36397 36690 37119 37214 37457 37591 37708 37441 37375 37386 36930 34658 34792 35109 35089 35270 35811 36134 35744 36376 36859 36905 37201 37715 37623 37858 38163 38498 39001 39320 39191 39033 39720 40820 40834 40812 41069 41290 41660 42170 42089 41976 42404 42821 43200 43617 43744 43637 43867 44073 44011 44470 44977 44951 44718 44928 45319 46006 46023 46032 46289
39049 39398 39849 40293 40430 40878 41180 41470 39322 35483 35736 36004 35985 36370 36318 36418 36381 36587 36635 36287 34155 34139 34353 34411 34729 35153 35218 35401 35932 36082 36468 36887 37237 37365 37610 37946 38210 38559 38837 38727 39004 39524 40289 40106 40380 40854 41087 41457 41839 41659 41857 42312 42652 42907 43197 43113 43327 43769 43842 43873 44059 44339 44410 44516 44854 45164 45560 45613 45913 46231
38301 38610 39105 39548 39868 40025 40096 40684 38248 34626 34765 35044 34949 35236 35231 35406 35628 35867 35847 35726 33868 33838 34068 34283 34543 34637 35083 35353 35568 35992 36379 36707 37136 37401 37502 37801 37999 38268 38460 38682 39015 39360 39601 39876 40412 40801 41083 41431 41456 41714 42206 42340 42574 42729 42788 42974 43482 43650 43736 43762 43675 43935 44172 44522 44657 44972 45312 45533 45898 46152
37733 38048 38598 39207 39267 39359 39676 39911 37566 34255 34406 34553 34613 34882 34852 35135 35405 35375 35324 35169 33474 33434 33757 33951 34036 34341 34782 34889 35240 35700 36039 36442 36903 37090 37306 37635 37858 38244 38569 38663 38821 39130 39703 40009 40326 40646 40883 41215 41490 41669 41927 42207 42419 42602 42912 43028 43205 43387 43442 43504 43710 44150 44417 44661 44814 45099 45355 45518 45843 46033
37141 37484 38203 38611 38546 38770 38755 39164 36618 33627 33732 34023 34022 34252 34412 34802 34806 34784 34756 34667 33177 33283 33638 33667 33882 34317 34632 34768 35279 35656 36260 36708 37200 37453 37538 37695 38074 38647 39049 39165 39167 39491 40202 40587 41026 41264 41204 41162 41548 41896 42235 42468 42662 42903 43049 42875 42998 43245 43391 43431 43813 44313 44522 44653 44790 44997 45457 45608 45808 46112
36446 36828 37549 37716 37920 37910 38101 38511 35740 33066 33243 33462 33564 33884 34135 34393 34350 34263 34453 34144 32717 32754 32992 33072 33386 33717 34208 34326 34693 35432 36018 36418 37041 37065 37314 37709 38128 38688 38954 38890 38916 39282 40029 40543 40771 40775 40808 41307 41830 41984 42124 42286 42519 42738 42982 42587 42799 43036 43241 43407 43813 44185 44457 44802 44758 45028 45393 45636 46097 46322
35829 36318 36690 37213 37139 37189 37357 37819 34763 32360 32509 32820 32982 33308 33378 33548 33486 33740 33775 33494 32274 32378 32623 32840 33046 33530 34035 34079 34811 35446 35897 36538 36692 36916 37240 37775 38045 38463 38766 38657 38825 39303 40157 40347 40509 40381 40823 41239 41665 41737 41947 42363 42603 42602 42537 42346 42486 42827 43106 43440 43550 44098 44589 44517 44694 45000 45522 45804 46032 46090
35025 35332 35967 36301 36240 36325 36441 36695 33856 31774 31954 32193 32243 32530 32485 32698 32956 33175 33156 33019 31942 31958 32272 32378 32692 33155 33601 33977 34527 35137 35727 35830 36465 36880 37199 37533 37897 38268 38385 38451 38686 39307 39991 39822 39871 40344 40709 41109 41400 41609 41935 42302 42431 42251 42182 42059 42282 42768 43089 43236 43600 44066 44154 44418 44594 44990 45456 45517 45710 45876
34401 34792 35247 35743 35439 35537 35648 35982 33052 31231 31309 31587 31610 31785 31808 32216 32382 32434 32419 32354 31501 31565 31919 32088 32449 32863 33527 33791 34421 35041 35219 35844 36507 36759 37031 37453 37640 37917 38178 38351 38696 39095 39291 39401 39888 40395 40955 41535 41510 41622 41882 42040 42044 41891 41844 41812 42444 43020 43245 43520 43516 43809 44118 44500 44596 44966 45331 45484 45874 45623
33640 33971 34541 35015 34473 34601 34564 34907 32200 30705 30898 31205 31136 31360 31620 31881 31943 31938 31940 31866 31029 31116 31353 31679 32040 32575 33042 33547 34127 34427 34929 35501 36146 36507 36820 37186 37452 37817 38066 38265 38396 38737 38951 39073 39608 40242 40730 41318 41109 41129 41345 41522 41484 41473 41573 41739 42225 42754 43061 43230 43403 43758 43935 44322 44498 44843 45188 45381 45722 45346
33037 33363 33995 34481 33686 33899 33601 34062 31317 30024 30215 30503 30540 31100 31282 31419 31499 31543 31867 31504 30766 30774 31158 31495 31970 32351 33025 33539 33809 34402 34949 35657 36356 36728 36884 37329 37489 37854 38165 38115 38261 38482 38776 39024 39690 40321 40842 41445 40858 40796 40993 41082 41227 41272 41683 41808 42499 42803 42950 43274 43460 43819 44046 44463 44549 44933 45251 45513 45811 45193
32245 32644 33236 33697 32801 32991 32521 32979 30230 29198 29399 29793 30059 30644 30702 30852 30966 31299 31353 31015 30442 30558 30959 31471 31838 32378 32913 33234 33855 34484 35056 35688 36243 36560 36774 37175 37533 37957 38288 37904 38057 38318 38820 39193 39814 40342 40768 40953 40509 40427 40497 40757 40923 41268 41560 41823 42153 42564 42860 43212 43409 43725 43979 44275 44367 44788 45208 45178 45284 44911
31365 31745 32323 32699 31855 32011 31393 31775 29131 28342 28578 29178 29400 29944 30071 30361 30702 30877 31082 30677 30271 30434 30938 31290 31717 32206 32711 33395 34154 34968 35755 36556 37230 37767 38164 38744 39296 39164 38462 37646 37842 38142 38841 39154 39702 40322 40466 40976 40132 40087 40280 40560 41083 41382 41727 42063 42553 42915 43253 43567 43251 43583 43908 44110 44305 44752 45200 44792 44887 44582
30579 31013 31419 31935 30966 31150 30400 30850 28298 27654 28014 28531 28706 29224 29429 29914 30096 30448 30550 30198 29957 30286 30644 30992 31389 31785 32845 33524 34581 35437 36374 37046 37613 38266 38610 39016 39147 38590 38058 37251 37407 38048 38648 38859 39513 39814 40287 40941 39713 39682 39881 40556 40916 41632 42189 42212 42373 42797 43093 43809 43046 43480 43604 44005 44177 44715 45081 44390 44470 44245
29589 29967 30493 30984 29892 30070 29201 29644 27404 26705 26873 27243 27345 27896 28318 28795 29213 29657 30205 29638 29476 29598 29960 30228 30462 31371 32396 33346 34166 35146 35731 36426 37371 37965 38082 38384 38248 37771 37280 36525 36870 37332 38030 38104 38558 39248 39869 39990 39002 39119 39385 39975 40783 41443 41575 41481 41894 42453 43140 43855 42619 42832 43234 43560 43798 44182 44387 43718 43940 43736
28509 28910 29380 29952 28698 28863 28007 28366 26447 25955 26147 26508 26654 27439 27852 28355 28744 29444 29413 29033 28966 29154 29434 29578 30467 31276 32335 33207 34255 34762 35325 36449 37161 37527 37590 37926 37581 37206 36791 36050 36444 37203 37502 37494 38258 38909 39116 39327 38534 38591 38976 40152 40815 41069 41398 41070 41578 42536 43390 43254 42279 42685 42791 43538 43333 43847 43838 43263 43477 43252
27124 27592 27955 28463 27092 27163 26418 26827 25339 24932 25039 25357 25660 26348 26730 27243 27850 28100 28043 27976 27978 28136 28341 29071 29803 30649 31760 32811 33320 33837 34795 35758 36225 36889 36544 36845 36338 36070 35730 35128 35688 36019 36260 36595 37297 37562 37874 37933 37549 37716 38515 39466 39913 40350 40494 40232 41032 42194 42396 42137 41503 41758 42246 42760 42437 42900 42807 42448 42726 42543
25262 25618 25948 26304 24981 24931 24397 24674 23839 23663 23838 24300 24494 25137 25602 26269 26382 26559 26841 26902 26933 27115 27832 28374 29162 30053 31241 31797 32318 33284 34027 34695 35509 35665 35451 35642 35009 34944 34580 34111 34419 34781 35219 35577 35908 36122 36500 36991 36534 37150 37654 38454 39135 39425 39388 39661 40531 41033 41139 40772 40586 41083 41217 41449 41314 41811 41834 41566 41741 41530
24191 24441 24713 25034 23684 23515 23155 23300 23005 22947 23185 23537 23810 24448 24965 25198 25286 25736 26025 26097 26121 26658 27350 27948 28780 29764 30566 31014 31989 32724 33297 34248 34695 34582 34567 34550 34055 34076 33771 33430 33516 33957 34673 34596 34861 35254 35886 35863 36383 36684 37136 38027 38514 38587 39050 39378 39801 40327 40219 39981 40210 40687 40487 40701 40765 41043 41214 41064 41142 41037
23558 23695 24028 24241 22866 22635 22321 22389 22355 22289 22465 22851 23176 23778 23917 24209 24622 25106 25432 25407 25743 26216 27056 27675 28535 29294 30102 30829 31644 32242 33221 33742 34089 33909 34157 33828 33402 33345 33040 32938 33008 33349 33729 33886 34246 34960 35045 35697 36083 36542 36995 37621 37841 38216 38759 38940 39419 39688 39605 39613 39784 39929 40127 40410 40316 40516 40751 40774 40772 40824
23184 23391 23596 23821 22375 22102 21884 22193 22031 22056 22314 22754 23096 23326 23531 24021 24423 24822 24774 25011 25337 25954 26763 27437 28177 28915 29885 30542 31210 32212 32839 33260 33300 33520 33768 33276 32925 32854 32641 32547 32517 32787 33270 33433 34066 34208 34942 35589 35993 36284 36740 37009 37532 38185 38412 38698 39022 39057 39294 39491 39369 39790 39957 40035 40038 40274 40662 40557 40734 40563
22860 22961 23335 23470 22093 21804 21679 21785 21717 21734 22032 22467 22519 22735 23161 23709 24209 24241 24519 24694 25040 25636 26387 26999 27731 28536 29494 30061 30953 31729 32227 32301 32788 33175 33591 32699 32465 32575 32321 32137 32062 32473 32991 33107 33353 34019 34677 35301 35665 36005 36161 36769 37549 37787 38069 38187 38417 38721 38963 39044 39323 39742 39616 39733 39867 40227 40610 40221 40216 40257
22710 22851 23155 23495 21854 21542 21439 21539 21400 21295 21545 21817 21896 22367 22843 23448 23578 23915 24102 24361 24712 25236 26038 26606 27378 28273 29158 29896 30660 31230 31504 31989 32583 32955 33294 32233 32038 32109 31920 31691 31709 32037 32732 32558 33129 33887 34488 35106 35480 35462 35940 36758 37163 37401 37562 37658 38139 38460 38753 38916 39130 39396 39378 39604 39883 40126 40242 39981 40062 40196
22367 22504 22920 23318 21368 21016 20875 20933 20854 20744 20935 21184 21430 21980 22542 22757 23154 23428 23800 24116 24516 25127 25897 26507 27355 28198 29181 29787 30428 30765 31308 31860 32521 32814 32832 31819 31697 31754 31479 31370 31392 31866 32042 32454 33142 33794 34438 35051 35010 35396 35927 36440 36903 36881 37161 37446 37820 38352 38739 38697 38811 39109 39184 39550 39675 39790 39994 39828 39986 40110
22117 22392 22844 23214 20900 20559 20369 20582 20465 20357 20520 20960 21404 21954 22081 22477 22832 23214 23505 23786 24247 24860 25616 26319 27153 28063 28916 29454 29793 30430 31072 31647 32220 32314 32167 31321 31273 31387 31094 30972 31064 31319 31892 32340 32846 33545 34135 34501 34782 35036 35495 36083 36328 36517 36960 37027 37580 38169 38332 38406 38566 38973 38994 39347 39387 39580 39651 39740 39953 39919
21610 21830 22336 22561 20145 19801 19586 19769 19780 19747 20120 20816 21227 21413 21756 22180 22617 22989 23341 23735 24178 24802 25649 26369 27181 27972 28805 28984 29603 30364 30981 31506 32072 31885 31703 30943 30927 31087 30707 30720 30705 31154 31764 32172 32734 33341 33808 34279 34503 34844 35306 35722 36135 36401 36728 36980 37434 37812 38068 38200 38394 38779 38872 39124 39175 39344 39622 39704 39808 39867
21313 21537 21983 22167 19682 19315 19084 19263 19310 19492 20065 20760 20854 21309 21657 22287 22814 23276 23686 24094 24465 25006 25750 26348 27083 27884 28357 28790 29521 30254 30919 31413 31963 31506 31262 30668 30688 30847 30475 30474 30604 31111 31804 32189 32659 33222 33696 34148 34435 34730 35165 35634 36056 36352 36680 36953 37347 37703 37999 38145 38371 38767 38862 39062 39156 39330 39595 39680 39770 39891
20997 21136 21564 21757 19224 18828 18585 18760 19012 19350 19896 20289 20616 21106 21725 22636 23354 23927 24543 25087 25511 26123 26804 26873 27164 27529 28257 28797 29489 30544 31411 31523 31591 31185 30888 30442 30439 30451 30238 30379 30927 31728 32783 33137 33814 34640 35257 35783 36084 36251 36581 37040 37442 37792 38057 38158 38628 38967 39336 39718 39971 40363 40367 40634 41037 41420 41906 42257 42672 43149
20666 20862 21356 21482 18865 18550 18364 18607 18798 19028 19260 19747 20208 20675 21505 22317 23075 23768 24308 24593 24895 25435 25647 25731 26098 26684 27598 28138 29033 30083 30677 30445 30477 30252 30004 29790 29803 29773 29704 30301 30759 31748 32430 32788 33637 34127 34726 35255 35470 35640 36000 36471 37004 37198 37321 37597 38174 38536 39048 39397 39682 39982 40060 40560 40951 41379 41850 42151 42642 43235
20225 20553 20956 21280 18454 18223 18176 18478 18672 18680 19013 19562 19979 20676 21409 22276 23097 23671 23906 23999 24211 24261 24416 24580 25185 25919 26820 27562 28428 29233 29437 29222 29303 29255 29121 29137 29191 29283 29643 30060 30744 31463 32122 32533 33119 33538 34204 34669 34822 35013 35456 36044 36373 36619 36802 37202 37784 38225 38635 39198 39461 39642 39988 40513 40950 41375 41714 42094 42700 43527
19387 19677 20220 20315 17675 17477 17491 17879 18168 18301 18763 19274 19740 20538 21286 22177 22814 23111 23258 23701 23644 23725 23936 24360 25109 25819 26751 27493 28113 28501 28632 28389 28543 28733 28589 28623 28830 29312 29585 30236 30997 31598 32113 32448 33118 33579 34108 34381 34642 34896 35548 35867 36138 36454 36749 37307 37869 38115 38549 39120 39378 39547 40004 40576 41101 41479 41721 42293 43035 44046
18466 18773 19256 19307 16871 16699 16754 17078 17441 17619 18031 18748 19396 20302 21137 21802 22283 22459 22881 23063 23078 23231 23625 24242 24988 25754 26630 27194 27343 27694 27787 27651 28013 28000 28143 28239 28779 29206 29628 30285 30878 31492 32052 32455 33151 33461 33770 34151 34440 34852 35300 35610 35946 36353 36697 37367 37787 37992 38342 38972 39260 39566 40068 40536 41072 41317 41828 42398 42994 44023
17566 17845 18377 18310 16110 15947 15939 16353 16724 16813 17401 18255 18994 20021 20656 21265 21628 22152 22359 22588 22626 22885 23490 24093 24834 25600 26441 26349 26516 26844 26905 27073 27361 27619 27821 28215 28701 29232 29661 30192 30760 31291 32126 32506 33003 33225 33623 33972 34463 34755 35077 35435 35823 36292 36710 37312 37758 37939 38323 38855 39298 39698 40182 40505 40963 41345 41810 42330 42983 43912
16680 16896 17260 17328 15395 15206 15274 15567 15871 16137 16872 17856 18650 19521 20082 20592 21250 21531 21823 22159 22353 22807 23535 24159 24955 25579 25909 25670 25838 26072 26455 26659 27074 27390 27875 28221 28734 29275 29732 30300 30864 31536 32319 32664 32948 33345 33783 34151 34605 34897 35311 35810 36304 36816 37285 37935 38415 38629 38969 39287 39706 40128 40577 40950 41429 41799 42310 42746 43274 44113
16036 16206 16570 16633 14862 14663 14761 14997 15372 15746 16578 17556 18185 18920 19359 20140 20572 20964 21375 21832 22211 22842 23687 24444 24753 24999 25290 24969 25086 25612 26037 26342 26847 27469 27797 28213 28756 29507 29983 30653 31061 31457 32253 32374 32958 33496 33682 34437 34820 35025 35729 36338 36620 36998 37421 37995 38576 38649 38842 39407 39883 40474 40791 41277 41567 42039 42276 42835 43490 44213
15600 15816 16045 16096 14484 14304 14385 14666 14967 15387 16166 17009 17495 18043 18731 19238 19846 20370 20919 21530 22010 22896 23667 23811 24025 24240 24424 24232 24578 25105 25676 26189 26819 27175 27635 28085 28800 29416 30017 30403 30660 31299 31800 32208 32819 32986 33634 34057 34538 35048 35628 35992 36397 36738 37221 37956 38247 38262 38812 39455 39766 40304 40742 41021 41536 41737 42419 42967 43556 44160
14913 15050 15338 15455 13929 13795 13899 14149 14527 14894 15531 16133 16431 17206 17659 18415 19136 19865 20594 21255 21939 22661 23057 22843 23003 23109 23246 23406 23759 24495 25285 25860 26380 26907 27439 27984 28630 29336 29548 29810 30295 30639 31508 31872 32224 32817 33229 33712 34449 34900 35151 35623 35951 36478 36990 37580 37841 38192 38717 39180 39601 40065 40402 40813 41170 41726 42253 42814 43134 44018
14256 14420 14614 14797 13365 13200 13330 13563 13949 14205 14676 15172 15554 16254 16980 17755 18617 19449 20264 21295 22032 22330 22463 22192 22269 22379 22721 22991 23663 24550 25315 25929 26638 27119 27636 28292 28636 28916 29147 29574 29905 30501 31278 31561 32208 32630 33059 33794 34499 34556 34910 35306 35828 36265 36770 37312 37847 38269 38623 39029 39310 39798 40234 40507 41082 41650 42197 42442 43150 43878
13713 13859 14139 14359 12991 12820 12865 13069 13480 13678 14135 14564 14975 15798 16445 17417 18396 19207 20322 21195 21530 21502 21582 21355 21461 21730 22230 22739 23503 24394 25124 25813 26449 27002 27558 28016 28257 28538 29009 29368 29869 30404 31073 31491 32096 32439 32959 33527 33998 34243 34702 35230 35585 35975 36459 37077 37760 38045 38421 38678 39071 39560 39980 40474 41089 41498 41759 42219 43009 43690
12784 12906 13273 13535 12236 12033 12058 12238 12728 12924 13344 13891 14377 15197 16025 17001 17911 18954 19856 20577 20738 20718 20823 20655 20999 21353 21907 22622 23394 24202 25014 25622 26175 26822 27176 27522 27779 28317 28684 29084 29703 30201 30955 31466 32024 32343 32787 33178 33740 34006 34588 34917 35244 35678 36233 36875 37478 37718 37908 38310 38874 39228 39767 40336 40729 41046 41476 41958 42508 43343
11792 11978 12396 12576 11363 11170 11261 11495 11946 12088 12608 13232 13732 14665 15490 16361 17488 18338 19106 19666 19810 19889 19923 20087 20523 20926 21697 22409 23103 23983 24776 25282 25892 26314 26636 26930 27444 27892 28281 28771 29327 29939 30776 31348 31851 32050 32412 32941 33463 33819 34130 34446 34868 35384 35975 36520 37065 37102 37482 38019 38479 38988 39520 39891 40203 40746 41230 41520 42081 42803
10973 11241 11623 11805 10648 10473 10589 10880 11198 11378 11904 12550 13191 14136 14877 16041 17034 17848 18492 19016 19158 19153 19462 19711 20129 20786 21654 22222 22962 23866 24580 25097 25579 25962 26252 26713 27138 27615 28059 28548 29137 29832 30849 31232 31631 31839 32312 32815 33424 33536 33807 34253 34747 35312 35745 36370 36675 36908 37362 37840 38376 38881 39260 39508 40127 40604 40904 41294 41714 42523
10041 10298 10705 10801 9859 9690 9799 10027 10419 10600 11117 11885 12494 13434 14491 15609 16549 17306 17955 18505 18517 18773 19114 19352 19962 20764 21549 22082 22840 23688 24414 24816 25322 25679 26093 26397 26856 27382 27835 28361 29052 29835 30652 31011 31465 31853 32298 32762 33182 33343 33729 34246 34706 35169 35603 36170 36616 36882 37208 37782 38264 38546 38953 39437 40027 40242 40610 40920 41382 42196
9218 9454 9858 9931 9123 9010 9096 9392 9735 9910 10543 11289 12002 13158 14174 15234 16136 16903 17535 17859 18067 18345 18690 19082 19836 20560 21358 21871 22563 23465 24128 24483 25033 25479 25867 26162 26661 27214 27656 28324 29013 29642 30414 30845 31436 31766 32249 32595 32969 33237 33687 34169 34590 35055 35439 36106 36579 36734 37198 37698 37998 38357 38926 39402 39786 40025 40350 40756 41153 41946
8385 8603 8992 9164 8360 8309 8474 8732 9039 9329 9936 10814 11761 12874 13859 14846 15760 16505 16895 17378 17584 17887 18362 18885 19579 20305 21057 21547 22296 23134 23772 24168 24794 25210 25650 25954 26502 27053 27571 28218 28757 29417 30223 30764 31261 31628 32036 32410 32808 33101 33517 33971 34438 34883 35353 36046 36404 36675 37064 37433 37833 38374 38835 39133 39556 39790 40188 40558 40882 41651
7673 7884 8328 8502 7659 7655 7834 8048 8432 8675 9420 10555 11452 12559 13480 14481 15392 15912 16484 16975 17217 17643 18270 18749 19414 20148 20888 21417 22154 22945 23604 24056 24683 25083 25528 25882 26372 26970 27542 28091 28608 29250 30172 30674 31137 31522 31899 32296 32733 33002 33358 33879 34352 34790 35351 35957 36380 36653 36953 37296 37811 38329 38622 38944 39365 39631 40063 40394 40737 41436
6983 7203 7659 7739 6966 6972 7078 7361 7711 8085 9114 10234 11106 12195 13141 14155 14841 15539 16153 16705 17109 17659 18376 18951 19710 20523 21391 22037 22888 23795 24549 25121 25848 26280 26693 27009 27402 27843 28270 28719 29143 29739 30597 30998 31510 31901 32315 32700 33067 33327 33638 34143 34625 35064 35541 36092 36555 36818 37076 37373 37777 38177 38526 38824 39222 39529 39984 40294 40651 41296
6398 6625 7027 7054 6414 6446 6549 6872 7342 8035 9035 10091 10980 12056 13020 13851 14686 15419 16068 16652 17107 17651 18411 19054 19847 20658 21573 22333 23240 24206 25003 25675 26494 26985 27393 27732 28089 28423 28770 29194 29627 30187 30935 31248 31816 32214 32669 33090 33442 33742 34094 34615 35126 35597 36043 36594 37123 37406 37679 38045 38414 38705 39058 39366 39758 40075 40519 40858 41299 41991
5747 5928 6371 6290 5850 5936 5995 6490 7331 8075 8999 10059 10933 12106 12856 13830 14687 15431 16107 16776 17258 17819 18627 19297 20101 20897 21834 22664 23568 24524 25366 26070 26883 27456 27921 28341 28747 29146 29511 30000 30482 31098 31874 32170 32787 33241 33691 34179 34490 34775 35184 35746 36327 36862 37326 37934 38558 38846 39139 39522 39890 40205 40564 40899 41300 41687 42205 42601 43083 43786
5123 5313 5680 5554 5331 5405 5637 6525 7431 7906 8817 9928 10871 11856 12783 13758 14637 15379 16107 16844 17469 18177 19140 20006 20987 21914 23031 24077 25164 26349 27367 28263 29296 30049 30645 31168 31640 32036 32406 32975 33566 34246 34980 35302 36049 36582 37211 37845 38282 38735 39325 39984 40677 41324 41853 42559 43345 43757 44208 44797 45245 45530 45968 46414 46907 47345 47895 48400 49061 49936
4366 4483 4803 4731 4745 5038 5600 6516 7151 7769 8782 9931 10739 11847 12824 13912 14817 15588 16356 17095 17677 18402 19486 20358 21365 22370 23559 24731 25880 27038 28120 29098 30213 31069 31806 32480 33070 33561 33767 34431 35130 36031 36930 37370 38296 39089 39801 40631 41008 41414 42036 42804 43635 44223 44608 45228 45969 46281 46662 46932 47217 47553 47869 48346 48948 49425 50045 50486 50737 51426
3675 3780 3969 4121 4290 4869 5575 6283 6928 7563 8530 9598 10490 11716 12751 13721 14648 15460 16230 16961 17606 18421 19424 20304 21359 22354 23607 24851 26019 27079 28239 29371 30565 31238 31932 32464 33012 33242 33706 34480 35104 36184 36943 37426 38493 39361 39903 40733 40915 41284 41886 42705 43428 43932 44396 45004 45722 46186 46371 46700 47119 47381 47745 48363 48817 49283 49922 50116 50591 51354
2987 3118 3382 3654 4145 4870 5437 6231 6846 7455 8339 9358 10329 11509 12404 13391 14332 15177 15974 16687 17397 18153 19180 20065 21115 22148 23462 24652 25710 26941 28142 29231 30188 31020 31580 32220 32601 33048 33626 34224 35006 35898 36814 37309 38338 38923 39647 40358 40610 40921 41501 42267 42939 43549 44015 44563 45406 45726 45988 46504 46824 47109 47561 48066 48515 49043 49467 49870 50436 51013
2195 2376 2776 3469 4113 4773 5356 6090 6758 7329 8203 9275 10153 11200 12120 13127 14053 14908 15705 16506 17185 17993 19014 19893 20996 22074 23317 24399 25601 26878 28030 28952 30001 30748 31366 31850 32465 33020 33452 34129 34850 35806 36738 37252 38048 38702 39398 40022 40291 40652 41177 41878 42598 43224 43635 44311 45003 45323 45757 46221 46591 46912 47320 47805 48270 48689 49240 49658 50050 50869
1511 1681 2689 3577 4166 4882 5641 6434 7302 8056 9143 10436 11477 12821 13876 15044 16173 17256 18288 19269 19914 20547 21357 21997 22838 23668 24622 25492 26450 27420 28361 29105 29938 30645 31308 31907 32578 33255 33801 34499 35267 36206 37160 37694 38370 38943 39449 39994 40231 40530 41114 41810 42524 43184 43630 44281 44912 45274 45694 46157 46637 47072 47570 48126 48670 49229 49881 50372 50818 51711
710 1511 2586 3371 4005 4759 5473 6391 7319 8190 9428 10835 11938 13237 14283 15402 16501 17445 18404 19381 20167 20994 22092 23027 24078 25046 26221 27394 28515 29671 30762 31714 32790 33693 34484 35187 35810 36413 36935 37680 38404 39309 40175 40616 41488 42245 42956 43795 44194 44705 45511 46392 47317 48116 48794 49632 50638 51203 51751 52361 52918 53365 53847 54467 55071 55694 56440 57031 57703 58588
