50701 35098 30941 30899 30866 31054 30396 29721 25798 25832 26129 25000 25075 25141 25089 25194 25392 24152 24280 24475 24823 25382 25904 26487 27225 27632 28069 28471 28993 29524 30135 30821 31527 31735 32313 32821 33286 34087 34993 36136 37225 38385 39332 40242 40779 41202 41664 42132 42577 43010 43712 41322 41255 41447 40995 41063 41311 40637 40599 40689 40799 39486 39425 38180 38287 38217 38351 37807 37880 37752
50156 34874 30603 30516 30625 30705 30061 29419 25626 25850 26049 24812 24959 25002 24982 25207 25257 24011 24112 24277 24554 25148 25693 26393 26876 27270 27637 28057 28517 29219 29903 30545 30884 31401 31965 32520 33222 34078 35029 36208 37579 38978 40179 41362 42202 42490 42734 42844 43189 43262 43546 40983 41056 41047 40694 40850 41105 40403 40360 40521 40606 39222 39186 38064 38118 38156 38203 37711 37841 37541
49781 34766 30422 30336 30348 30479 29784 29128 25476 25600 25887 24660 24788 24783 24934 24930 24998 23856 24012 24068 24471 25024 25653 26084 26550 26875 27276 27649 28294 29071 29731 30030 30639 31140 31699 32350 32960 33876 34825 36241 37592 39068 40277 41482 41843 41992 42123 42495 42700 42832 43220 40574 40682 40627 40292 40474 40693 40082 39994 40174 40197 38971 38916 37912 37919 37948 38009 37602 37701 37483
49201 34675 30184 30067 29971 30103 29365 28810 25286 25431 25779 24478 24550 24696 24726 24638 24697 23669 23726 23856 24207 24855 25204 25623 26009 26359 26719 27282 28003 28763 29084 29661 30312 30874 31563 32186 32880 33705 34811 36182 37591 39061 40281 41029 41365 41447 41825 41961 42289 42429 42747 40175 40185 40133 39804 39952 40299 39681 39527 39637 39663 38595 38528 37684 37696 37657 37976 37423 37489 37348
48608 34431 29766 29623 29569 29770 28953 28424 25013 25307 25739 24183 24350 24539 24478 24355 24845 23380 23459 23553 23942 24343 24729 25074 25531 25832 26366 26951 27623 28035 28621 29195 29836 30414 31064 31794 32478 33545 34727 36199 37616 39001 39770 40498 40723 41018 41143 41550 41757 41770 41820 39635 39808 39567 39374 39650 39864 39290 39101 39221 39315 38248 38304 37485 37519 37665 37959 37262 37348 37168
48071 34105 29362 29224 29311 29608 28596 27922 24744 25167 25520 23830 24014 24216 24084 24401 24462 22996 23036 23137 23316 23869 24258 24721 25110 25613 26227 26842 27236 27869 28442 29012 29627 30179 30825 31409 32149 33231 34444 35911 37219 38103 38900 39596 40030 40209 40544 41018 41370 41042 41007 39206 39323 39103 39022 39244 39351 38756 38691 38830 38920 37873 37970 37110 37205 37401 37496 36988 37088 36882
47744 33840 29181 29057 29200 29217 28312 27467 24488 24785 24960 23547 23771 23744 23987 24001 24105 22694 22814 22737 23170 23575 24005 24319 24886 25470 26072 26392 26970 27602 28166 28721 29290 29796 30347 30992 31833 33099 34448 35728 36639 37485 38153 38865 39204 39488 40075 40549 40889 40274 40275 38578 38708 38598 38535 38698 39082 38312 38244 38458 38601 37657 37744 36900 37007 37206 37261 36789 36948 36830
47466 33658 28974 28860 28897 29177 28038 27037 24293 24423 24698 23334 23440 23698 23643 23724 23596 22479 22434 22686 22934 23424 23701 24245 24962 25532 25805 26350 27170 28042 28802 29499 30184 30652 31384 31956 32477 33252 34056 34966 35779 36646 37411 38166 38695 39216 39682 40168 40118 39631 39851 38189 38318 38176 38082 38349 38588 37838 37888 38102 38417 37298 37285 36565 36692 36843 36885 36561 36680 36666
46726 33382 28728 28616 28729 28954 27670 26814 24180 24382 24500 23194 23463 23590 23510 23516 23418 22287 22212 22209 22464 22806 23309 23998 24622 24847 25378 26124 26942 27786 28490 29092 29708 30376 31054 31716 32446 33347 34208 35255 36300 37444 38545 39624 40336 39787 39793 39733 39707 39162 39282 37842 37913 37754 37792 38101 38137 37552 37624 37930 38079 37055 37012 36434 36590 36950 36547 36413 36714 36456
45919 33062 28566 28462 28430 28253 27045 26388 23859 23948 24001 23026 23276 23165 23072 22923 22853 21901 21795 21830 22058 22560 23167 23743 23977 24465 25228 26004 26823 27594 28199 28765 29557 30192 30879 31576 32276 33133 34031 35100 36236 37434 38445 39375 40063 38920 38990 38964 39067 38474 38837 37165 37066 37231 37045 37183 37474 36934 37056 37193 37360 36624 36519 36060 36305 36406 36140 36266 36291 36333
44599 32445 27885 27839 27880 27147 25993 25796 23293 23442 23658 22629 22796 22524 22411 22015 22102 21317 21265 21436 21796 22438 22981 23198 23685 24388 25180 25940 26674 27383 27967 28711 29493 30110 30914 31723 32532 33506 34470 35489 36394 37365 38167 38994 39358 37908 38011 38109 37950 37184 37530 35898 36017 35780 35628 35872 36176 35861 35820 35982 36128 35549 35498 35294 35448 35487 35649 35682 35779 35791
43722 32088 27405 27411 27514 26480 25380 25421 22982 23281 23636 22383 22494 22095 21975 21575 21535 20917 21042 21157 21598 22187 22381 22879 23663 24426 25234 25818 26488 27166 27944 28661 29377 30090 30924 31665 32401 33350 34222 35178 36093 37034 37825 38440 38685 37098 37110 37245 37039 36170 36233 35094 35323 34845 34781 35017 35216 35101 35010 35169 35332 34859 34940 34816 34895 35024 35450 35308 35457 35545
43390 31880 27187 27152 27491 26166 25156 24958 22788 23059 23143 22124 22146 21730 21677 21370 21164 20652 20754 20906 21302 21565 22037 22794 23650 24447 25014 25609 26244 27074 27785 28438 29200 29942 30631 31284 31946 32785 33537 34528 35440 36372 37048 37705 38129 36294 36453 36354 36347 35604 35682 34775 34922 34555 34534 34720 34942 34730 34758 34980 35024 34660 34686 34604 34694 35065 35162 35129 35519 35395
42850 31555 26945 27022 27435 25599 24634 24567 22442 22450 22833 21835 21610 21419 21262 20711 20566 20300 20480 20697 20804 21199 21822 22603 23463 23989 24545 25092 25854 26667 27339 28075 28905 29521 30176 30742 31293 32058 32855 33817 34760 35657 36330 37053 37276 35421 35538 35451 35517 34946 35152 34182 34171 33928 33899 34022 34256 34226 34135 34246 34278 34261 34277 34359 34629 34758 34881 34974 35283 35422
42350 31257 26734 26987 27537 25127 24229 24650 22214 22513 22933 21679 21341 21390 21120 20299 20406 20158 20495 20344 20502 21081 21744 22531 23120 23635 24120 24770 25492 26257 26969 27742 28505 29100 29742 30383 31081 31920 32730 33772 34669 35570 36300 37148 36814 35078 35081 35096 35263 34621 34778 33800 34112 33512 33596 33707 33991 34054 33859 33911 34046 34043 34274 34488 34898 35297 35503 35438 35739 35747
42021 31011 26489 26705 26896 24599 23755 24198 21803 21994 22417 21284 20998 21088 20563 19828 19913 19810 20140 19990 20561 21135 21750 22265 22859 23304 23915 24532 25192 25929 26621 27332 27987 28519 29113 29707 30271 31026 31867 32830 33747 34715 35567 36115 35640 34191 34087 34074 34193 33895 34214 33204 33224 32907 32999 33096 33447 33412 33281 33458 33573 33684 34092 34236 34733 35014 35066 35255 35527 35660
41698 30784 26329 26289 26336 24092 23376 23688 21447 21593 21827 20954 20693 20699 20161 19495 19579 19533 19583 19968 20433 21037 21472 21986 22486 23068 23657 24234 24891 25596 26219 26810 27434 27963 28540 29109 29711 30509 31265 32227 33210 34231 34754 35195 34692 33454 33355 33515 33388 33616 33645 32738 32564 32539 32555 32880 33036 32955 33103 33279 33439 33722 34005 34221 34592 34772 34987 35218 35467 35861
41312 30411 25899 26000 26161 23890 23219 23621 21233 21496 21982 20667 20304 20411 19960 19315 19394 19325 19514 19816 20152 20725 21247 21735 22373 22957 23547 24180 24934 25687 26432 27130 27954 28691 29558 30451 30841 31479 32198 32908 33437 33826 34342 34889 34098 32999 32882 32968 33003 32957 33033 32352 32433 32271 32557 32690 32699 32980 33052 33315 33469 33655 33963 34025 34313 34623 34931 35148 35353 35588
41055 30243 25665 25753 25845 23651 23083 23462 21069 21399 22006 20399 20053 20101 19754 19217 19174 19193 19426 19551 19948 20528 20988 21573 22230 22795 23413 24099 24797 25595 26272 27040 27859 28650 29573 29959 30437 31145 31669 32201 32573 33207 33777 34542 33309 32382 32271 32342 32574 32359 32431 31987 31998 32342 32371 32321 32725 32855 33055 33353 33502 33721 33887 33947 34449 34828 35134 35402 35693 36033
40804 29996 25366 25426 25279 23499 22934 23451 20914 21411 21631 20102 19827 20080 19549 18993 19087 19133 19175 19510 19936 20387 20889 21484 22102 22706 23329 23965 24683 25438 26184 26965 27842 28660 29101 29591 30155 30703 31091 31454 32075 32798 33632 34021 32604 31862 31700 31874 31805 31728 31901 31605 32165 31978 32056 32376 32633 32807 33116 33271 33432 33500 33761 34041 34642 35255 35624 35745 35932 36238
40494 29716 25142 25317 24834 23335 22786 23433 20686 20901 21030 19778 19525 19627 19156 18786 18845 18809 19100 19289 19639 20168 20710 21290 21949 22558 23190 23871 24589 25371 26143 26957 27794 28078 28566 29039 29373 29837 30155 30782 31510 32355 33090 32807 31566 30991 30847 30917 30947 31145 31145 31510 31872 31694 31908 32241 32465 32846 32894 33082 33287 33434 33868 34075 34678 35137 35433 35566 35894 35997
40312 29276 24883 25047 24190 23102 22582 23052 20376 20156 20271 19357 19136 19214 18714 18448 18490 18536 18782 19050 19477 20051 20594 21207 21877 22511 23159 23832 24553 25324 26051 26813 27103 27415 27831 28075 28310 28685 29228 30025 30899 31687 31728 31478 30541 30138 30023 30141 30509 30615 31104 31239 31396 31573 31917 32080 32438 32660 32850 33050 33206 33443 33765 33973 34546 34985 35220 35443 35635 35972
40031 29113 24661 24715 23708 22853 22375 22743 20146 19708 19849 19110 18951 18867 18446 18272 18370 18400 18775 19358 20120 21213 22169 23140 23575 24434 24992 25868 26029 26141 26257 26301 26708 27051 27315 27535 27754 28269 28857 29700 30458 30961 30654 30445 29808 29622 29502 29797 30074 30450 30866 31054 31322 31545 31771 32080 32410 32754 32933 33191 33439 33824 34387 34582 35123 35544 35975 36272 36627 37256
39463 28626 24164 24189 23099 22550 22101 22249 19875 19326 19466 18684 18507 18408 18143 18071 18128 18290 18623 19195 20031 21141 22110 22541 23440 23999 24883 25050 25168 25345 25386 25758 26262 26545 26809 27098 27455 27998 28582 29396 29836 30006 29663 29566 29235 29148 29237 29627 29894 30304 30818 31051 31308 31502 31760 32177 32558 32814 32977 33282 33564 33821 34202 34415 34914 35356 35800 36110 36548 37045
38865 28278 23847 23933 22654 22209 21818 22055 19672 19158 19264 18459 18194 18133 17969 17897 18102 18497 18915 19453 20058 21081 21458 22334 22937 23800 23982 24073 24253 24379 24776 25247 25734 26061 26436 26904 27352 27949 28549 29072 29209 29261 29025 28973 28894 29017 29345 29896 30168 30663 31354 31728 32092 32369 32615 33034 33401 33762 33934 34169 34412 34716 35084 35368 35964 36360 36883 37259 37751 38395
38112 27708 23308 23311 22056 21681 21395 21685 19269 18882 19081 18057 17767 17683 17672 17784 18185 18401 18732 19034 19715 20220 21085 21681 22629 22781 22888 22991 23096 23553 24019 24425 24916 25288 25818 26420 27006 27661 28044 28334 28397 28349 28236 28485 28650 29014 29450 29936 30324 30885 31524 31827 32397 32833 33292 33834 34414 34853 35131 35479 35789 36100 36574 36813 37469 37901 38304 38701 39261 39739
37592 27130 22917 22802 21376 21177 20993 21310 18876 18530 18598 17688 17351 17369 17378 17794 18106 18237 18389 18946 19210 20075 20608 21500 21726 21806 21892 21910 22313 22838 23203 23628 24150 24652 25315 26012 26645 27175 27390 27581 27630 27592 27813 28206 28689 29058 29492 30029 30395 30991 31288 31840 32403 32861 33429 34052 34667 35169 35501 35862 36274 36661 37185 37558 38485 39173 39591 40021 40590 41186
36966 26511 22534 22298 20743 20644 20509 20819 18426 18114 18250 17361 16942 16963 17313 17645 17928 17859 18525 18550 19209 19773 20682 20802 20913 20986 21014 21375 21885 22286 22669 23131 23771 24394 25124 25795 26261 26616 26738 26889 26877 27169 27541 28270 28656 29076 29549 29985 30381 30609 31238 31915 32787 33129 33780 34396 35004 35450 35743 36033 36566 36838 37457 37977 39117 39865 40273 40733 41533 42010
35990 25617 22089 21515 19712 19674 19555 19837 17647 17473 17557 16866 16397 16518 16790 17189 17157 17486 17833 18406 18813 19722 19738 19828 19911 19927 20284 20741 21102 21448 21765 22305 23070 23731 24382 24888 25185 25376 25467 25691 26012 26516 27237 27950 28436 28948 29320 29785 30128 30675 31352 31959 32497 33010 33567 34150 34637 35189 35534 35817 36251 36725 37320 37814 38893 39664 40159 40682 41269 42102
35000 24772 21514 20739 18961 18903 18842 19363 17049 16979 17103 16376 15895 16269 16627 16693 16932 17093 17597 17913 18581 18721 18797 18863 18883 19234 19688 20018 20342 20662 21113 21776 22594 23181 23757 24231 24498 24665 24833 25280 25762 26548 27356 28404 29220 29987 30584 31000 31380 32071 32911 33457 34402 34926 35575 36229 36800 37327 37659 37663 38126 38716 39428 40070 41242 42115 41924 41973 42082 42445
33604 23610 20716 19534 17707 17713 17659 18082 16028 16052 16265 15568 15208 15566 15766 16087 16113 16313 16877 17476 17493 17681 17712 17729 18036 18493 18832 19157 19455 19833 20326 21022 21757 22239 22751 23164 23412 23601 24021 24641 25396 26208 27246 28298 29054 29899 30145 30513 31219 31885 32489 33361 34064 34536 35236 35939 36294 36908 37095 37264 37829 38375 39097 39433 40696 41370 41049 41166 41194 41541
31953 22221 19812 18247 16418 16308 16315 16811 14890 14899 15147 14553 14275 14618 14946 15231 15196 15432 16072 16060 16147 16369 16327 16597 16967 17324 17627 17960 18310 18726 19233 19835 20486 20909 21423 21948 22329 22747 23351 24217 24994 25963 26995 27947 28678 29332 29710 30337 31012 31588 32313 32929 33577 34140 34852 35483 35825 36245 36585 36869 37450 37918 38381 38899 39840 40200 40099 40258 40173 40540
30856 21437 19261 17343 15497 15452 15507 15935 14202 14371 14661 14013 13851 14207 14614 14675 14769 15118 15572 15331 15418 15501 15729 16093 16407 16714 17039 17393 17781 18241 18702 19249 19815 20235 20806 21314 21761 22314 23075 23945 24841 25931 26921 27929 28611 29234 29704 30317 31167 31544 32407 32979 33780 34195 34941 35286 35575 36109 36546 36908 37297 37646 38212 38462 39137 39511 39678 39656 39602 39730
30048 21087 19028 16705 14722 14785 14882 15176 13771 13928 14034 13733 13727 14025 14220 14370 14704 14833 15152 15013 15057 15306 15586 15872 16165 16461 16783 17114 17482 17901 18287 18742 19263 19676 20207 20713 21213 21858 22618 23594 24617 25735 26725 27735 28467 29086 29640 30219 31009 31759 32802 33295 33552 34193 34608 34874 35476 35992 36478 36660 37121 37616 37991 38114 38749 39306 39322 39446 39315 39719
29350 20809 18660 16174 14239 14355 14532 14621 13527 13747 13629 13539 13655 13866 14026 14427 14618 14789 14765 14798 14923 15376 15726 16129 16556 16944 17361 17770 18241 18751 19242 19790 20452 21091 21962 22685 23293 24057 24792 25511 26255 27210 28230 29090 29768 30422 30960 31352 31530 31996 32665 32995 33437 33838 34197 34697 35424 35935 36157 36551 37009 37356 37694 37892 38667 39022 39228 39147 39432 39608
28507 20240 18215 15670 13780 13931 14187 14013 13195 13286 13315 13309 13404 13553 13929 14152 14409 14342 14447 14508 14785 15247 15665 16142 16610 17061 17556 18036 18572 19140 19649 20173 20757 21221 21782 22316 22898 23671 24377 25221 26113 27154 28047 28951 29624 30181 30496 30846 31196 31617 32316 32696 33057 33524 33950 34628 35297 35575 35983 36251 36795 37177 37402 37759 38338 38760 38864 39033 39174 39229
27685 19984 17911 15289 13361 13598 13603 13521 12945 13083 13317 13226 13256 13553 13755 14016 14057 14121 14345 14479 14920 15473 15963 16405 16935 17478 18067 18661 19304 20005 20591 21161 21733 22124 22554 22871 23121 23549 24232 25147 26106 27231 28218 29242 29624 29904 30154 30444 30898 31227 32074 32427 32786 33179 33799 34389 35003 35362 35577 36009 36588 36877 37335 37549 38122 38488 38794 38884 38887 39062
26894 19823 17710 14900 12956 13027 13020 12955 12717 12866 13099 13092 13208 13401 13703 13733 13865 13897 14207 14470 14902 15527 15873 16385 16930 17537 18169 18766 19347 19915 20417 20910 21434 21787 22136 22435 22731 23246 23929 24911 25932 27080 28082 28824 29203 29574 29862 30151 30704 31290 31958 32182 32576 33185 33667 34288 34843 35056 35465 35958 36419 36853 37212 37523 37964 38501 38691 38730 38836 39117
26032 19598 17374 14538 12602 12511 12507 12627 12536 12778 13009 12934 12994 13358 13442 13511 13652 13864 14091 14332 14801 15286 15782 16342 16949 17582 18222 18869 19518 20226 20898 21564 22234 22700 23219 23603 23900 24342 24937 25616 26318 27120 27840 28480 28947 29364 29546 30007 30590 31029 31722 32082 32628 32996 33500 34075 34515 34902 35294 35697 36254 36561 37052 37215 37736 38178 38378 38531 38646 38949
25261 19328 17188 14220 12152 12084 12089 12380 12422 12557 12781 12855 12989 13147 13278 13457 13646 13732 13894 14180 14548 15104 15600 16188 16808 17423 18068 18711 19389 20098 20724 21326 21959 22431 22924 23334 23719 24264 24825 25572 26312 27106 27752 28376 28829 29174 29526 29995 30512 31085 31847 32206 32573 32998 33474 34009 34590 34895 35242 35713 36191 36562 36911 37035 37517 37944 38227 38335 38538 38815
24694 19144 16960 13990 11813 11811 12082 12380 12350 12572 12802 12834 12957 13125 13267 13480 13657 13742 13891 14101 14469 15010 15534 16140 16777 17393 18039 18690 19380 20099 20732 21351 22005 22514 23066 23541 24004 24609 25204 25955 26702 27485 28129 28767 29238 29588 29971 30431 30931 31444 32143 32516 32880 33263 33716 34233 34773 35030 35343 35768 36203 36487 36805 36974 37457 37879 38112 38257 38479 38717
24181 18998 16814 13825 11533 11822 12090 12268 12389 12830 12864 13121 13572 14186 14810 15506 15941 16023 16419 16741 17257 17912 18483 19052 19526 19999 20440 20813 21144 21625 22013 22477 23037 23421 23706 24283 25070 26192 27308 28408 29449 30596 31704 32814 33779 34743 35707 36746 37608 38474 39681 40501 41364 42280 43173 44196 45105 45779 46281 46894 47619 47958 48114 48471 49212 49989 50165 50261 50603 51058
23045 18411 16337 13381 11107 11296 11687 11962 12111 12456 12868 13194 13735 14352 14936 15349 15421 15958 16356 16831 17303 17932 18444 18949 19419 19827 20219 20523 20991 21426 21887 22361 22792 22874 23459 24139 25043 26172 27244 28324 29381 30513 31663 32755 33749 34741 35709 36697 37531 38545 39715 40562 41363 42327 43203 44119 45057 45448 45999 46509 47247 47516 47811 48210 49052 49569 49888 50088 50530 50999
22010 17684 15757 12878 10666 10969 11398 11822 11703 12443 13036 13260 13918 14406 14614 14830 15394 15930 16374 16868 17527 18365 18874 19064 19357 19733 20041 20493 20915 21480 21907 22231 22332 22676 23350 24145 25057 26329 27493 28727 30046 31488 32964 34341 35523 36697 37815 38799 39480 40344 41073 41805 42400 43009 43536 44193 44736 45217 45690 46231 46782 47146 47540 47994 48633 49302 49669 49982 50400 50818
21358 17009 15278 12518 10452 10929 11278 11277 11565 12345 12815 13183 13677 14130 14153 14828 15507 16075 16255 17085 17838 18190 18418 18681 19071 19385 19825 20235 20791 21267 21586 21612 21929 22389 23131 23926 24967 26211 27365 28631 30050 31461 32897 34296 35550 36712 37930 38993 39590 40666 41512 42351 42998 43805 44512 45504 46374 46984 47680 48530 49297 49621 49954 50411 50729 51213 51646 51777 52289 52149
20487 16149 14605 12178 10235 10656 10903 10995 11443 12151 12704 12630 13340 13612 13901 14703 15397 15818 16318 16886 16971 17314 17589 17938 18290 18723 19140 19672 20168 20613 20735 21016 21496 22114 22889 23802 24780 26101 27267 28713 30174 31648 33015 34419 35508 36637 37878 38921 39653 40600 41394 42280 43028 43840 44548 45515 46464 46984 47598 48458 49105 49452 49852 50166 50495 51098 51316 51572 51991 51625
19747 15375 14025 11858 9929 10263 10609 10888 11282 11951 12098 12320 12960 13368 13736 14552 15210 15809 16192 16112 16213 16552 16881 17172 17655 18060 18575 19023 19457 19698 20041 20490 21134 21797 22663 23500 24511 25790 27070 28509 30003 31436 32869 34210 35443 36557 37861 38960 39713 40669 41620 42556 43301 44039 44698 45539 46353 46897 47515 48270 48951 49332 49651 50035 50488 50828 51164 51276 51516 51257
19089 14675 13500 11479 9597 10037 10394 10736 11069 11379 11843 12165 12729 13238 13730 14524 15251 15781 15742 15526 15642 15989 16249 16664 17147 17633 18045 18372 18552 18986 19461 20026 20663 21306 22113 23016 24105 25578 27011 28531 29979 31427 32773 34222 35421 36565 37840 38918 39770 40683 41605 42492 43258 44047 44784 45726 46666 47286 47961 48794 49549 50007 50153 50180 50386 50931 51225 50988 51178 50977
18453 14153 13075 11181 9343 9793 10265 10649 10579 11178 11786 11979 12652 13216 13811 14513 15321 15574 15280 15072 15235 15542 15930 16358 16893 17279 17598 17707 18109 18669 19260 19848 20494 21148 21978 22892 24057 25550 26905 28306 29751 31179 32618 34120 35469 36679 38041 39359 40382 41593 42882 44030 45118 46111 47140 48439 49633 49491 49534 49861 50178 49795 49735 49902 50442 50898 50897 50719 50892 50765
17620 13549 12619 10851 9023 9538 10076 10000 10280 11233 11630 11944 12472 13102 13663 14450 14965 14890 14796 14686 14868 15287 15688 16205 16625 16910 17067 17416 17980 18634 19270 19914 20631 21388 22348 23505 24899 26576 28047 29623 31253 32897 34524 36203 37739 39112 40617 41889 42961 44188 45404 46647 47850 48207 48175 48408 48651 48621 48808 49117 49258 49146 49260 49542 49976 50503 50364 50296 50890 50392
16726 12764 12069 10429 8587 9176 9275 9569 10132 10762 11432 11523 12282 12826 13306 13898 14099 14134 14122 14258 14570 14995 15485 15865 16174 16308 16668 17180 17816 18511 19161 19821 20547 21304 22349 23476 24783 26356 27843 29429 31097 32739 34370 36128 37639 39003 40507 41808 42950 44222 45597 46906 47036 47202 47026 47281 47623 47753 47916 48053 48389 48527 48784 49059 49525 49804 49794 50154 50297 50014
15881 12149 11551 9967 8194 8437 8818 9458 9796 10606 11055 11481 12016 12567 12963 13146 13429 13517 13773 13968 14281 14797 15171 15422 15597 15915 16449 16997 17656 18361 19021 19678 20430 21301 22469 23802 25430 27459 29418 31228 32952 34675 36416 38157 39552 40761 42261 43691 44465 44864 45598 45817 46124 46036 45874 46277 46771 46907 46931 47350 47825 48107 48430 48724 48996 49337 49694 49767 49808 49718
15227 11482 10812 9318 7694 8180 8643 9167 9458 10159 10851 11156 11635 12178 12401 12491 12756 13164 13434 13602 13964 14449 14775 14948 15380 15875 16524 17237 18018 18884 19702 20485 21333 22236 23368 24590 25969 27636 29192 30869 32580 34304 36036 37774 39164 40517 41974 43103 43359 44006 44579 44885 44892 44902 45096 45541 45906 45987 46337 46904 47357 47743 48020 48182 48564 48999 49258 49255 49318 49396
14351 10658 9896 8556 7263 7881 8306 8651 8897 9866 10361 10562 11025 11574 11616 11780 12238 12738 12855 13029 13294 13785 14046 14449 15038 15656 16384 17065 17897 18779 19597 20353 21152 22014 23116 24287 25660 27295 28872 30470 32160 33846 35585 37312 38810 40172 41389 42075 42485 43004 43541 43792 43783 44149 44369 44821 45056 45415 45911 46505 47013 47408 47442 47810 48241 48611 48693 48769 48830 49115
13343 9850 9019 7824 6874 7438 7762 8054 8545 9325 9776 9940 10358 10734 10810 11244 11774 12116 12285 12375 12685 13113 13584 14133 14798 15502 16194 16958 17816 18695 19484 20200 20979 21830 22903 24081 25438 27045 28512 30039 31668 33359 35080 36889 38390 39575 40401 41146 41512 42003 42423 42686 43003 43333 43576 43959 44478 44919 45446 46064 46641 46800 47012 47426 47732 48081 48197 48306 48524 48646
12551 9189 8400 7358 6590 7032 7345 7857 8188 8863 9346 9394 9773 10062 10327 10851 11331 11660 11775 11924 12193 12773 13342 13957 14702 15373 16149 16951 17826 18671 19423 20143 20938 21810 22879 24005 25276 26789 28160 29664 31334 33052 34852 36660 38011 38761 39685 40364 40765 41217 41533 42026 42380 42673 42810 43440 44112 44588 45080 45759 46199 46475 46773 47064 47295 47706 47870 48009 48259 48320
11936 8474 7824 6914 6213 6655 7102 7476 7664 8297 8760 8758 9154 9567 9845 10343 10901 11111 11293 11474 11921 12537 13151 13819 14547 15306 16100 16902 17711 18526 19260 20000 20798 21650 22649 23663 24823 26302 27684 29252 31009 32810 34589 36240 37183 37963 38896 39586 39976 40419 40833 41307 41699 41885 42298 43017 43755 44224 44768 45347 45911 46208 46447 46641 46953 47403 47552 47654 48006 48056
11291 7866 7351 6599 5923 6454 6884 7079 7218 7830 8242 8240 8779 9180 9395 10027 10460 10730 10906 11265 11758 12415 13057 13713 14500 15281 16070 16834 17625 18437 19204 19965 20781 21598 22523 23450 24571 26015 27424 29072 30884 32695 34342 35550 36509 37340 38283 38882 39323 39859 40281 40774 41003 41437 41952 42741 43507 43959 44371 45038 45680 45919 46071 46369 46659 47124 47266 47451 47782 47786
10523 7224 6856 6295 5658 6169 6545 6627 6803 7368 7737 7835 8400 8741 9026 9573 10078 10356 10652 11067 11589 12283 12909 13625 14415 15192 15947 16709 17510 18369 19171 19959 20777 21557 22423 23345 24452 25913 27380 29096 30931 32569 33762 34955 35937 36796 37674 38298 38775 39313 39732 40107 40509 41035 41606 42444 43227 43517 43994 44730 45340 45492 45770 46051 46333 46828 47034 47195 47473 47464
9833 6756 6483 6068 5403 5880 6132 6291 6464 6890 7416 7567 8065 8431 8686 9242 9806 10126 10535 10925 11502 12158 12824 13535 14321 15056 15817 16588 17434 18328 19156 19975 20854 21703 22637 23655 24781 26162 27529 29137 30733 32020 33178 34442 35491 36289 37177 37749 38328 38825 39170 39636 40185 40722 41309 42152 42809 43171 43693 44425 44954 45199 45519 45822 46097 46624 46822 46948 47246 47277
9183 6401 6187 5838 5139 5517 5806 6005 6105 6614 7203 7372 7846 8174 8505 9099 9641 10020 10449 10831 11353 12037 12685 13387 14150 14879 15639 16426 17283 18193 19032 19878 20781 21635 22615 23623 24714 26049 27413 28937 30214 31500 32731 34119 35106 35931 36729 37380 38013 38346 38839 39388 40008 40575 41158 41880 42569 42995 43536 44180 44780 45081 45415 45731 46078 46490 46675 46831 47148 47251
8567 6060 5925 5601 4888 5261 5597 5756 5981 6586 7108 7310 7744 8111 8477 9102 9637 10044 10483 10970 11577 12404 13152 13923 14741 15507 16304 17133 18043 19009 19899 20796 21764 22687 23635 24546 25429 26383 27374 28638 29891 31254 32647 33977 34945 35700 36538 37244 37706 38118 38756 39377 39952 40597 41118 41812 42522 42988 43497 44130 44735 45100 45438 45760 46091 46437 46707 46881 47229 47408
7892 5602 5540 5267 4610 5039 5372 5612 6006 6535 6986 7141 7672 8110 8499 9153 9739 10201 10664 11137 11772 12684 13513 14371 15266 16100 16970 17802 18667 19553 20339 21043 21824 22571 23458 24294 25034 26010 27086 28359 29678 31196 32552 33886 34740 35544 36436 37044 37478 38027 38843 39517 40037 40696 41254 41992 42762 43253 43767 44409 45027 45442 45771 46131 46523 46870 47147 47340 47728 47999
7124 5100 5070 4861 4306 4738 5197 5552 6070 6631 6813 7039 7837 8371 8724 9470 10142 10733 11199 11874 12683 13596 14319 15048 15724 16274 16916 17689 18533 19407 20128 20846 21661 22444 23255 23947 24720 25798 26861 28210 29727 31294 32617 33791 34709 35509 36245 36891 37380 38081 38918 39566 40114 40821 41361 42149 42965 43539 44145 44886 45609 46098 46521 47005 47476 47910 48347 48660 49179 49619
6202 4383 4425 4320 3946 4490 5125 5536 5963 6296 6557 7017 7782 8259 8707 9518 10208 10686 11270 11896 12471 13327 14069 14726 15346 15957 16711 17468 18307 19127 19877 20619 21445 22112 22780 23510 24383 25473 26645 28198 29700 31138 32372 33646 34508 35173 35950 36748 37261 37967 38788 39530 40025 40757 41477 42317 43145 43727 44270 45018 45561 46090 46642 47182 47635 48184 48675 48872 49331 49658
5105 3736 3720 3696 3489 4225 5001 5321 5779 6103 6546 6946 7699 8166 8788 9423 10062 10598 11227 11583 12099 12982 13619 14224 14880 15599 16366 17137 17951 18807 19590 20378 21185 21858 22564 23413 24268 25341 26530 28059 29394 30879 32194 33535 34324 35041 35928 36648 37269 37840 38788 39519 39961 40771 41385 42164 43050 43596 44185 44741 45412 46074 46584 47056 47650 48227 48488 48753 49110 49516
3894 3006 2950 2948 3088 3949 4576 5044 5409 5941 6393 6787 7442 8061 8492 9130 9856 10389 10876 11234 11840 12668 13290 13952 14685 15428 16220 16998 17857 18706 19492 20252 21034 21709 22483 23259 24035 25047 26180 27514 28868 30403 31781 33097 33937 34851 35684 36457 36999 37723 38659 39289 39799 40482 41077 41915 42707 43347 43804 44427 45220 45810 46260 46806 47418 47886 48257 48493 48873 49375
2733 2200 2168 2570 2855 3574 4255 4672 5138 5737 6209 6564 7275 7775 8210 8991 9619 10079 10540 11047 11614 12425 13127 13860 14629 15397 16176 16973 17796 18627 19356 20052 20773 21405 22107 22820 23613 24656 25737 27099 28526 30027 31370 32669 33657 34520 35430 36173 36813 37537 38338 39051 39477 40205 40905 41681 42496 43005 43596 44320 45035 45585 46072 46567 47150 47739 48043 48334 48771 49197
1893 1645 2193 2643 2963 3769 4457 5009 5587 6224 6830 7273 8076 8667 9157 9946 10683 11182 11737 12281 12952 13869 14688 15541 16460 17368 18289 19212 20169 21126 21976 22779 23583 24281 24978 25705 26525 27612 28754 30268 31904 33590 35082 36576 37685 38592 39587 40406 41133 41935 42790 43612 44079 44795 45558 46437 47330 47906 48514 49274 49908 50464 50992 51500 52056 52649 52949 53311 53755 54192
1141 1831 2630 3284 3715 4701 5589 6105 6776 7332 7750 8259 9140 9773 10321 11129 11919 12590 13212 13905 14840 16143 17293 18454 19624 20742 21896 23033 24241 25445 26526 27533 28575 29487 30404 31332 32291 33474 34714 36287 37861 39539 40994 42405 43390 44254 45212 46124 46761 47598 48688 49520 50029 50862 51612 52576 53566 54240 54941 55812 56643 57352 57907 58530 59128 59697 60225 60644 61237 61863
