568 327 284 289 255 391 255 278 268 265 283 305 392 753 549 571 549 458 336 329 545 690 703 556 519 452 554 502 510 508 582 513 535 505 486 509 533 670 472 435 608 759 606 695 809 290 512 410 376 203 311 329 208 320 344 185 331 510 741 596 395 331 426 387 480 450 621 570 438 801
539 357 308 350 212 373 258 186 220 242 318 357 377 423 265 316 320 355 295 291 482 637 703 589 548 447 546 472 461 420 495 420 423 401 374 377 371 519 353 235 480 542 506 525 632 276 487 377 209 259 414 297 238 186 345 219 320 464 709 577 389 315 466 429 526 401 635 614 542 767
528 392 381 420 265 453 264 249 256 305 340 461 559 600 410 489 448 444 358 307 500 694 758 613 542 397 466 380 367 345 433 379 403 383 327 362 387 541 383 264 553 670 688 672 771 294 514 300 209 246 424 285 259 313 464 288 443 614 854 695 521 390 612 589 699 565 802 773 627 906
675 475 416 379 346 568 353 361 358 350 445 448 500 709 507 558 528 453 340 357 638 814 829 659 596 499 577 474 453 443 492 407 427 372 329 336 364 511 294 272 447 599 658 645 815 346 569 450 416 308 437 426 281 354 382 176 331 552 758 620 429 363 490 474 542 471 736 619 544 829
1191 751 686 435 457 566 375 416 255 308 353 477 563 660 491 707 712 729 494 486 630 674 723 629 560 445 482 407 403 350 374 305 285 257 244 203 170 205 222 322 304 497 548 535 695 269 536 234 428 337 470 542 332 422 243 268 316 580 795 789 659 655 468 654 617 678 951 930 786 975
905 633 491 499 391 455 370 231 315 371 444 419 443 307 271 283 307 336 305 354 538 652 705 625 619 554 666 614 602 538 586 506 453 471 471 419 363 445 360 274 408 376 374 333 374 293 419 503 250 359 543 371 285 88 287 219 232 307 470 429 296 283 401 329 365 300 448 537 503 566
801 470 467 439 282 375 344 264 202 243 306 390 365 424 262 437 483 641 536 492 564 640 758 719 686 571 660 598 603 520 595 521 505 491 479 445 410 491 438 371 498 536 388 516 693 329 608 374 287 389 561 468 394 295 368 420 422 570 886 817 644 580 501 586 683 618 864 885 777 989
614 427 272 217 214 301 144 133 127 176 154 257 500 593 518 452 421 283 151 203 379 471 463 332 325 268 357 333 327 325 397 369 374 425 427 488 410 488 454 442 691 900 803 755 667 278 424 275 220 62 190 221 104 267 327 200 382 542 708 575 403 401 552 539 516 508 614 692 541 792
740 509 395 466 298 240 152 147 236 312 319 378 501 312 362 352 311 388 407 356 368 419 419 356 374 317 402 387 386 341 411 391 374 468 488 543 431 476 450 361 612 667 564 629 474 398 490 368 112 261 384 293 245 264 613 518 686 699 921 765 634 592 879 784 772 729 727 1058 884 1055
508 504 400 495 321 369 327 364 449 493 499 423 627 1051 1068 988 868 944 997 926 932 1002 937 808 819 728 768 705 721 716 819 801 821 953 919 1047 932 877 751 789 1194 1199 756 927 1090 719 840 864 660 474 664 547 559 742 1071 994 1195 1171 1460 1145 1057 976 1228 1149 1208 1253 1165 1443 1262 1666
508 369 327 240 198 400 279 220 181 183 302 321 479 665 609 618 533 586 544 530 615 690 708 622 623 524 577 467 436 401 471 433 467 515 483 550 435 434 377 492 753 913 759 833 1043 527 786 493 439 298 518 530 397 562 621 602 755 905 1195 998 852 778 796 936 926 925 1104 1118 985 1284
977 587 550 423 395 536 388 293 215 248 325 434 491 403 260 382 403 407 268 301 483 579 668 595 568 482 587 516 494 430 478 403 389 354 346 296 251 352 340 324 358 500 585 588 669 300 562 284 256 315 498 475 302 264 225 205 242 442 677 677 496 448 393 482 507 453 739 673 576 714
591 506 369 593 326 413 371 308 410 424 521 551 458 322 184 219 328 418 387 396 557 709 806 731 710 614 715 659 645 579 660 588 586 580 565 592 577 775 570 318 677 714 675 749 697 574 739 615 238 500 561 451 446 273 674 462 621 772 1038 835 557 543 838 703 844 611 847 940 916 1125
412 220 150 381 248 292 276 212 311 285 320 294 305 479 353 274 321 246 235 245 414 570 622 548 587 571 731 708 710 681 777 718 739 741 748 780 773 945 720 563 789 878 634 858 805 495 678 599 247 294 387 367 289 245 542 325 489 592 855 671 382 318 570 398 562 432 533 587 475 826
860 558 653 786 586 809 734 442 439 449 551 597 645 502 370 396 410 407 481 566 804 1023 1167 1081 1126 1032 1243 1129 1082 998 1116 1022 1032 988 919 862 786 913 879 705 734 712 776 1009 1177 729 1040 754 335 667 1058 751 683 475 723 632 636 652 1058 1052 797 547 731 590 885 660 909 734 665 851
1040 578 665 720 630 704 594 375 406 453 471 522 642 488 430 437 386 310 357 377 566 748 840 769 817 773 978 923 902 841 933 861 846 832 810 731 685 780 765 666 575 568 595 767 812 467 696 550 246 465 814 561 446 302 471 399 385 367 641 700 533 306 467 330 511 420 525 493 323 475
878 428 461 274 348 428 450 307 278 279 287 286 390 812 694 685 616 681 596 595 669 676 697 637 648 665 837 853 889 863 939 868 848 850 918 883 809 876 810 843 934 984 562 658 830 306 555 583 624 312 479 489 336 376 192 376 323 363 623 603 511 485 263 368 341 433 539 524 418 655
856 499 524 420 423 609 500 266 258 301 327 378 549 625 512 492 427 357 310 374 604 755 825 717 721 665 838 784 772 736 821 744 725 709 695 633 580 668 640 606 658 686 614 610 772 275 514 477 363 291 616 420 307 240 193 215 172 225 450 483 366 229 222 221 306 271 451 317 218 364
603 431 404 453 342 585 601 302 328 341 345 348 484 799 607 487 505 450 438 611 902 1070 1140 980 996 956 1186 1155 1160 1134 1271 1171 1159 1137 1117 1097 1012 1165 1076 863 1113 1064 793 875 1045 491 725 818 519 431 730 462 459 325 404 399 371 360 699 647 439 335 431 266 495 348 530 336 360 587
1083 691 661 486 468 643 580 281 275 318 361 414 578 489 436 367 330 368 374 555 768 817 846 716 741 740 968 954 938 892 974 883 837 833 868 815 627 730 812 680 784 772 759 712 739 404 603 593 405 415 700 500 385 273 254 370 319 264 566 634 515 461 482 413 438 363 540 470 498 498
1256 740 710 654 619 691 724 423 362 387 401 429 527 548 464 448 521 484 445 628 821 880 979 928 1006 1014 1258 1247 1242 1158 1249 1152 1102 1093 1116 1015 860 920 1028 935 825 813 663 863 918 589 847 752 480 580 881 732 574 363 371 484 375 369 711 828 613 548 442 360 516 468 616 535 503 600
855 437 550 507 440 584 531 315 336 360 351 366 499 710 578 539 445 464 513 573 765 886 907 757 772 763 1003 989 1003 982 1093 1001 988 956 967 923 842 975 914 754 818 767 591 732 863 353 585 610 419 389 681 435 366 315 350 388 360 259 611 627 505 323 424 266 425 359 454 373 295 492
1121 654 692 484 566 648 634 464 338 393 301 475 737 1053 903 904 859 792 619 651 746 782 854 795 811 791 966 996 1028 1003 1109 1069 1057 1074 1117 1089 1004 1060 1148 1168 1219 1368 993 1068 1140 464 748 567 665 387 633 621 487 593 340 529 476 566 828 870 745 677 441 576 593 671 794 728 531 783
759 362 414 312 374 420 388 232 220 252 214 355 583 699 640 574 481 435 360 316 354 411 472 454 498 501 671 697 711 689 787 771 781 825 886 896 821 906 908 920 1064 1233 898 969 924 379 618 413 385 198 406 423 289 406 326 418 456 528 743 703 572 481 418 532 492 527 605 646 413 662
1096 519 594 395 604 634 542 444 387 366 373 454 661 850 798 751 637 512 410 377 445 473 493 483 547 603 782 795 797 783 838 810 828 837 917 895 827 894 885 1036 961 1223 980 1113 1086 518 789 513 593 321 492 681 386 585 356 426 482 608 801 816 669 592 419 582 483 606 691 680 427 698
796 362 398 465 538 537 614 312 383 358 396 370 522 599 642 465 426 304 343 351 406 500 603 676 830 895 1124 1128 1118 1058 1154 1126 1128 1192 1252 1211 1115 1150 1121 1190 1175 1260 836 1104 1092 694 940 819 492 423 719 713 517 439 516 574 549 572 785 774 570 452 383 424 472 500 509 533 325 573
948 377 461 465 528 423 546 307 365 341 343 297 449 609 704 547 460 470 569 553 489 469 498 562 728 845 1102 1154 1172 1118 1213 1186 1178 1263 1371 1347 1175 1176 1206 1264 1208 1248 718 1092 1030 690 914 813 528 445 688 715 511 509 586 752 732 615 924 919 766 660 580 573 578 674 564 743 523 771
1441 649 769 877 871 596 692 600 575 538 501 518 634 621 732 671 651 632 745 725 596 527 542 626 843 989 1274 1343 1357 1280 1372 1354 1365 1440 1553 1541 1326 1323 1460 1473 1174 1314 932 1602 1313 1092 1340 887 520 740 908 1065 777 842 1068 1127 1222 1089 1536 1562 1285 1141 1183 1038 1133 1206 1026 1345 1028 1351
1391 692 723 635 777 575 607 549 531 534 413 414 682 1019 1083 948 846 718 718 732 703 638 570 550 693 834 1080 1177 1222 1212 1293 1273 1260 1345 1463 1460 1288 1268 1360 1451 1268 1406 914 1296 1110 738 910 812 713 490 646 790 529 721 684 791 844 735 1020 1051 911 846 792 703 680 885 671 925 637 951
2023 1112 1267 1143 1257 986 1011 918 847 874 692 726 1102 1344 1488 1351 1178 1077 1198 1250 1163 1043 927 878 1077 1259 1588 1707 1753 1739 1844 1826 1810 1913 2037 2026 1736 1656 1933 1992 1611 1697 1262 1826 1568 1180 1365 1143 976 907 1177 1225 945 1189 1198 1382 1418 1096 1541 1674 1560 1377 1404 1177 1221 1448 1096 1424 1081 1366
2382 1542 1508 1424 1511 1120 1106 1103 1069 1184 860 950 1423 1608 1762 1591 1475 1230 1249 1344 1322 1220 1073 969 1132 1294 1584 1758 1832 1842 1944 1942 1882 2029 2150 2148 1893 1812 2122 2103 1779 1853 1444 1843 1385 1194 1231 1231 1071 977 1179 1174 970 1195 1277 1358 1418 1117 1411 1557 1468 1380 1544 1187 1218 1471 1018 1490 1128 1363
1679 895 1011 884 928 749 714 699 609 649 457 526 859 1199 1212 1142 1001 922 970 1038 1045 968 845 704 816 937 1228 1330 1385 1391 1499 1458 1444 1498 1589 1596 1366 1363 1557 1510 1269 1352 1011 1459 1258 808 986 818 735 637 841 846 638 895 888 994 1069 814 1263 1347 1223 1069 1164 896 982 1138 895 1144 871 1177
1145 625 711 725 606 613 484 420 350 397 299 353 650 816 780 741 635 541 641 760 911 978 905 699 776 778 1025 1009 1012 1000 1123 1059 1066 1093 1072 1093 887 904 1042 919 792 825 764 1162 1109 647 850 602 337 468 789 597 474 625 830 757 886 684 1176 1188 1007 765 1079 728 972 953 854 959 765 1063
702 385 419 373 279 364 313 276 214 257 183 159 416 1016 913 896 781 776 785 824 935 997 936 745 762 709 860 823 856 855 976 912 917 964 930 970 838 805 806 805 890 877 489 781 1022 408 629 603 515 303 592 424 366 541 606 641 707 608 1023 919 817 655 738 588 771 846 791 853 685 1080
932 492 381 255 260 238 233 285 164 137 160 99 232 702 666 673 676 722 659 764 796 695 608 503 568 598 732 719 736 702 761 697 695 751 795 846 618 564 629 730 733 882 544 899 953 588 811 585 536 351 429 623 383 594 605 671 816 842 1264 1147 943 990 906 872 886 1014 1009 1185 1086 1430
511 232 268 239 129 212 152 157 126 125 142 140 307 682 620 607 495 603 649 646 677 689 625 479 503 473 611 573 583 572 674 626 657 704 708 796 631 652 617 594 799 879 583 864 971 463 689 471 353 247 420 395 299 523 668 671 848 792 1232 1045 896 780 928 842 922 931 941 1079 932 1303
819 487 488 444 325 377 176 246 180 259 182 283 545 746 650 706 598 550 514 517 651 742 686 481 458 368 476 430 441 440 535 489 500 532 490 543 446 472 497 443 523 624 578 742 770 299 477 260 210 196 414 287 211 429 566 453 629 619 962 867 743 582 837 674 798 806 812 943 724 1044
745 473 485 323 234 311 196 224 128 229 120 277 591 948 843 892 755 819 732 697 729 751 709 534 491 393 480 471 507 511 624 599 605 672 662 742 616 614 680 662 909 1004 708 779 878 271 472 296 395 176 391 278 259 534 521 604 716 705 1046 922 872 762 829 834 864 931 945 1091 870 1190
809 505 467 378 327 379 284 160 125 220 98 250 638 744 728 612 505 420 404 500 610 656 621 461 499 474 656 678 690 691 815 794 786 873 886 946 751 776 922 832 1018 1111 899 967 855 375 526 390 262 159 437 282 233 409 488 519 622 535 848 803 693 582 773 642 695 702 662 790 609 825
406 214 210 171 99 232 219 74 71 106 82 154 381 678 591 506 425 455 436 464 547 613 628 516 535 493 647 637 651 638 762 724 736 792 803 863 736 798 777 709 1021 1088 715 811 892 330 547 449 324 141 373 264 232 346 406 466 543 539 864 725 591 501 570 558 619 595 665 703 574 867
404 183 177 186 91 185 169 38 85 109 103 133 307 528 467 372 293 343 371 395 479 545 542 429 456 437 607 604 617 602 716 670 677 725 749 802 677 764 704 595 885 919 597 716 742 300 484 438 238 134 333 215 177 247 392 406 501 457 780 641 499 411 563 476 541 495 537 625 515 781
936 627 474 368 256 224 180 324 269 275 269 253 377 741 705 708 684 855 829 919 927 797 642 455 461 476 592 611 643 637 702 643 638 705 764 884 633 652 678 607 858 971 709 932 843 608 736 594 534 408 374 508 379 642 797 809 1055 1006 1448 1240 1074 1161 1315 1164 1132 1183 1155 1476 1431 1727
951 655 431 335 251 194 256 363 288 284 261 183 288 885 828 808 855 997 916 1049 1060 907 776 621 647 675 791 825 876 858 928 860 835 917 983 1081 830 803 830 808 1038 1115 634 913 908 660 799 781 716 465 429 594 462 659 754 837 1008 988 1417 1216 1030 1187 1175 1059 1055 1164 1117 1413 1400 1736
1369 933 658 552 499 347 358 470 488 532 495 404 376 711 640 699 789 895 746 824 910 817 729 602 574 600 698 758 825 791 809 715 627 661 750 732 627 675 602 527 623 610 317 386 316 366 414 686 649 495 397 486 347 303 373 401 454 497 702 631 510 717 684 550 489 606 598 920 922 1074
1154 898 569 543 480 321 382 505 633 651 696 584 441 666 627 657 763 956 798 762 764 679 637 604 564 582 620 680 741 698 699 632 558 617 738 754 714 811 584 525 862 886 492 446 334 502 522 826 758 574 362 548 439 355 508 506 606 764 850 648 520 806 771 781 599 680 731 1129 1133 1285
1050 842 528 641 484 344 402 516 638 654 717 626 420 558 468 551 722 883 722 671 711 705 734 720 681 649 677 698 745 677 692 619 558 594 668 670 683 806 545 436 743 763 443 480 396 560 621 812 632 628 452 579 500 325 597 498 608 825 938 723 519 748 778 750 694 686 800 1141 1126 1323
1004 735 472 559 473 416 424 458 613 574 703 505 320 463 412 394 502 601 557 605 747 759 725 654 657 689 794 790 807 758 764 663 611 616 690 677 633 770 494 395 598 597 416 494 439 577 642 883 605 597 487 594 436 270 536 390 513 630 794 621 407 581 701 559 524 498 598 829 889 1051
970 679 496 569 404 329 307 410 519 524 617 490 317 454 380 481 549 737 687 636 703 719 699 624 587 554 616 596 625 569 587 497 452 460 505 500 482 587 343 244 440 414 240 351 370 439 532 671 480 538 464 495 393 273 555 443 562 663 873 693 530 629 751 645 642 628 719 1005 982 1181
985 606 512 472 370 286 312 306 418 405 547 386 307 349 450 465 415 721 821 774 695 603 536 510 553 586 695 683 694 628 650 584 545 619 707 725 545 546 447 459 624 577 320 507 524 584 696 741 511 551 578 619 463 423 689 763 861 793 1096 935 845 901 964 932 821 878 862 1239 1199 1331
1157 842 626 730 517 353 413 502 614 619 724 553 378 460 495 576 661 938 959 925 882 816 779 750 769 763 831 821 850 767 787 709 652 720 782 795 674 693 544 475 649 575 303 543 520 733 808 911 606 755 691 732 626 483 885 849 967 979 1264 1066 901 1025 1142 1015 1003 1020 1012 1450 1429 1609
1050 723 614 663 538 461 417 426 583 598 724 526 460 496 586 612 553 737 833 753 762 785 739 694 718 699 773 717 722 659 677 607 563 631 660 646 562 547 375 413 510 413 243 400 498 580 662 823 544 619 721 644 515 408 748 692 774 741 948 798 726 714 870 777 747 803 767 1107 1018 1173
1301 925 794 596 587 726 638 605 561 536 747 567 468 713 639 787 806 977 903 961 1115 1115 1107 1017 989 926 979 855 839 760 752 629 583 561 556 488 388 362 256 407 392 388 354 435 806 623 853 864 841 750 880 912 671 580 549 604 601 751 1017 953 840 899 698 805 773 851 1085 1093 1138 1272
1606 1178 1003 774 803 848 695 815 854 846 995 784 648 968 873 1019 997 1155 1050 1055 1234 1221 1121 963 875 851 890 827 848 816 777 646 578 535 576 509 489 540 305 389 410 391 388 333 578 543 652 935 1025 818 781 857 623 584 534 504 548 676 823 748 703 831 742 748 624 751 908 1036 1083 1195
1682 1270 1078 880 834 812 637 840 914 945 1021 833 721 1035 943 1094 1050 1242 1160 1150 1314 1287 1132 914 796 770 809 782 825 815 785 657 578 549 595 557 533 607 368 346 434 365 374 296 439 495 528 909 989 821 732 741 580 574 625 553 642 684 843 744 734 863 938 809 697 813 882 1138 1178 1284
1426 1040 851 772 651 573 477 629 729 762 849 698 533 665 604 755 769 1006 950 908 998 974 888 752 670 641 689 672 711 668 654 544 469 462 517 483 454 541 319 242 373 297 248 242 298 441 488 765 705 706 616 615 489 387 572 507 591 642 821 702 637 760 858 741 661 712 788 1104 1119 1218
1366 1011 799 847 687 598 589 623 769 785 910 715 484 513 480 589 675 893 872 856 956 971 960 896 863 841 916 889 915 836 832 717 633 634 684 616 592 679 443 345 450 320 217 280 343 575 637 937 684 810 772 720 605 328 621 548 574 634 804 700 575 693 775 644 634 629 722 1008 1049 1124
1203 940 696 771 545 456 445 525 662 705 774 646 456 511 439 548 648 878 829 821 917 928 905 799 738 693 757 751 791 728 746 641 562 574 618 595 564 681 458 270 510 394 265 291 281 486 523 809 571 694 615 541 499 277 614 517 594 648 844 691 556 692 863 683 692 648 735 1061 1104 1208
1142 920 657 754 515 383 385 508 662 719 752 639 476 574 517 609 698 932 876 834 887 886 848 745 680 634 681 696 748 696 721 633 557 595 648 654 628 737 504 312 619 511 298 318 264 479 487 799 576 656 545 484 474 298 668 567 672 719 896 701 581 732 936 753 741 717 750 1154 1162 1300
1013 818 624 739 472 388 345 427 578 657 690 641 520 484 424 536 587 807 771 688 746 804 807 711 639 551 591 580 616 559 599 523 461 497 519 522 520 635 420 221 534 433 303 296 267 401 438 649 413 574 549 402 423 244 637 516 617 669 844 661 554 616 869 713 734 667 734 1089 1045 1177
987 761 607 713 479 440 316 401 535 607 646 632 546 434 352 465 491 627 589 515 634 739 743 622 548 454 506 474 493 447 483 408 363 371 375 373 393 537 321 127 377 336 357 333 282 342 401 514 298 489 495 353 338 204 565 372 506 587 752 598 470 480 789 618 655 562 667 943 872 1010
883 631 457 555 355 316 214 338 407 447 471 445 378 461 338 439 501 585 507 489 628 701 682 543 487 418 485 460 484 447 489 408 377 377 383 400 391 524 331 163 368 391 341 425 375 338 432 468 285 396 367 332 270 218 519 320 490 596 826 659 470 509 764 577 648 580 680 917 854 1082
936 666 452 516 380 332 236 407 436 457 478 440 369 595 440 552 645 675 523 513 662 718 697 569 512 450 497 474 504 471 501 420 392 386 398 414 425 543 337 241 409 496 385 484 459 373 484 505 408 403 327 406 293 289 494 295 472 661 861 687 475 566 713 588 635 620 736 944 872 1154
897 559 430 481 388 321 234 439 487 467 524 454 334 621 479 598 637 721 608 520 601 633 594 498 451 424 479 462 495 470 489 414 408 390 432 456 483 616 345 296 443 560 390 557 547 418 557 528 476 424 306 474 314 375 548 367 569 748 965 763 561 628 742 669 667 683 784 1013 902 1235
1054 750 523 509 462 398 324 580 585 561 609 529 408 848 669 796 886 948 740 695 799 790 734 624 558 530 553 546 590 571 576 495 478 463 513 546 570 687 418 412 593 754 522 637 645 511 641 660 711 517 326 594 411 509 582 423 629 887 1071 852 639 810 814 796 748 813 942 1162 1092 1441
1053 666 621 631 546 440 319 657 655 645 659 666 556 957 763 978 967 1094 926 706 698 713 668 581 495 442 452 446 500 490 511 458 478 454 499 552 638 775 476 470 626 818 582 783 788 521 696 532 665 538 363 613 455 669 761 596 843 1071 1295 1054 881 914 981 1000 965 1033 1125 1404 1177 1616
1342 864 821 776 664 504 375 774 695 720 681 704 638 1120 931 1220 1209 1362 1174 965 923 892 819 705 612 539 534 528 597 581 603 547 552 543 572 618 665 725 530 555 600 763 518 799 847 575 754 556 755 645 498 720 562 817 887 777 1003 1183 1471 1270 1128 1149 1171 1164 1163 1295 1325 1667 1408 1861
1424 921 803 740 681 516 399 764 705 708 686 615 554 1092 942 1157 1167 1258 1092 985 1010 958 841 700 638 613 639 637 701 689 696 619 604 598 638 667 666 703 520 569 544 679 450 737 775 595 736 675 810 652 504 746 536 753 817 694 906 1048 1325 1155 1001 1075 1096 1013 1006 1168 1159 1487 1304 1716
903 624 473 551 368 246 244 482 546 564 529 464 358 851 679 794 840 1015 902 807 835 825 755 619 546 515 575 611 690 678 730 653 629 638 693 746 760 892 620 464 747 762 370 551 540 417 507 658 610 489 330 412 371 433 653 544 721 801 1066 823 663 761 905 747 783 811 821 1155 1064 1431
998 652 622 702 534 426 390 561 690 719 716 640 501 845 703 841 806 1009 962 763 776 832 802 705 626 584 650 666 736 716 760 684 658 648 698 699 784 932 598 465 681 628 303 436 503 380 482 689 629 570 498 467 433 410 630 534 638 685 884 694 606 600 748 634 658 684 701 1004 857 1166
1037 671 625 583 539 468 349 673 696 670 710 680 560 1024 836 1020 978 1136 980 764 760 758 688 588 493 459 473 471 527 529 541 482 501 472 536 592 672 820 482 492 702 884 618 758 798 519 683 605 777 552 356 625 459 690 728 594 835 1051 1257 1001 859 919 956 1004 913 999 1100 1361 1174 1594
