326 258 154 267 264 165 275 573 443 167 90 207 339 214 343 146 214 478 451 421 219 177 215 204 314 432 452 576 693 701 493 398 481 348 392 495 488 337 254 234 243 243 282 458 165 231 383 487 567 369 351 389 592 606 635 560 465 582 316 777 754 661 560 910 726 670 598 427 457 218
366 373 195 232 299 150 339 849 349 168 334 136 219 319 349 172 342 608 602 559 354 289 269 165 170 203 212 309 360 440 362 369 372 248 136 301 319 229 156 266 254 301 84 222 164 247 391 420 446 393 321 450 518 793 845 735 484 586 454 1002 788 711 538 649 702 675 407 268 258 174
445 405 284 393 336 150 361 869 376 200 320 128 290 311 395 221 389 660 573 573 342 291 240 170 216 259 261 357 506 597 496 502 485 378 212 408 355 215 179 337 335 349 116 232 161 223 431 492 564 452 328 453 507 742 816 753 537 594 469 1047 755 720 559 686 784 772 474 325 315 184
404 491 163 338 424 203 376 844 568 312 276 242 462 378 496 250 389 730 619 545 324 287 319 257 351 428 371 407 519 531 358 308 417 284 237 433 430 315 259 355 349 358 288 477 281 342 460 559 658 515 369 434 708 745 775 689 573 587 390 984 913 881 675 1044 868 852 677 489 485 238
444 435 382 553 457 328 427 1068 765 444 476 194 510 417 472 164 412 801 743 533 328 368 390 325 442 491 411 389 505 505 400 418 333 241 334 368 429 445 293 303 303 339 279 608 274 327 386 467 587 469 312 559 603 969 772 593 529 479 386 1037 652 832 569 683 757 644 422 491 428 338
472 508 278 294 436 323 386 965 419 312 600 255 250 459 399 282 464 750 779 668 503 433 476 289 219 232 250 323 245 361 294 412 268 201 138 231 397 374 233 390 382 439 148 269 320 400 441 392 441 540 398 527 629 997 916 743 454 569 518 973 797 830 694 698 643 812 384 262 292 233
463 340 390 334 344 278 493 1090 519 254 485 171 257 428 401 158 381 620 727 581 418 391 342 228 262 267 294 359 379 459 456 469 382 265 251 320 347 377 241 231 210 285 109 349 189 296 411 420 388 350 411 640 495 1058 1018 823 569 714 606 1179 780 735 543 436 734 560 317 328 280 361
198 248 300 397 189 123 131 485 298 162 240 134 293 135 201 170 442 717 509 611 337 301 321 310 299 403 443 614 743 760 590 579 523 405 366 528 587 355 287 410 424 454 273 340 132 138 249 328 459 346 131 253 354 463 426 426 318 351 208 604 433 528 381 655 430 533 314 269 256 17
386 439 611 456 246 241 279 707 222 207 609 237 207 277 210 296 598 775 559 592 419 387 347 254 164 165 245 383 440 541 487 555 339 327 198 333 377 264 290 671 657 723 260 182 304 351 406 373 416 528 328 505 462 803 785 666 414 603 465 743 533 526 427 459 396 629 219 191 124 158
432 518 962 750 389 495 604 834 600 361 599 556 596 550 454 680 946 929 498 650 538 567 481 478 522 574 724 800 873 839 763 748 598 539 569 782 711 545 654 1004 893 919 739 593 443 443 415 542 501 488 515 514 658 819 942 861 724 1185 843 1001 1023 887 846 1129 838 999 823 698 605 442
245 400 519 511 280 194 423 900 573 299 440 211 525 418 389 368 811 1087 739 772 503 549 467 431 481 522 537 557 672 652 598 539 501 359 290 600 521 447 500 591 547 585 450 515 236 272 271 402 449 356 256 418 479 788 786 753 622 717 532 1009 782 810 516 770 681 628 472 496 377 216
449 420 220 356 399 213 359 992 527 339 468 129 341 392 430 148 420 836 880 727 474 442 462 343 364 397 348 406 473 562 476 480 427 311 242 376 441 436 289 223 254 306 159 404 232 314 416 418 529 470 319 541 528 929 794 675 487 400 377 1000 633 740 491 523 640 575 297 295 292 246
551 628 488 285 460 308 556 1087 364 284 660 383 261 491 508 323 596 721 712 745 581 439 397 259 147 132 180 341 322 417 417 445 525 371 151 386 457 301 230 625 581 711 144 242 406 501 678 642 527 602 536 707 608 1025 1214 1064 719 890 737 1274 1039 870 670 688 805 806 450 326 237 314
393 291 225 104 230 149 302 518 229 95 214 306 202 226 327 186 344 507 541 595 403 274 314 251 234 324 434 666 681 759 591 475 595 446 363 559 591 399 324 393 409 462 269 339 253 352 526 526 507 438 488 503 547 680 809 745 528 720 439 762 815 600 540 785 591 620 487 293 329 221
831 639 372 372 609 308 626 1249 472 443 718 338 359 755 739 486 798 1116 1282 1201 973 829 832 625 601 581 614 719 733 980 938 847 833 713 394 809 785 782 662 422 430 509 353 360 416 512 638 493 544 598 621 656 536 1033 1068 1019 704 674 749 1243 939 872 749 606 799 841 526 287 417 507
771 472 235 360 490 289 399 874 386 363 532 258 287 511 529 352 491 893 1084 929 708 614 686 504 516 555 602 727 755 1011 848 812 646 623 453 638 667 688 552 280 359 354 326 356 353 460 579 445 627 648 593 613 632 958 819 749 494 471 490 841 665 680 675 609 615 807 453 231 436 404
367 197 265 407 290 425 388 643 628 296 245 277 417 366 321 276 254 622 839 716 483 516 538 527 605 739 812 980 1011 1033 870 800 659 546 778 625 664 690 555 68 122 108 478 682 214 328 383 473 594 376 505 651 792 945 758 660 481 683 477 829 740 642 585 744 714 511 558 543 631 456
501 325 102 356 395 268 332 812 470 303 343 150 321 433 427 289 387 818 979 876 604 560 606 482 515 600 624 743 777 928 773 769 621 526 484 584 637 624 459 88 146 129 272 404 179 262 364 356 543 435 388 458 588 833 678 641 416 412 416 873 660 716 635 677 675 706 470 314 480 287
514 358 227 308 440 372 471 847 420 281 379 330 275 571 522 432 487 704 975 1044 822 678 703 610 575 661 765 1005 988 1113 1010 936 934 743 680 856 924 778 578 169 156 223 369 398 216 275 412 386 420 314 456 438 509 708 779 774 484 659 637 1032 896 740 735 763 785 716 633 356 532 409
497 520 313 465 471 399 370 943 442 431 679 240 302 597 442 434 605 1028 1217 1161 892 823 847 715 607 631 638 806 817 970 917 926 729 635 540 647 758 748 602 234 259 344 386 363 315 367 379 288 453 479 343 505 563 851 696 653 348 340 477 900 599 632 524 451 529 567 339 229 353 356
680 452 365 381 548 469 506 1017 560 476 678 390 342 664 586 385 607 936 1269 1141 940 822 921 760 708 753 820 999 925 1095 1006 941 823 701 692 819 984 1001 725 254 283 385 461 570 399 478 510 368 449 478 550 639 537 998 828 723 483 509 581 942 695 723 669 519 576 579 402 305 469 536
572 348 199 353 376 335 348 695 374 277 354 237 237 470 409 365 299 649 933 839 639 571 604 518 549 620 681 865 932 1106 953 863 719 663 636 676 665 658 552 77 119 128 396 362 234 324 422 361 523 435 497 508 653 753 677 622 363 500 463 776 679 522 586 616 643 648 551 283 494 440
592 246 461 687 441 526 482 777 724 451 376 343 543 459 481 378 460 846 1086 1046 742 744 768 778 853 1010 1105 1343 1455 1531 1348 1273 1083 951 1106 1017 1056 993 774 173 261 246 588 808 269 343 496 560 745 468 558 724 669 943 714 708 572 623 550 929 606 677 636 655 755 561 554 596 733 551
413 162 315 478 216 282 277 500 427 237 244 187 379 220 256 255 401 821 918 924 573 583 575 572 593 737 845 1100 1219 1320 1131 1061 879 773 802 781 769 690 602 197 317 278 430 563 177 283 447 509 704 476 466 653 625 846 662 692 494 539 395 716 490 504 424 530 536 447 357 407 501 298
508 297 295 548 351 364 326 499 680 434 265 330 639 301 410 311 464 1022 1082 967 599 649 723 739 841 1019 1058 1248 1392 1448 1159 1000 902 811 934 909 896 879 800 286 444 374 701 908 379 497 590 674 955 680 611 771 896 949 652 669 605 526 315 635 576 641 515 838 613 530 551 617 721 437
577 255 303 321 335 353 423 574 492 328 379 403 473 409 438 398 665 1066 1212 1182 847 801 876 774 759 904 1077 1326 1267 1421 1203 1080 965 837 840 970 1028 1007 875 380 513 478 618 743 383 532 613 592 730 615 729 786 755 1076 884 906 681 754 570 743 755 733 670 787 560 607 492 480 641 429
533 234 490 402 253 423 377 447 448 321 445 433 417 391 316 423 612 965 1123 1059 795 793 846 794 780 902 1091 1354 1332 1465 1272 1109 893 838 937 943 963 1003 944 408 521 513 755 739 416 556 553 503 642 574 723 807 770 1025 795 763 552 752 532 550 607 489 515 606 394 432 425 441 581 523
862 487 887 580 425 520 497 556 499 529 763 679 524 519 515 506 853 1134 1250 1142 953 900 999 960 950 1022 1197 1476 1541 1715 1508 1207 1066 1072 1083 1215 1198 1223 1194 809 919 993 1031 904 739 860 852 667 786 835 939 1018 763 1073 863 784 677 787 562 474 519 387 454 497 275 403 410 445 545 772
655 321 682 676 384 594 356 301 605 491 459 614 590 390 395 497 569 895 998 933 725 733 871 910 971 1147 1311 1591 1680 1756 1440 1233 1011 1015 1262 1159 1208 1159 1070 570 685 666 1037 988 573 645 635 601 833 706 768 784 869 844 552 513 490 666 402 315 479 434 581 839 401 539 624 600 774 656
1122 684 1194 1138 712 936 617 560 808 877 960 941 838 801 708 926 1022 1358 1498 1402 1233 1238 1387 1422 1476 1604 1782 2076 2237 2411 2102 1813 1439 1550 1730 1686 1669 1686 1649 949 1066 1075 1557 1244 958 996 903 728 1049 1031 1079 1041 1039 1017 648 628 629 776 649 358 489 446 736 841 439 718 820 740 1002 1095
1338 857 1433 1407 946 1212 701 613 897 1047 1157 1178 925 879 827 1077 1062 1277 1407 1394 1290 1239 1457 1492 1494 1653 1867 2228 2361 2537 2173 2027 1564 1716 1956 1784 1930 1792 1639 1216 1321 1331 1633 1319 1138 1113 1079 884 1218 1249 1184 1098 1137 1037 663 617 648 845 748 384 522 603 1023 1099 563 1068 992 855 1159 1171
849 493 897 893 514 688 400 428 576 608 658 664 551 561 500 639 622 895 1053 982 854 832 955 1013 1086 1203 1330 1609 1815 1949 1668 1412 1130 1209 1378 1311 1290 1236 1180 627 695 728 1158 888 651 664 641 509 782 722 749 714 774 668 422 373 368 540 417 288 353 258 534 667 373 564 671 509 737 824
657 448 623 577 384 296 260 563 266 361 557 355 268 489 433 466 641 839 827 816 704 611 687 645 689 716 789 955 1148 1329 1148 935 769 806 696 979 916 816 793 541 524 604 713 379 386 362 354 187 376 436 382 279 315 362 312 281 215 314 309 370 318 250 413 481 277 565 461 154 337 462
361 182 515 494 233 301 314 552 427 200 248 275 305 386 311 372 440 539 479 485 395 390 401 409 547 629 742 847 970 1006 851 712 558 517 646 769 704 620 575 342 273 298 580 458 153 148 133 168 246 147 294 207 360 428 419 340 284 620 427 580 571 448 555 735 542 604 615 379 482 393
164 279 658 431 193 291 287 569 525 293 429 369 410 348 267 263 621 744 538 515 409 423 463 499 555 612 665 755 837 745 639 439 432 331 529 687 716 644 616 583 498 637 696 665 321 315 175 213 211 193 223 314 359 516 454 312 332 572 307 505 506 434 319 626 310 272 384 403 305 355
201 242 551 415 103 153 243 518 296 131 305 194 263 276 191 295 528 676 472 519 364 377 316 343 402 440 513 630 799 806 720 553 477 412 413 615 489 399 491 460 398 470 506 347 164 184 167 214 254 195 216 280 346 451 502 439 326 595 365 591 520 339 282 517 397 380 393 286 242 260
389 298 481 519 233 155 173 557 275 191 322 143 226 247 255 242 398 586 405 402 271 249 257 244 336 379 409 498 717 799 642 566 409 416 369 547 483 347 344 422 387 420 371 245 159 140 201 195 344 306 172 184 283 364 342 269 212 341 232 510 343 349 374 533 405 590 390 194 241 204
311 200 642 705 198 302 280 625 418 213 329 152 313 278 208 319 440 613 470 528 349 395 316 366 455 526 604 740 966 992 893 862 598 563 635 655 572 447 439 363 325 345 432 370 89 76 150 241 365 216 185 311 331 507 449 400 297 533 407 706 390 391 391 469 530 510 407 360 364 288
352 228 526 597 207 248 147 456 205 213 406 166 214 273 195 358 567 804 732 874 624 580 576 573 532 612 724 972 1139 1258 1119 1071 804 760 694 834 843 650 590 393 405 450 467 281 140 115 184 154 344 288 163 231 221 369 279 327 173 277 287 464 211 272 317 353 264 438 258 154 265 187
204 117 365 378 107 177 234 518 265 86 217 117 207 235 170 261 439 652 625 739 485 465 405 405 404 493 614 829 934 989 895 824 690 561 552 668 630 489 450 233 228 262 332 303 35 77 172 237 306 164 214 317 323 531 536 546 333 550 413 714 512 418 361 466 470 401 336 265 303 180
198 146 307 277 79 137 174 445 163 43 223 110 122 197 122 225 366 577 567 651 427 389 348 326 299 370 483 700 784 859 760 691 565 467 431 540 515 389 376 235 233 276 285 207 60 115 195 219 285 205 224 311 358 515 535 514 274 509 357 619 498 351 321 441 393 394 296 178 222 146
204 512 932 636 263 418 342 650 452 348 655 458 387 412 256 421 690 721 431 510 444 447 409 482 450 456 494 629 783 679 647 517 463 405 516 618 620 463 543 817 685 872 713 507 430 390 277 308 275 327 227 384 450 493 559 402 336 674 426 623 564 386 302 585 373 378 427 403 229 392
184 419 955 597 293 535 442 683 595 368 615 574 444 472 309 432 688 625 422 506 480 472 472 548 534 578 673 825 874 716 678 545 525 409 679 721 808 646 616 789 632 832 784 691 436 397 257 319 204 223 294 409 458 568 627 434 399 850 539 697 706 520 461 742 466 394 534 537 374 486
429 545 672 509 495 685 470 812 681 460 667 601 399 480 380 336 304 384 455 317 332 300 403 366 342 400 442 565 492 417 309 370 254 214 558 309 573 508 328 578 500 628 520 656 537 573 511 520 480 544 517 661 856 966 867 540 416 808 536 805 848 744 742 926 671 727 608 552 494 529
451 687 798 566 558 799 674 974 825 521 774 741 582 520 448 442 467 554 530 448 391 391 419 381 299 368 435 581 453 327 262 400 335 236 553 257 519 433 322 813 760 863 526 794 677 778 779 887 762 790 748 1021 1187 1381 1347 1019 787 1238 824 1187 1230 1066 916 1170 958 911 731 811 626 571
555 696 747 450 591 711 733 1110 771 478 772 719 515 541 535 377 477 510 517 426 390 331 361 272 199 241 314 444 294 219 174 300 321 197 401 235 485 386 236 816 753 873 380 698 659 775 846 910 721 781 790 1029 1076 1419 1468 1126 871 1286 887 1327 1309 1135 965 1131 1016 972 707 740 556 560
469 732 513 289 549 574 574 924 650 454 699 662 478 548 513 403 499 645 630 518 456 380 466 356 276 314 337 442 300 250 153 183 270 161 297 269 490 420 333 742 688 807 478 640 665 770 743 756 656 759 693 820 1070 1180 1219 936 706 1028 678 1046 1234 1019 865 1191 843 912 723 613 509 476
480 641 578 345 473 511 558 977 600 372 660 528 380 484 436 319 385 491 454 294 276 241 267 163 145 151 172 223 148 123 66 126 112 60 187 119 259 241 190 660 590 690 338 493 541 645 648 666 562 662 626 785 946 1171 1207 879 650 1018 678 1075 1114 906 783 980 833 874 627 536 410 463
375 641 769 470 365 503 514 913 561 411 830 493 432 547 330 474 714 905 732 593 510 557 521 427 357 328 371 409 353 345 348 360 181 175 263 266 323 413 505 789 728 835 582 526 571 670 511 504 463 635 564 783 899 1187 1115 852 594 961 681 910 929 739 580 734 571 650 459 485 334 474
580 802 975 521 569 687 731 1159 698 525 1002 735 493 689 530 529 759 758 624 491 524 498 500 380 303 259 327 369 241 209 230 283 198 169 295 289 443 460 451 1018 901 1063 588 621 747 834 724 690 510 746 745 926 958 1343 1379 1015 773 1239 900 1159 1191 971 848 949 789 893 631 615 424 637
581 734 705 498 529 559 605 1022 655 481 827 575 518 632 494 548 715 897 705 518 473 498 519 362 353 340 384 357 263 301 233 307 120 149 219 258 342 426 470 860 806 846 567 564 647 747 625 613 603 787 704 793 1029 1285 1213 931 699 1059 765 1001 1117 991 897 1083 790 1044 696 586 515 516
550 827 613 570 729 635 785 1457 1082 709 874 583 773 877 759 544 819 1114 983 694 611 659 699 551 627 615 528 378 291 224 201 221 203 105 273 382 499 646 562 694 594 686 630 873 655 728 550 613 590 659 603 759 1017 1364 1237 937 814 986 795 1360 1293 1297 993 1220 1054 1003 827 798 678 643
707 1026 669 738 895 884 827 1355 1210 849 906 792 898 888 814 655 597 912 840 497 476 538 632 530 627 659 542 424 369 268 142 223 177 158 464 297 463 575 508 785 714 755 764 1014 866 948 807 903 951 982 826 961 1483 1475 1322 958 856 1110 808 1317 1456 1383 1204 1607 1270 1308 1137 1012 927 795
762 1090 812 840 909 956 799 1286 1112 841 975 840 817 872 767 706 520 743 667 362 411 458 543 464 537 553 450 368 355 268 144 262 146 192 496 248 414 474 441 872 777 832 772 892 903 956 832 895 945 1026 828 939 1491 1374 1271 877 759 1111 810 1231 1391 1257 1196 1570 1237 1374 1162 960 884 822
657 913 734 618 717 771 696 1199 856 634 909 685 576 706 596 520 451 625 593 325 356 367 416 303 308 296 247 221 162 124 60 189 69 92 302 102 273 330 287 777 695 781 522 655 751 837 765 780 753 890 746 919 1252 1360 1298 904 697 1061 771 1186 1241 1080 988 1202 1023 1132 846 720 611 663
750 929 699 487 771 787 798 1324 845 640 993 751 552 797 685 546 566 712 772 507 530 485 554 366 316 294 294 293 112 126 90 228 146 125 275 157 387 462 352 809 735 839 480 662 801 923 863 823 724 924 872 1022 1245 1541 1502 1104 820 1192 921 1328 1392 1219 1107 1213 1057 1183 828 700 617 700
646 840 739 487 666 719 707 1219 688 521 921 671 414 681 566 476 478 529 566 402 438 371 401 256 177 150 171 228 99 100 93 243 161 129 249 123 341 320 219 779 678 812 366 490 679 768 762 732 598 786 725 893 1050 1328 1375 997 701 1121 862 1269 1251 1048 969 1038 966 1069 719 585 473 596
621 801 825 539 624 741 696 1135 661 487 894 693 410 623 511 486 466 463 455 341 385 328 340 227 146 133 187 274 162 144 130 294 182 160 309 138 348 286 206 841 737 861 387 489 669 750 762 758 612 783 731 902 1049 1299 1366 993 703 1190 880 1233 1230 1010 963 1051 958 1075 729 613 483 585
637 740 728 513 571 613 640 1145 555 413 834 542 334 566 475 432 449 504 484 373 369 314 294 154 83 58 106 181 110 157 150 334 176 167 200 99 251 202 140 744 666 758 244 336 556 645 713 696 595 753 668 846 935 1267 1328 1001 675 1081 840 1246 1126 958 897 900 925 1066 624 499 398 488
628 716 558 451 538 473 522 1046 472 373 723 433 301 481 458 354 383 531 492 369 318 252 256 113 67 51 58 124 113 193 136 283 167 166 120 93 210 145 97 653 608 675 184 269 499 585 687 658 635 762 590 743 876 1124 1170 892 601 870 670 1120 1001 880 804 867 852 1034 576 406 344 385
457 552 489 330 402 353 399 844 406 268 537 382 240 357 368 223 298 391 334 248 211 133 164 77 63 72 85 173 190 210 125 170 163 118 138 160 271 155 87 570 503 605 209 293 397 455 535 525 473 551 443 556 676 850 930 670 475 748 497 912 858 711 637 803 692 803 508 343 265 312
428 520 489 345 424 392 430 823 544 310 465 446 353 344 410 197 284 374 298 203 163 99 161 107 139 187 195 275 288 245 119 133 197 115 237 230 367 230 123 585 519 614 291 480 425 479 555 600 537 545 470 580 730 863 923 655 540 806 482 919 918 799 693 967 763 807 599 480 379 348
424 516 481 339 380 390 442 730 592 310 396 470 429 306 390 203 243 397 313 169 108 92 136 118 194 258 260 335 385 322 165 115 204 138 297 238 296 216 192 581 548 608 394 591 471 569 639 720 681 631 587 718 920 960 999 731 627 909 481 887 983 776 657 1038 802 771 668 580 461 415
435 606 629 482 508 565 576 859 829 457 480 635 616 413 510 289 341 448 331 209 163 157 219 238 325 414 406 475 506 353 194 155 300 186 465 354 476 351 273 713 650 734 541 833 584 656 702 845 765 671 638 793 1026 1040 1079 787 746 1058 583 1035 1141 970 807 1269 967 861 831 800 627 526
604 596 725 621 484 552 613 821 825 447 427 599 652 355 507 301 262 423 309 133 71 119 119 177 350 441 440 507 670 575 384 306 374 336 566 394 351 281 310 707 697 708 574 836 591 705 843 1001 986 814 802 985 1160 1154 1177 897 853 1161 628 1057 1102 870 764 1191 1051 904 875 855 697 633
706 648 955 801 572 674 692 948 941 556 572 681 707 470 577 374 341 426 288 67 89 156 166 232 451 516 514 530 715 611 440 360 346 360 663 468 428 393 401 813 759 794 701 916 660 732 808 936 916 792 809 968 1099 1151 1133 794 823 1182 680 1050 1043 858 816 1162 1047 941 916 897 736 773
637 675 883 717 589 687 631 865 936 582 587 737 708 504 579 398 373 453 305 81 131 174 253 301 492 565 554 561 680 552 352 257 279 287 641 477 518 475 450 838 765 826 787 957 709 757 740 840 826 761 754 841 1093 1040 1000 654 720 1082 590 888 1038 866 843 1283 948 939 947 870 740 743
469 498 714 474 402 584 542 737 603 308 454 592 382 367 372 310 180 155 165 89 120 93 101 129 191 257 333 478 517 433 315 299 307 257 523 308 380 255 210 617 534 619 459 581 481 557 643 731 614 563 656 767 936 952 1065 754 610 1127 661 960 1054 724 749 1034 893 818 778 649 537 564
689 592 612 516 516 651 640 863 688 388 499 594 457 458 472 396 145 271 380 180 175 182 186 149 246 313 375 476 498 507 357 398 300 312 532 246 275 274 252 539 526 518 439 608 552 696 821 894 866 803 885 994 1238 1277 1297 978 753 1225 781 1108 1210 887 935 1157 1089 1065 903 732 706 668
567 641 714 655 506 611 641 822 897 488 430 636 725 393 517 367 275 475 355 179 98 171 162 236 407 509 495 558 716 590 396 323 392 346 617 397 350 294 352 706 699 697 645 907 626 747 858 1054 1055 853 831 1027 1299 1204 1218 946 888 1220 661 1099 1199 935 809 1312 1129 944 968 949 783 664
